29	2	0	0	0	0	0	0	0	0	2	1	1	0	1	2	2	2	1	0	0	0	0	0	1	0	0	1	1	2	1	0	1	1	1	0	1	1	2	1	0	0	1	2	1	1	2	2	1	1	1	0	1	1
30	1	0	0	0	0	0	1	0	1	1	1	1	1	1	1	2	1	1	1	0	1	1	1	1	0	0	1	1	1	1	0	1	1	1	0	1	1	1	1	1	1	1	1	1	1	1	1	0	0	0	0	0	0
31	1	0	1	0	0	0	1	0	1	2	1	1	0	1	1	1	1	1	1	1	1	1	1	1	1	1	1	1	1	1	0	1	1	1	0	2	1	2	2	1	1	2	2	2	2	2	2	1	1	1	0	1	1
32	2	0	0	0	0	0	2	0	2	1	0	2	0	0	0	1	0	0	2	1	2	2	2	2	1	1	0	2	2	2	0	2	2	2	0	2	1	2	2	1	1	2	2	2	2	2	2	1	1	0	0	1	1
33	2	0	0	0	0	0	1	0	1	2	0	2	0	1	1	1	1	0	1	1	1	0	0	2	0	0	0	1	2	1	0	1	1	1	1	1	1	2	1	1	1	1	2	1	1	2	2	2	2	2	0	2	2
34	1	0	0	0	0	0	0	0	0	2	1	1	0	0	2	2	2	1	0	0	0	0	0	1	0	0	1	1	1	1	0	1	1	1	1	0	1	1	1	0	0	1	1	1	1	1	1	0	0	0	0	0	0
35	2	0	1	1	1	1	2	1	2	0	0	2	1	1	0	1	0	0	2	1	2	2	2	2	1	1	0	2	2	2	0	2	2	2	1	2	2	2	1	1	2	2	2	2	2	2	2	1	1	1	1	1	1
36	2	0	0	0	0	0	1	0	1	1	1	1	0	2	1	2	1	1	1	0	1	1	1	1	0	0	1	1	2	1	0	1	1	1	0	1	1	2	2	1	1	1	2	1	1	2	2	1	1	1	0	1	1
37	2	0	0	0	0	0	2	0	2	0	0	2	1	0	0	2	0	0	2	0	2	2	2	2	0	1	0	2	2	2	0	2	2	2	0	2	2	2	2	2	2	2	2	2	2	2	2	0	0	0	0	0	0
38	2	0	0	0	0	0	1	0	1	1	0	2	0	0	1	2	1	0	1	0	1	1	1	2	0	0	0	2	2	2	0	2	2	2	2	2	2	2	2	1	1	2	2	1	1	2	2	1	1	1	0	1	1
39	2	1	1	1	1	1	1	1	1	2	1	1	1	1	1	1	1	0	1	1	1	1	2	2	2	0	0	2	2	2	1	2	2	2	1	2	2	2	2	1	1	2	2	2	2	2	2	1	1	1	0	1	1
40	1	0	0	0	0	0	0	0	0	2	1	1	0	0	2	2	2	1	0	0	0	0	0	2	0	0	0	1	2	1	0	1	1	1	1	1	1	2	1	0	0	2	2	2	2	2	2	0	0	0	0	0	0
296	2	0	1	0	0	0	2	0	2	1	0	2	0	1	0	1	0	0	2	1	2	2	2	2	1	2	0	2	2	2	0	2	1	1	0	2	2	2	2	1	1	2	2	2	2	2	2	1	1	1	0	1	1
297	2	1	1	1	1	1	2	1	2	1	0	2	1	1	0	1	0	0	2	1	2	2	2	2	1	0	0	2	2	2	1	2	2	2	1	2	2	2	2	1	1	2	2	2	2	2	2	0	0	0	0	0	0
298	2	1	1	1	1	1	2	1	2	0	0	2	1	1	0	1	0	0	2	1	2	2	2	2	1	1	0	2	2	2	1	2	2	2	1	2	2	2	2	1	1	2	2	1	1	2	2	2	2	2	1	2	2
299	2	0	1	1	1	1	2	1	2	0	0	2	1	1	0	1	0	0	2	1	2	2	2	2	1	1	0	2	2	2	0	2	2	2	2	2	1	2	1	0	1	2	2	2	2	2	2	1	1	1	1	1	1
300	1	0	0	0	0	0	1	0	1	1	1	1	0	0	1	2	1	1	1	0	1	1	1	1	0	0	1	1	1	1	0	1	1	1	0	1	1	1	1	0	0	1	1	1	1	1	1	0	0	0	0	0	0
301	1	1	1	1	1	1	2	1	2	0	0	2	1	1	0	1	0	0	2	1	2	2	2	2	1	2	0	2	2	2	1	2	2	2	1	2	2	2	2	0	0	1	1	1	1	1	1	1	1	1	1	1	1
302	2	0	0	0	0	0	2	0	2	0	0	2	1	1	0	2	0	0	2	0	2	2	2	2	0	0	0	2	2	2	0	2	2	2	0	2	2	2	2	1	2	2	2	1	1	2	2	1	1	1	0	1	1
303	2	0	0	0	0	0	1	0	1	1	0	2	0	0	1	2	1	0	1	0	1	1	1	2	0	0	0	2	2	2	1	2	2	2	2	2	2	2	2	1	1	2	2	1	1	2	2	2	2	2	1	2	2
304	2	0	0	0	0	0	1	0	1	1	0	2	0	0	1	2	1	0	1	0	1	1	1	2	0	0	0	2	2	2	0	2	2	2	0	2	2	2	2	2	1	2	2	1	1	2	2	1	1	1	0	1	1
305	2	0	0	0	0	0	1	0	1	2	0	2	0	1	1	1	1	0	1	1	1	0	0	2	0	0	0	1	2	1	0	1	1	1	1	0	1	2	1	0	0	1	2	2	2	2	2	1	1	1	0	1	1
306	1	0	0	0	0	0	1	0	1	1	1	1	0	0	1	2	1	1	1	0	1	1	1	2	0	0	1	1	1	0	0	1	1	1	0	1	1	2	1	0	0	2	2	2	2	2	2	0	0	0	0	0	0
307	1	0	0	0	0	0	1	0	1	1	1	1	0	1	0	2	1	1	1	0	1	1	1	1	0	0	1	1	2	1	0	1	0	0	0	1	1	2	2	1	1	1	2	1	1	2	2	1	1	1	0	1	1
308	2	1	2	2	2	2	2	2	2	0	0	2	2	2	0	0	0	0	2	2	2	2	2	2	2	2	1	2	2	2	1	2	2	2	2	2	2	2	1	1	1	2	2	2	2	2	2	2	2	2	2	2	2
309	2	1	2	2	2	2	2	2	2	1	0	2	2	2	0	0	0	0	2	2	2	2	2	2	2	2	1	2	2	2	2	2	2	2	2	2	2	2	2	1	1	2	2	2	2	2	2	1	1	1	1	1	1
310	2	0	1	0	0	0	2	0	2	1	0	2	1	1	0	1	0	0	2	1	2	1	1	2	0	1	0	1	2	1	0	1	1	1	0	1	1	2	1	1	0	1	2	2	2	2	2	1	1	1	0	1	1
311	2	0	0	0	0	0	1	0	1	1	1	1	0	1	1	2	1	1	1	0	1	1	1	1	0	0	1	1	2	1	0	1	1	1	0	1	1	2	1	1	1	1	2	1	1	2	2	1	1	1	0	1	1
312	2	1	1	1	1	1	2	1	2	0	0	2	0	1	0	1	0	0	2	1	2	2	2	2	1	1	0	2	2	2	1	2	2	2	1	2	2	2	2	2	2	2	2	2	2	1	1	1	0	0	0	0	0
313	2	2	1	2	2	2	2	2	2	1	0	2	2	2	0	0	0	0	2	2	2	2	2	2	2	1	0	2	2	2	2	2	2	2	2	2	1	2	2	1	1	2	2	2	2	2	2	1	1	1	1	1	1
314	2	0	0	0	0	0	1	0	1	1	1	1	0	0	1	2	1	1	1	0	1	1	1	1	0	0	1	1	1	1	0	1	1	1	0	1	1	2	1	1	1	1	2	1	1	2	2	0	1	1	0	1	1
315	0	1	1	1	1	1	1	1	1	2	1	1	1	0	0	1	1	1	1	1	1	1	1	1	1	1	1	1	2	1	1	1	1	1	1	1	1	2	2	0	0	1	2	1	1	2	2	1	1	1	0	1	1
316	2	1	2	1	1	1	2	1	2	2	0	2	1	1	0	0	0	0	2	2	2	1	1	2	1	0	0	1	2	1	1	1	1	1	1	1	1	2	1	1	1	1	2	2	2	2	2	1	1	1	0	1	1
317	1	1	1	1	1	1	1	1	1	2	1	1	1	1	1	1	1	1	1	1	1	1	1	1	1	0	1	1	1	1	1	0	1	1	1	2	1	2	2	1	1	1	2	2	2	2	2	0	0	0	0	0	0
318	2	0	0	0	0	0	1	0	1	1	0	2	0	1	1	2	1	0	1	0	1	1	1	2	0	0	0	2	2	2	0	2	2	2	0	1	2	2	2	1	2	2	2	2	2	2	2	0	0	0	0	0	0
319	2	0	1	0	0	0	1	0	1	2	1	1	0	1	1	1	1	0	1	1	1	1	2	2	2	1	0	2	2	2	0	2	2	2	0	2	2	2	2	2	2	1	2	2	2	2	2	2	2	2	0	2	2
320	2	0	0	0	0	0	1	0	1	1	0	2	0	1	1	2	1	0	1	0	1	1	1	2	0	1	0	2	2	2	0	2	1	1	1	2	2	2	2	0	0	2	2	1	1	2	2	1	1	1	0	1	1
321	1	0	0	0	0	0	1	0	1	1	1	1	0	1	1	2	1	1	1	0	1	1	1	1	0	1	1	1	2	1	0	1	0	0	0	1	1	2	2	0	0	1	2	1	1	1	2	0	0	0	0	0	0
322	1	2	2	2	2	2	2	2	2	1	0	2	2	1	0	0	0	0	2	2	2	2	2	2	2	1	0	2	1	2	2	2	2	2	2	2	2	2	2	2	2	2	2	2	2	2	2	1	1	1	1	1	1
323	2	0	1	0	0	0	1	0	1	2	0	2	0	1	1	1	1	0	1	1	1	1	1	2	1	2	0	2	2	2	0	2	2	2	1	2	2	2	2	1	1	2	2	2	2	2	2	1	1	1	0	1	1
324	1	0	0	0	0	0	1	0	1	1	1	1	0	0	0	2	1	1	1	0	1	1	1	1	0	0	1	1	2	1	0	1	1	1	0	1	1	2	2	1	1	1	2	0	0	2	2	2	2	2	0	2	2
325	1	0	1	1	1	1	1	1	1	2	1	1	1	1	0	1	1	1	1	1	1	1	1	1	1	1	2	1	2	1	1	1	1	1	0	1	1	2	1	1	1	1	2	1	1	2	2	2	2	2	0	2	2
326	1	0	0	0	0	0	0	0	0	2	2	0	0	0	2	2	2	1	0	0	0	0	0	0	0	1	2	0	1	0	0	0	0	0	0	0	0	1	0	1	0	0	1	0	0	1	1	1	1	1	0	1	1
327	2	0	0	0	0	0	1	0	1	1	1	1	0	1	1	2	1	1	1	0	1	2	2	2	1	0	0	2	2	2	0	2	2	2	0	2	2	2	2	2	2	2	2	2	2	2	2	1	1	1	0	1	1
328	2	0	1	1	1	1	1	1	1	1	0	2	1	1	1	1	1	0	1	1	1	1	1	2	1	1	1	2	2	2	1	2	2	2	2	1	1	2	2	0	0	2	2	2	2	2	2	1	1	1	1	1	1
329	2	0	0	0	0	0	2	0	2	0	0	2	0	1	0	2	0	0	2	0	2	2	2	2	0	0	0	2	2	2	0	2	1	1	1	2	2	2	2	1	1	2	2	2	2	2	2	0	0	0	0	0	0
330	1	1	1	1	1	1	1	1	1	2	1	1	1	1	1	1	1	1	1	1	1	1	1	1	1	0	1	1	1	1	1	1	1	1	1	1	1	2	1	0	0	1	2	1	1	2	2	1	1	1	0	1	1
331	2	1	1	1	1	1	2	1	2	1	0	2	1	1	0	1	0	0	2	1	2	2	2	2	1	0	0	2	2	2	1	2	2	2	1	2	2	2	2	1	2	2	2	2	2	2	2	0	0	0	0	0	0
332	1	1	1	1	1	1	2	1	2	1	0	2	1	2	0	1	0	0	2	1	2	2	2	2	1	1	0	2	2	2	1	2	1	1	1	2	2	2	2	1	1	1	2	2	2	2	2	0	0	0	0	0	0
333	2	0	0	0	0	0	1	0	1	1	0	2	1	0	1	2	1	0	1	0	1	1	1	2	0	1	0	2	2	2	0	2	2	2	1	2	2	2	2	1	2	2	2	2	2	2	2	0	0	0	0	0	0
334	1	0	0	0	0	0	0	0	0	2	1	1	0	0	2	2	2	1	0	0	0	0	0	1	0	0	1	1	1	1	0	1	1	1	1	1	1	1	1	0	0	1	1	0	0	1	1	1	1	1	0	1	1
335	2	0	0	0	0	0	1	0	1	1	1	1	0	1	1	2	1	1	1	0	1	1	1	1	0	0	1	1	2	1	0	1	1	1	0	1	1	2	1	1	1	1	2	1	1	2	2	1	1	1	0	1	1
336	2	2	2	2	2	2	2	2	2	1	0	2	2	2	0	0	0	0	2	2	2	2	2	2	2	1	0	2	2	2	2	2	2	2	2	2	2	2	2	1	1	1	2	2	2	2	2	1	1	1	1	1	1
337	1	0	0	0	0	0	0	0	0	2	2	0	0	0	2	2	2	1	0	0	0	0	0	1	0	0	1	0	1	0	0	0	0	0	0	0	0	1	0	0	0	1	1	1	1	1	1	0	0	0	0	0	0
338	1	0	0	0	0	0	1	0	1	1	1	1	1	1	1	2	1	1	1	0	1	1	1	1	0	1	1	1	1	1	0	1	1	1	0	2	2	2	2	1	1	2	2	2	2	2	2	1	1	1	1	1	1
339	1	0	1	0	0	0	1	0	1	2	1	1	0	1	1	1	1	0	1	1	1	1	1	1	1	1	1	1	0	1	0	1	1	1	0	1	0	1	1	0	0	1	1	0	0	1	2	1	1	1	0	1	1
340	1	1	1	1	1	1	2	1	2	1	0	2	1	1	0	1	0	0	2	1	2	2	2	2	1	0	0	2	2	2	1	2	2	2	1	2	1	2	2	0	0	1	1	1	1	1	1	0	0	0	0	0	0
341	2	0	1	1	1	1	1	1	1	2	0	2	1	1	1	1	1	0	1	1	1	1	1	2	1	0	0	2	2	2	1	2	2	2	2	1	2	2	2	1	1	2	2	2	2	2	2	0	0	0	0	0	0
342	2	0	1	1	1	1	2	1	2	1	0	2	1	1	0	1	0	0	2	1	2	2	2	2	1	0	0	2	2	2	1	2	2	2	1	2	2	2	2	1	2	1	2	2	2	2	2	0	0	0	0	0	0
343	1	0	0	0	0	0	0	0	0	2	1	1	0	0	2	2	2	1	0	0	0	0	0	1	0	0	1	1	1	1	0	1	1	1	1	1	1	1	1	0	0	0	1	0	0	1	1	1	1	1	0	1	1
344	2	0	0	0	0	0	2	0	2	0	0	2	0	2	0	2	0	0	2	0	2	2	2	2	0	0	0	2	2	2	0	2	1	1	1	2	2	2	2	1	1	1	2	2	2	2	2	0	0	0	0	0	0
345	1	0	0	0	0	0	1	0	1	1	1	1	1	1	1	2	1	1	1	0	1	1	1	1	0	0	1	0	1	1	0	1	1	1	0	1	0	1	1	1	1	1	1	1	1	0	0	0	0	0	0	0	0
346	2	0	0	0	0	0	0	0	0	2	0	2	0	0	2	2	2	0	0	0	0	0	0	2	0	0	0	2	2	2	0	2	2	2	1	2	2	2	1	1	1	2	2	1	1	2	2	1	1	1	0	1	1
347	2	0	1	0	0	0	2	0	2	0	0	2	0	1	0	1	1	0	2	1	2	2	2	2	1	0	0	2	1	1	0	2	1	1	0	1	2	2	2	0	0	1	2	2	2	2	2	1	1	1	0	1	1
348	2	0	0	0	0	0	2	0	2	0	0	2	0	0	0	2	0	0	2	0	2	2	2	2	0	0	0	2	2	2	0	2	1	1	1	2	2	2	2	1	1	1	2	2	2	2	2	1	1	1	0	1	1
349	1	0	0	0	0	0	0	0	0	2	1	1	0	0	2	2	2	1	0	0	0	0	0	1	0	0	1	1	1	1	0	1	1	1	1	1	1	2	2	1	1	1	2	0	0	1	2	1	1	1	0	1	1
350	2	1	1	1	1	1	2	1	2	1	0	2	1	1	0	1	0	0	2	1	2	2	2	2	1	0	0	2	2	2	1	2	2	2	1	2	2	2	2	2	2	2	2	2	2	1	1	0	0	0	0	0	0
351	1	0	0	0	0	0	0	0	0	2	2	0	0	0	2	2	2	2	0	0	0	0	0	0	0	0	2	0	0	0	0	0	0	0	0	0	0	2	1	0	0	0	2	0	0	1	2	1	1	1	0	1	1
352	2	0	0	0	0	0	2	0	2	0	0	2	0	1	0	2	0	0	2	0	2	2	2	2	0	0	0	2	2	2	0	2	2	2	0	2	2	2	2	1	1	2	2	2	2	2	2	0	0	0	0	0	0
353	2	0	0	0	0	0	1	0	1	1	1	1	0	0	1	2	1	0	1	0	1	1	1	1	0	1	1	0	0	0	0	0	0	0	0	0	0	1	0	0	0	0	2	1	1	2	2	1	1	1	0	1	1
354	0	0	0	0	0	0	1	0	1	1	1	1	0	0	1	2	1	1	1	0	1	1	1	2	0	0	1	1	2	1	0	1	1	1	0	1	1	2	1	0	0	1	2	1	1	2	2	1	1	1	0	1	1
355	1	1	1	1	1	1	1	1	1	1	1	1	1	1	0	1	1	1	1	1	1	1	1	1	1	1	1	1	2	1	1	1	1	1	1	1	1	2	2	1	1	1	2	1	1	2	2	2	2	2	1	2	2
356	2	0	0	0	0	0	1	0	1	1	0	2	0	1	1	2	1	0	1	0	1	1	1	2	0	1	0	2	2	2	1	2	2	2	2	2	2	2	2	1	1	1	2	2	2	2	2	1	1	1	0	1	1
357	1	0	0	0	0	0	1	0	1	1	1	1	0	1	1	2	1	0	1	0	1	1	1	1	0	0	1	1	2	1	0	1	1	1	0	2	2	2	2	1	1	2	2	2	2	2	2	0	0	0	0	0	0
358	2	2	2	2	2	2	2	2	2	1	0	2	2	2	0	0	0	0	2	2	2	2	2	2	2	1	0	2	2	2	2	2	2	2	2	2	2	2	2	1	1	2	2	2	2	2	2	1	1	1	1	1	1
359	2	2	2	2	2	2	2	2	2	1	0	2	2	2	0	0	0	0	2	2	2	2	2	2	2	1	0	2	2	2	2	2	2	2	2	2	2	2	2	2	2	2	2	2	2	2	2	1	1	1	1	1	1
360	2	0	0	0	0	0	0	0	0	2	1	1	0	0	2	2	2	1	0	0	0	0	1	2	1	0	0	2	2	2	0	2	2	2	0	2	2	2	1	2	1	2	2	2	2	2	2	1	1	1	0	1	1
361	1	1	1	1	1	1	2	1	2	1	0	2	2	1	0	1	0	0	2	1	2	2	2	2	1	1	0	2	2	2	1	2	2	2	1	2	2	2	2	1	1	2	2	2	2	2	1	0	0	0	0	0	0
362	2	0	0	0	0	0	1	0	1	2	0	2	0	0	1	1	1	0	1	1	1	1	1	2	1	1	0	2	2	2	0	2	2	2	1	2	1	2	2	1	1	2	2	1	1	2	2	2	2	1	0	2	2
363	2	0	0	0	0	0	1	0	1	1	0	2	0	0	1	2	1	0	1	0	1	1	1	2	0	0	0	2	2	2	0	2	2	2	1	2	2	2	2	1	1	2	2	2	2	2	2	0	0	0	0	0	0
364	2	0	2	2	2	2	2	2	2	2	0	2	2	2	0	0	0	0	1	1	1	1	0	2	0	0	0	2	2	2	0	2	2	2	2	2	1	2	1	0	0	1	2	2	2	1	2	1	2	0	0	2	2
365	1	1	1	1	1	1	1	1	1	1	1	1	1	1	1	1	1	1	1	1	1	1	1	1	1	0	1	1	1	1	0	1	1	1	1	1	1	1	1	1	1	1	1	0	0	1	1	1	1	1	0	1	1
366	2	0	0	0	0	0	1	0	1	2	0	2	0	0	1	1	1	0	1	1	1	1	1	2	1	1	0	2	2	2	1	2	2	2	2	2	2	2	2	2	0	2	2	1	1	2	2	1	1	1	0	1	1
367	1	0	0	0	0	0	0	0	0	2	1	1	0	0	2	2	2	1	0	0	0	0	0	1	0	0	1	1	1	1	0	1	1	1	1	0	1	1	1	0	0	1	1	1	1	1	1	0	0	0	0	0	0
368	1	0	0	0	0	0	1	0	1	1	1	1	1	1	1	2	1	1	1	0	1	1	1	2	0	0	0	1	2	1	0	1	1	1	0	1	1	2	1	1	1	2	2	2	2	2	2	0	0	0	0	0	0
369	2	1	1	1	1	1	1	1	1	2	0	2	1	1	1	1	1	0	1	1	1	1	1	2	1	0	0	2	2	2	1	2	2	2	2	1	2	2	2	1	1	2	2	2	2	2	2	0	0	0	0	0	0
370	1	0	0	0	0	0	0	0	0	2	1	1	0	0	2	2	2	1	0	0	0	0	0	1	0	0	1	1	1	1	0	1	1	1	1	1	1	1	1	1	1	1	1	0	0	1	1	1	1	1	0	1	1
371	1	0	0	0	0	0	1	0	1	2	1	1	0	0	1	1	1	1	1	1	1	1	1	1	1	1	1	1	1	1	0	1	1	1	0	1	0	1	1	0	0	1	1	1	1	1	1	1	1	0	0	1	1
372	1	0	0	0	0	0	1	0	1	2	1	1	0	1	1	1	1	1	1	1	1	1	1	1	1	2	1	1	1	1	1	1	1	1	1	2	2	2	2	2	1	2	2	2	2	2	2	1	1	1	1	1	1
