29	1
30	1
31	1
32	2
33	2
34	0
35	0
36	1
37	0
38	1
39	1
40	1
296	0
297	2
298	0
299	1
300	1
301	0
302	0
303	1
304	2
305	1
306	0
307	0
308	0
309	0
310	0
311	0
312	2
313	1
314	0
315	1
316	0
317	2
318	1
319	2
320	0
321	0
322	0
323	0
324	1
325	0
326	0
327	2
328	1
329	0
330	1
331	1
332	1
333	1
334	0
335	0
336	0
337	0
338	1
339	1
340	0
341	1
342	0
343	0
344	1
345	0
346	2
347	0
348	0
349	2
350	1
351	0
352	0
353	1
354	0
355	0
356	1
357	0
358	0
359	1
360	1
361	0
362	1
363	1
364	1
365	1
366	0
367	2
368	1
369	1
370	0
371	0
372	2
