0	1
2	1
3	1
4	2
5	0
6	2
7	0
8	0
9	1
10	1
11	1
12	0
13	1
14	2
15	1
16	2
17	0
18	1
19	1
20	0
21	2
22	1
23	0
24	1
25	1
26	0
27	1
28	0
41	2
42	0
43	0
44	2
45	0
46	1
47	1
48	1
49	1
50	0
51	1
52	1
53	1
54	0
55	0
56	0
57	0
58	2
59	2
60	0
61	0
62	0
63	1
64	1
65	1
66	1
67	0
68	2
69	1
70	1
71	1
72	0
73	1
74	1
75	0
76	1
77	0
78	1
79	2
80	1
81	1
82	0
83	1
84	1
85	1
86	0
87	1
88	2
89	1
90	2
91	0
92	0
93	1
94	1
95	0
96	1
97	2
98	0
99	1
100	1
101	1
102	0
103	0
104	1
105	1
106	1
107	2
108	0
109	2
110	0
111	2
112	1
113	2
114	1
115	0
117	1
118	1
119	1
120	2
121	2
122	1
123	2
124	1
125	0
126	1
127	1
128	2
129	1
130	1
131	0
132	1
133	1
134	0
135	1
136	2
137	1
138	1
139	1
140	1
141	1
142	1
143	0
144	0
145	0
146	0
147	0
148	1
149	0
150	0
151	1
152	1
153	0
154	1
155	2
156	0
157	0
158	0
159	0
160	1
161	0
162	2
163	0
164	0
165	2
166	0
167	2
168	2
169	2
170	1
171	0
172	0
173	1
174	0
175	1
176	1
177	0
178	1
179	1
180	1
181	1
182	1
183	1
184	1
185	0
186	0
187	0
188	0
189	1
190	0
191	0
192	1
193	1
194	1
195	0
196	0
197	0
198	1
199	1
200	1
201	0
202	1
203	1
204	1
205	0
206	0
207	0
208	1
209	1
210	1
211	1
212	0
213	1
214	0
215	0
216	1
217	1
218	0
219	1
220	1
222	1
223	1
224	1
225	2
226	1
227	1
228	2
229	1
230	1
231	0
232	1
233	1
234	0
235	2
236	1
237	1
238	1
239	0
240	1
241	1
242	2
243	1
244	1
245	1
246	1
247	0
248	1
249	0
250	1
251	1
252	1
253	2
254	2
255	0
256	2
257	1
258	0
259	0
260	2
261	2
262	0
263	0
264	1
265	1
266	0
267	1
268	0
269	1
270	1
271	1
272	1
273	1
274	0
275	0
276	1
277	2
278	0
279	1
280	0
281	0
282	1
283	0
284	2
285	2
286	2
287	2
288	1
289	1
290	0
291	1
292	1
293	1
294	1
295	0
373	1
374	1
375	1
376	1
377	1
378	2
379	1
380	2
381	0
382	1
383	0
384	0
385	1
386	0
387	1
388	1
389	1
390	1
391	0
392	0
393	2
394	2
395	0
396	1
397	1
398	2
399	1
400	1
401	1
402	0
403	1
404	1
405	1
406	1
407	2
408	1
409	1
410	0
411	1
412	1
413	1
414	1
415	0
416	1
417	1
418	2
419	1
420	1
421	1
422	1
423	2
424	0
425	1
426	1
427	1
428	0
429	1
430	0
431	1
432	0
433	2
434	2
435	2
436	1
437	0
438	1
439	1
440	1
441	2
442	0
443	0
444	0
445	1
446	0
447	0
448	0
449	1
450	1
451	2
452	0
453	1
454	1
455	1
456	1
457	0
458	1
459	1
460	1
461	2
462	2
463	1
464	0
