29	1	0	0	0	0	1	1	1	2	1	1	1	1	0	0	2	2	1	2	0	2	2	0	2	0	2	0	0	2	2	0	2	0	0	0	0	0	2	0	0	0	2	2	0	0	0	0	0	0	0	0	0	2	0	0	0	2	0	2	0	1	2	2	2	2	2	2	2	0	0	2	0	0	0	0	0	0	0	0	0	0	0	0	0	0	0	0	0	0	0	0	0	0	0	0	0	0	0	0	0	0	0	0	0	0	0	0	0	0	0	0	0	0	0	0	0	0	0	2	0	1	2	0	2	1	2	0	2	2	1	1	1	2	2	0	0	0	2	0	0	2	2	2	0	0	0	0	2	0	0	0	2	2	2	2	1	0	1	2	2	2	2	2	2	2	2	1	2	2	0	2	2	2	2	2	2	2	0	2
30	0	0	0	0	0	1	1	1	2	1	1	1	1	0	0	2	2	1	2	0	2	2	0	1	0	1	0	0	1	2	0	2	0	0	0	0	0	1	0	0	0	2	2	0	0	0	0	0	0	1	0	0	1	0	0	0	1	0	1	0	0	1	2	2	1	2	2	2	0	1	2	0	0	0	0	0	0	0	0	0	0	0	0	0	0	0	0	0	0	0	0	0	0	0	0	0	0	0	0	0	0	0	0	0	0	0	0	0	0	0	0	0	0	0	0	0	0	0	2	0	0	2	0	2	1	2	0	2	2	1	1	1	2	2	0	0	0	2	0	0	2	2	2	0	0	0	0	2	0	0	0	2	2	2	2	2	0	1	2	2	2	2	2	2	2	2	1	2	2	0	2	2	2	2	2	2	2	0	2
31	0	0	0	0	0	2	2	2	2	2	2	1	1	0	0	2	2	1	2	0	2	2	0	0	0	0	0	0	2	2	0	0	0	0	0	0	0	0	0	0	0	2	2	0	0	0	0	0	0	0	0	0	0	0	0	0	2	0	0	0	0	0	2	2	2	2	2	2	1	1	2	1	1	1	1	1	1	0	1	1	1	1	1	1	1	1	1	1	1	1	1	0	0	0	0	0	0	0	0	0	0	0	0	0	0	0	0	0	0	0	0	0	0	0	0	0	0	0	2	0	0	1	0	1	0	2	0	1	1	1	1	1	2	2	0	0	0	2	0	0	2	2	2	0	0	0	0	2	0	0	0	2	2	2	2	2	0	2	2	2	2	2	2	2	2	2	1	2	1	0	2	2	2	2	2	2	2	0	2
32	0	0	0	0	0	0	0	0	2	0	0	0	0	0	0	2	2	1	2	0	2	2	0	2	0	2	0	0	2	2	0	2	0	0	0	0	0	2	0	0	0	2	2	0	0	0	0	0	0	0	0	0	2	0	0	0	2	0	2	0	1	2	2	2	2	2	2	2	0	0	2	0	0	0	0	0	0	0	0	0	0	0	0	0	0	0	0	0	0	0	0	0	0	0	0	0	0	0	0	0	0	0	0	0	0	0	0	0	0	0	0	0	0	0	0	0	0	0	2	0	1	1	0	1	1	2	0	1	1	1	1	1	1	1	1	0	0	2	0	0	2	1	1	0	0	0	0	1	0	0	0	1	2	2	1	2	0	2	2	1	1	1	1	1	1	1	1	1	1	0	1	2	2	2	1	2	1	0	1
33	0	0	0	0	0	0	0	0	2	0	0	0	0	0	0	2	2	1	2	0	2	2	0	1	0	1	0	0	1	2	0	2	0	0	0	0	0	1	0	0	0	2	2	0	0	0	0	0	0	0	0	0	1	0	0	0	1	0	1	0	0	1	2	2	2	2	2	2	0	0	2	0	0	0	0	0	0	0	0	0	0	0	0	0	0	0	0	0	0	0	0	0	0	0	0	0	1	1	1	1	0	0	0	0	0	0	0	1	0	0	0	0	0	0	0	0	0	0	2	0	0	1	0	1	0	1	0	0	0	0	0	0	0	2	2	0	0	1	0	0	2	1	1	0	0	0	0	2	0	0	0	2	2	2	2	2	0	2	2	1	1	1	2	1	0	2	0	1	1	0	2	2	2	2	2	2	2	0	2
34	0	0	0	0	0	0	0	1	2	0	0	0	0	0	0	2	2	2	2	0	2	2	0	2	0	2	0	0	2	2	0	2	0	0	0	0	0	2	0	0	0	2	2	0	0	0	0	0	0	1	0	0	2	0	0	0	2	0	2	0	1	1	2	2	2	2	2	2	1	1	2	1	1	1	1	1	1	0	1	0	1	1	1	1	1	1	1	1	1	1	1	1	1	0	1	0	0	0	0	0	0	0	0	0	0	0	0	0	0	0	0	0	0	0	0	0	0	0	2	0	1	2	0	1	1	2	0	2	2	1	1	1	2	2	0	0	0	2	0	0	2	2	2	0	0	0	0	2	0	0	0	2	2	2	2	2	0	2	2	2	2	2	2	2	2	2	1	2	2	0	2	2	2	2	2	2	2	0	2
35	0	0	0	0	0	1	1	1	2	1	1	1	1	0	0	2	2	2	2	0	2	2	0	1	0	1	0	0	2	2	0	1	0	0	0	0	0	1	0	0	0	2	2	0	0	0	0	0	0	0	0	0	1	0	0	0	2	0	1	0	0	1	2	2	2	2	2	2	1	1	2	1	1	1	1	1	1	0	1	1	1	1	1	1	1	1	1	1	1	1	1	1	1	0	1	1	1	1	1	1	0	1	1	1	1	1	1	1	0	1	1	1	1	1	1	1	1	1	2	0	0	0	0	0	0	2	0	0	0	0	0	0	0	1	2	0	0	2	0	0	2	0	0	0	0	0	0	1	0	0	0	1	2	2	1	2	0	2	2	0	0	0	1	0	0	1	0	0	1	0	1	2	2	2	1	2	1	0	1
36	0	0	0	0	0	0	0	1	2	0	0	0	0	0	0	2	2	2	2	0	2	2	0	2	0	2	0	0	2	2	0	2	0	0	0	0	0	2	0	0	0	2	2	0	0	0	0	0	0	0	0	0	2	0	0	0	2	0	2	0	0	1	2	2	2	2	2	2	1	1	2	1	1	1	1	1	1	0	1	0	1	1	1	1	1	1	1	1	1	1	1	1	1	0	1	0	0	0	0	0	0	0	0	0	0	0	0	0	0	0	0	0	0	0	0	0	0	0	2	0	0	2	0	2	0	2	0	2	2	0	0	0	2	2	0	0	0	2	0	0	2	2	2	0	0	0	0	2	0	0	0	2	2	2	2	2	0	1	2	2	2	2	2	2	2	2	0	2	2	0	2	2	2	2	2	2	2	0	2
37	0	0	0	0	0	1	1	1	2	1	1	0	0	0	0	2	2	1	2	0	2	2	0	1	0	1	0	0	1	2	0	1	0	0	0	0	0	1	0	0	0	2	2	0	0	0	0	0	0	1	0	0	1	0	0	0	2	0	1	0	1	1	2	2	2	2	2	2	0	1	2	1	0	1	0	0	0	0	0	0	0	0	0	0	0	0	0	0	0	0	0	0	0	0	0	0	0	0	0	0	0	0	0	0	0	0	0	0	0	0	0	0	0	0	0	0	0	0	2	0	2	1	0	1	1	2	0	1	1	1	1	1	1	2	1	0	0	2	0	0	2	2	2	0	0	0	0	2	0	0	0	2	2	2	2	2	0	2	2	2	2	2	2	2	2	2	1	2	2	0	2	2	2	2	1	1	1	0	1
38	0	0	0	0	0	0	0	0	2	0	0	0	0	0	0	2	2	2	2	0	2	2	0	2	0	2	0	0	1	2	0	2	0	0	0	0	0	2	0	0	0	2	2	0	0	0	0	0	0	1	0	0	1	0	0	0	2	0	1	0	1	1	2	2	2	2	2	2	0	0	2	0	0	0	0	0	0	0	0	0	0	0	0	0	0	0	0	0	0	0	0	0	0	0	0	0	0	0	0	0	0	0	0	0	0	0	0	0	0	0	0	0	0	0	0	0	0	1	2	0	1	2	0	1	1	1	0	1	1	1	1	1	1	2	1	0	0	2	0	0	2	2	2	1	0	0	0	2	1	0	0	2	2	2	2	2	0	1	2	2	2	2	2	2	1	2	1	2	2	0	2	2	2	2	1	1	1	0	1
39	0	0	0	0	0	2	2	2	2	2	2	2	2	0	0	2	2	1	2	0	2	2	0	0	0	0	0	0	2	2	0	0	0	0	0	0	0	0	0	0	0	2	2	0	0	0	0	0	0	0	0	0	0	0	0	0	2	0	0	0	0	0	2	2	2	2	2	2	1	1	2	1	1	1	1	1	1	0	1	1	1	1	1	1	1	1	1	1	1	1	1	1	1	0	1	1	1	1	1	1	1	1	1	1	1	1	1	0	0	1	1	1	1	1	1	1	1	1	2	0	0	1	0	0	0	2	0	0	0	0	0	0	0	1	2	0	0	2	0	0	2	0	0	0	0	0	0	1	0	0	0	2	2	2	2	2	0	2	2	0	0	0	2	0	0	2	0	0	2	0	2	2	2	2	2	2	2	0	2
40	1	0	0	0	0	2	2	2	2	2	2	2	2	0	0	2	2	2	2	0	2	2	0	0	0	0	0	0	2	2	0	0	0	0	0	0	0	0	0	0	0	2	2	0	0	0	0	0	0	0	0	0	0	0	0	0	1	0	0	0	0	0	1	1	2	2	2	2	0	0	2	0	0	0	0	0	0	0	0	0	0	0	0	0	0	0	0	0	0	0	0	0	0	0	0	0	0	0	0	0	0	0	0	0	0	0	0	0	0	0	0	0	0	0	0	0	0	0	2	0	0	1	0	1	0	2	0	1	1	0	0	0	1	1	1	0	0	2	0	0	2	1	1	0	0	0	0	0	0	0	0	1	2	2	1	2	0	2	2	1	1	1	1	1	1	1	0	1	0	0	1	2	2	2	1	2	1	0	1
296	0	0	0	0	0	2	2	2	1	2	2	0	0	0	0	2	2	0	2	0	2	2	0	0	0	0	0	0	1	2	0	0	0	0	0	0	0	0	0	0	0	2	2	0	0	0	0	0	0	0	0	0	0	0	0	0	2	0	0	0	0	0	2	2	2	2	2	2	0	1	2	1	0	1	0	0	0	0	0	0	0	0	0	0	0	0	0	0	0	0	0	0	0	0	0	0	0	0	0	0	0	0	0	0	0	0	0	0	0	0	0	0	0	0	0	0	0	0	2	0	1	1	0	0	0	2	0	1	1	0	0	0	1	2	1	0	0	2	0	0	2	2	2	0	0	0	0	2	0	0	0	2	2	2	2	2	0	2	2	2	2	2	2	2	2	2	0	2	1	0	2	2	2	2	2	2	2	0	2
297	0	0	0	0	0	1	1	1	2	1	1	1	1	0	0	2	2	2	2	0	2	2	0	1	0	1	0	0	1	2	0	1	0	0	0	0	0	1	0	0	0	2	2	0	0	0	0	0	0	0	0	0	1	0	0	0	2	0	1	0	0	1	2	2	2	2	2	2	1	1	2	1	1	1	1	1	1	0	1	1	1	1	1	1	1	1	1	1	1	1	1	1	1	0	1	1	1	1	1	1	1	1	1	1	1	1	1	1	0	1	1	1	1	1	1	1	1	1	2	0	0	1	0	1	0	2	0	0	0	0	0	0	0	0	2	0	0	2	0	0	2	1	1	0	0	0	0	2	0	0	0	2	2	2	2	2	0	2	2	1	1	1	2	1	1	2	0	1	2	0	2	2	2	2	2	2	2	0	2
298	1	0	0	0	0	0	0	0	2	0	0	0	0	0	0	2	2	2	2	0	2	2	0	2	0	2	0	0	2	2	0	2	0	0	0	0	0	2	0	0	0	2	2	0	0	0	0	0	0	0	0	0	2	0	0	0	2	0	2	0	0	2	2	2	2	2	2	2	0	0	2	0	0	0	0	0	0	0	0	0	0	0	0	0	0	0	0	0	0	0	0	0	0	0	0	0	0	0	0	0	0	0	0	0	0	0	0	0	0	0	0	0	0	0	0	0	0	0	2	0	0	0	0	0	0	2	0	0	0	0	0	0	0	0	2	0	0	2	0	0	2	0	0	0	0	0	0	0	0	0	0	0	2	2	0	2	0	2	2	0	0	0	0	0	0	0	0	0	0	0	0	1	1	2	0	2	0	0	0
299	1	0	0	0	0	1	1	1	1	1	1	1	1	0	0	1	1	1	2	0	1	1	0	1	0	1	0	0	1	0	0	1	0	0	0	0	0	1	0	0	0	1	1	0	0	0	0	0	0	0	0	0	1	0	0	0	1	0	1	0	1	1	1	1	1	1	1	1	0	0	1	0	0	0	0	1	0	0	0	0	0	0	0	0	0	0	0	0	0	0	0	0	0	1	0	0	0	0	0	0	0	0	0	0	0	0	0	0	0	0	0	0	0	0	0	0	0	0	1	0	1	1	0	0	1	1	0	1	1	1	1	1	1	1	1	0	0	1	0	0	1	1	1	0	0	0	0	1	0	0	0	1	1	1	1	2	0	2	2	2	2	2	2	2	2	2	2	2	1	0	2	2	2	2	2	2	2	0	2
300	1	0	0	0	0	1	1	1	2	1	0	1	1	0	0	2	2	2	2	0	2	2	0	1	0	1	0	0	2	1	0	1	0	0	0	0	0	1	0	0	0	2	2	0	0	0	0	0	1	0	0	0	1	0	0	0	2	0	1	0	0	1	2	2	2	1	2	2	0	0	2	1	0	2	0	0	0	0	0	0	0	0	0	0	0	0	0	0	0	0	0	0	0	0	0	0	0	0	0	0	0	0	0	0	0	0	0	0	0	0	0	0	0	0	0	0	0	0	2	0	1	0	0	0	0	2	0	0	0	0	0	0	0	1	2	1	0	2	0	0	2	1	1	0	0	0	0	0	0	0	0	1	2	2	1	2	0	2	2	1	1	0	1	1	1	1	0	1	1	0	1	2	2	2	1	2	1	0	1
301	1	0	0	0	0	2	2	2	2	2	2	1	1	0	0	2	2	1	2	0	2	2	0	0	0	1	0	0	2	2	0	0	0	0	0	0	0	1	0	0	0	2	2	0	0	0	0	0	0	1	0	0	1	0	0	0	2	0	1	0	1	1	2	2	2	2	2	2	0	0	2	0	0	0	0	0	0	0	0	0	0	0	0	0	0	0	0	0	0	0	0	0	0	0	0	0	0	0	0	0	0	0	0	0	0	0	0	0	0	0	0	0	0	0	0	0	0	0	2	0	1	2	0	1	1	2	0	1	1	1	1	1	1	2	1	0	0	2	0	0	2	2	2	0	0	0	0	2	0	0	0	2	2	2	2	2	0	2	2	2	2	2	2	2	2	2	1	2	1	0	2	2	2	2	2	2	2	0	2
302	0	1	1	0	1	2	2	2	1	2	2	1	1	2	1	2	2	1	2	1	2	2	1	0	1	1	1	1	1	2	0	0	1	1	1	1	1	0	1	1	1	2	2	1	0	1	1	1	1	1	1	1	0	0	1	1	2	1	0	1	0	0	1	1	2	2	2	2	0	0	2	0	0	0	0	0	0	0	0	0	0	0	0	0	0	0	0	0	0	0	0	0	0	0	0	0	0	0	0	0	0	0	0	0	0	0	0	0	0	0	0	0	0	0	0	0	0	0	2	0	1	2	0	1	1	2	0	1	1	1	1	1	1	2	1	0	0	2	0	0	2	2	2	0	0	0	0	2	0	0	1	2	2	2	1	2	0	2	2	2	2	2	2	2	2	2	1	2	1	0	1	2	2	2	2	2	2	0	2
303	0	0	0	0	0	1	0	1	2	1	1	1	1	0	0	2	2	2	2	0	2	2	0	1	0	1	0	0	2	2	0	1	0	0	0	0	0	1	0	0	0	2	2	0	0	0	0	0	0	1	0	0	1	0	0	0	1	0	1	0	1	1	2	2	2	2	2	2	0	0	2	1	1	1	1	1	1	0	1	1	1	1	1	1	1	1	1	1	1	1	1	1	1	0	1	1	1	1	1	1	1	1	1	1	1	1	1	1	0	1	1	1	1	1	1	1	1	1	2	0	1	1	0	0	1	2	0	1	1	1	1	1	1	1	1	1	0	2	0	0	2	1	1	0	0	0	0	2	0	0	0	2	2	2	2	2	0	2	2	1	1	1	2	1	1	2	1	1	2	0	2	2	2	2	2	2	2	0	2
304	1	0	0	0	0	1	1	1	1	1	1	1	1	0	0	1	1	1	1	0	1	1	0	0	0	0	0	0	1	1	0	0	0	0	0	0	0	0	0	0	0	1	1	0	0	0	0	0	0	0	0	0	0	0	0	0	0	0	0	0	0	0	0	0	0	1	0	0	0	0	0	0	0	0	0	1	0	0	0	0	0	0	0	0	0	0	0	0	0	0	0	0	0	1	0	0	0	0	0	0	0	0	0	0	0	0	0	1	0	0	0	0	0	0	0	0	0	0	1	0	0	0	0	1	1	1	0	1	1	0	1	1	1	0	1	0	0	1	0	0	1	1	1	0	0	0	0	1	0	0	0	1	1	1	1	2	0	2	2	2	2	2	2	2	2	2	1	2	1	0	1	2	2	2	2	2	2	0	2
305	1	0	0	0	0	1	1	1	1	0	1	1	1	0	0	1	1	0	1	0	1	1	0	0	0	0	0	0	1	1	0	0	0	0	0	0	0	0	0	0	0	1	1	0	0	0	0	0	0	1	0	0	0	0	0	0	1	0	0	0	0	0	1	1	1	1	1	1	0	0	1	0	0	0	0	0	0	0	0	0	0	0	0	0	0	0	0	0	0	0	0	0	0	1	0	0	0	0	0	0	0	0	0	0	0	0	0	0	0	0	0	0	0	0	0	0	0	0	1	0	0	1	0	0	0	1	0	1	1	1	1	1	1	2	1	0	0	2	0	0	2	2	2	0	0	0	0	2	0	0	0	2	2	2	2	2	0	2	2	2	2	2	2	2	2	2	1	2	2	0	2	2	2	2	2	2	1	0	2
306	0	0	0	0	0	1	1	1	1	1	1	1	1	0	0	1	1	1	1	0	1	1	0	0	0	0	0	0	1	1	0	0	0	0	0	0	0	0	0	0	0	1	1	0	0	0	0	0	0	0	0	0	0	0	0	0	1	0	0	0	0	0	1	1	1	1	1	1	0	0	1	0	0	0	0	0	0	0	0	0	0	0	0	0	0	0	0	0	0	0	0	0	0	1	0	0	0	0	0	0	0	0	0	0	0	0	0	0	0	0	0	0	0	0	0	0	0	0	1	0	0	1	0	0	0	1	0	2	2	1	1	1	2	2	1	0	0	2	0	0	2	2	2	0	0	0	0	2	0	0	0	2	2	2	2	2	0	2	2	1	2	2	2	2	2	2	1	2	1	0	2	2	1	2	2	2	2	0	2
307	0	0	0	0	0	0	0	0	2	0	0	0	0	0	0	2	2	2	2	0	2	2	0	2	0	2	0	0	2	2	0	2	0	0	0	0	0	2	0	0	0	2	2	0	0	0	0	0	0	1	0	0	1	0	0	0	2	0	2	0	0	2	2	2	2	2	2	2	0	0	2	0	0	0	0	0	0	0	0	0	0	0	0	0	0	0	0	0	0	0	0	0	0	0	0	0	0	0	0	0	0	0	0	0	0	0	0	0	0	0	0	0	0	0	0	0	0	0	2	0	2	2	0	2	2	2	0	2	2	2	2	1	2	2	0	0	0	2	0	0	2	2	2	0	0	0	0	2	0	0	0	2	2	2	2	2	0	2	2	2	2	2	2	2	2	2	2	2	2	0	2	2	2	2	2	2	2	1	2
308	0	0	0	0	0	0	0	1	2	0	0	0	0	0	0	2	2	2	2	0	2	2	0	2	0	2	0	0	1	2	0	2	0	0	0	0	0	2	0	0	0	2	2	0	0	0	0	0	0	0	0	0	1	0	0	0	2	0	1	0	0	0	2	2	2	2	2	2	1	1	2	1	1	1	1	1	1	0	1	0	1	1	1	1	1	1	1	1	1	1	1	1	1	0	1	0	0	0	0	0	0	0	0	0	0	0	0	0	0	0	0	0	0	0	0	0	0	0	2	0	0	2	0	2	0	2	0	2	2	0	0	0	2	2	0	0	0	2	0	0	2	2	2	0	0	0	0	2	0	0	0	2	2	2	2	2	0	2	2	2	2	2	2	2	2	2	0	2	2	0	2	2	2	2	2	2	2	0	2
309	0	0	0	0	0	1	1	1	1	0	1	1	1	0	0	1	1	0	1	0	1	1	0	0	0	0	0	0	1	1	0	0	0	0	0	0	0	0	0	0	0	1	1	0	0	0	0	0	0	0	0	0	0	0	0	0	1	0	0	0	0	0	1	1	1	1	1	1	0	0	1	0	0	0	0	0	0	0	0	0	0	0	0	0	0	0	0	0	0	0	0	0	0	1	0	0	0	0	0	0	0	0	0	0	0	0	0	0	1	0	0	0	0	0	0	0	0	0	1	0	0	1	0	0	0	2	0	1	1	0	0	0	1	1	1	0	0	2	0	0	2	1	1	0	0	0	0	1	0	0	0	1	2	2	1	1	0	1	1	1	1	1	1	1	1	1	0	1	0	0	1	2	2	2	1	2	1	0	1
310	0	0	0	0	0	1	0	1	2	1	1	1	1	0	0	2	2	2	2	0	2	2	0	1	0	1	0	0	1	2	0	1	0	0	0	0	0	1	0	0	0	2	2	0	0	0	0	0	0	0	0	0	0	0	0	0	2	0	0	0	0	0	2	2	2	2	2	2	0	1	2	0	1	1	0	0	1	0	1	0	1	1	1	1	1	1	1	1	1	1	1	1	1	0	1	1	1	1	1	1	1	1	1	1	1	1	1	0	0	0	0	1	1	1	1	1	1	2	2	0	0	1	0	0	0	2	0	0	0	0	0	0	0	1	2	1	0	2	0	0	2	1	1	0	0	0	0	2	1	0	0	2	2	2	1	1	0	1	2	1	1	1	2	1	0	2	0	1	2	0	2	2	2	2	2	2	2	0	2
311	0	0	0	0	0	1	1	1	2	1	1	1	1	0	0	2	2	2	2	0	2	2	0	1	0	1	0	0	2	2	0	1	0	0	0	0	0	1	0	0	0	2	2	0	0	0	0	0	0	0	0	0	1	0	0	0	2	0	1	0	0	1	2	2	2	2	2	2	1	1	2	1	1	1	1	1	1	0	1	1	0	1	1	1	1	1	1	1	1	1	1	1	1	0	1	1	1	1	1	1	1	1	1	1	1	1	1	1	0	1	1	1	1	1	1	1	1	1	2	0	0	1	0	0	0	2	0	1	1	0	0	0	1	1	2	1	0	2	0	0	2	1	1	0	0	0	0	2	0	0	0	2	2	2	2	2	0	2	2	0	1	1	2	1	1	2	0	1	1	0	2	2	1	2	2	2	2	0	2
312	1	0	0	0	0	2	2	2	2	1	1	1	1	0	0	2	2	2	2	0	2	2	0	1	0	1	0	0	2	1	0	1	0	0	0	0	0	1	0	0	0	2	2	0	0	0	0	0	1	0	0	0	1	0	0	0	2	0	1	0	0	1	2	2	2	1	2	2	0	0	2	1	0	1	0	0	0	0	0	0	0	0	0	0	0	0	0	0	0	0	0	0	0	0	0	0	0	0	0	0	0	0	0	0	0	0	0	0	0	0	0	0	0	0	0	0	0	0	2	0	2	1	0	1	1	2	0	1	1	1	1	1	1	2	1	1	0	2	0	0	2	2	2	0	0	0	0	2	0	0	0	2	2	2	2	2	0	2	2	1	2	1	2	2	2	2	1	2	2	0	2	2	2	2	2	2	2	0	2
313	0	0	0	0	0	0	0	0	1	0	0	0	0	0	0	1	1	1	1	0	1	1	0	1	0	1	0	0	1	1	0	1	0	0	0	0	0	2	0	0	0	2	2	0	0	0	0	0	0	1	0	0	1	0	0	0	0	0	1	0	0	1	0	0	1	1	1	1	0	0	1	0	0	0	0	0	0	0	0	0	0	0	0	0	0	0	0	0	0	0	0	0	0	1	0	0	0	0	0	0	0	0	0	0	0	0	0	0	0	0	0	0	0	0	0	0	0	0	1	0	1	1	0	1	1	1	0	2	2	2	2	2	2	2	0	0	0	2	0	0	2	2	2	0	0	0	0	2	0	0	0	2	2	2	2	2	0	2	2	2	2	2	2	2	2	2	2	2	2	0	2	2	2	2	2	2	2	0	2
314	0	0	0	0	0	0	0	0	2	0	0	0	0	0	0	2	2	2	2	0	2	2	0	2	0	2	0	0	2	2	0	2	0	0	0	0	0	2	0	0	0	2	2	0	0	0	0	0	0	0	0	0	2	0	0	0	2	0	2	0	0	2	2	2	2	2	2	2	0	0	2	0	0	0	0	0	0	0	0	0	0	0	0	0	0	0	0	0	0	0	0	0	0	0	0	0	0	0	0	0	0	0	0	0	0	0	0	0	0	0	0	0	0	0	0	0	0	0	2	0	2	2	0	2	2	2	0	2	2	2	2	2	2	2	0	0	0	2	0	0	2	2	2	0	0	0	0	2	0	0	0	2	2	2	2	2	0	2	2	2	2	2	2	2	2	2	2	2	2	0	2	2	2	2	2	2	2	0	2
315	0	0	0	0	0	1	1	1	2	1	1	1	1	0	0	2	2	2	2	0	2	2	0	2	0	2	0	0	2	2	0	2	0	0	0	0	0	2	0	0	0	2	2	0	0	0	0	0	0	0	0	0	1	0	0	0	2	0	2	0	1	2	2	2	2	2	2	2	0	0	2	0	0	0	0	0	0	0	0	0	0	0	0	0	0	0	0	0	0	0	0	0	0	0	0	0	0	0	0	0	0	0	0	0	0	0	0	1	0	0	0	0	0	0	0	0	0	0	2	0	1	2	0	1	1	2	0	2	2	1	1	1	2	2	0	0	0	2	0	0	2	2	2	0	0	0	0	2	0	0	0	2	2	2	2	2	0	1	2	2	2	2	2	2	2	2	1	2	2	0	2	2	2	2	2	2	2	0	2
316	1	1	1	0	1	1	1	1	1	1	1	1	1	1	1	1	1	1	1	1	1	1	1	0	1	1	1	1	0	1	1	0	1	1	1	1	1	0	1	1	1	1	1	1	1	1	1	1	1	1	1	1	0	1	1	1	0	1	0	1	0	0	0	0	1	0	1	0	0	0	1	0	0	0	0	0	0	0	0	0	0	0	0	0	0	0	0	0	0	0	0	0	0	1	0	0	0	0	0	0	0	0	0	0	0	0	0	0	0	0	0	0	0	0	0	0	0	0	1	0	0	1	0	0	0	2	0	1	1	0	0	0	1	1	1	0	0	2	0	0	2	1	1	0	0	0	0	1	0	0	1	1	1	1	1	2	0	2	2	1	1	1	1	1	1	1	0	1	0	0	1	2	2	2	1	2	1	0	1
317	0	0	0	0	0	0	0	0	1	0	0	0	0	0	0	2	2	2	2	0	2	2	0	2	0	2	0	0	2	2	0	2	0	0	0	0	0	2	0	0	0	2	2	0	0	0	0	0	0	1	0	0	2	0	0	0	2	0	2	0	0	2	1	1	2	2	2	2	0	0	2	0	0	0	0	0	0	0	0	0	0	0	0	0	0	0	0	0	0	0	0	0	0	0	0	0	0	0	0	0	0	0	0	0	0	0	0	0	0	0	0	0	0	0	0	0	0	0	2	0	2	2	0	2	2	2	0	2	2	2	2	2	2	2	1	0	0	2	0	0	2	2	2	0	0	0	0	2	0	0	0	2	1	2	2	2	0	2	2	2	1	2	2	2	2	2	2	2	2	0	2	2	2	2	2	2	2	0	2
318	0	1	1	0	1	2	2	2	1	2	2	1	1	1	1	2	2	1	2	1	2	2	1	1	1	2	1	1	1	2	1	1	1	1	1	1	0	1	1	1	1	2	2	1	1	1	1	1	1	1	1	1	1	1	1	1	2	1	1	1	1	1	1	1	2	1	2	2	0	0	2	0	0	0	0	0	0	0	0	0	0	0	0	0	0	0	0	0	0	0	0	0	0	0	0	0	0	0	0	0	0	0	0	0	0	0	0	0	0	0	1	0	0	0	0	0	0	0	2	0	1	1	0	0	1	2	0	1	1	1	1	1	1	1	1	0	0	2	0	0	2	1	1	0	0	0	0	2	1	0	1	2	1	1	2	2	0	2	2	1	1	1	2	1	1	2	1	1	2	0	2	2	2	2	2	2	2	0	2
319	0	0	0	0	0	1	1	1	2	1	1	1	1	0	0	2	2	2	2	0	2	2	0	1	0	1	0	0	2	2	0	1	0	0	0	0	0	1	0	0	0	2	2	0	0	0	0	0	0	0	0	0	1	0	0	0	2	0	1	0	0	1	2	2	2	2	2	2	1	1	2	1	1	1	0	1	1	0	1	1	1	1	1	1	1	1	1	1	1	1	1	1	1	0	1	1	1	1	1	1	1	1	1	1	1	1	1	1	0	1	1	1	1	1	1	1	1	1	2	0	0	0	1	0	0	2	0	0	0	0	0	0	0	0	2	0	0	2	0	0	2	0	0	0	0	0	0	1	0	0	0	1	2	2	1	2	0	2	2	0	0	0	1	0	0	1	0	0	1	0	1	2	2	2	1	2	1	0	1
320	1	0	0	0	0	2	2	2	2	2	2	1	1	0	0	2	2	2	2	0	2	2	0	1	0	1	0	0	2	2	0	1	0	0	0	0	0	1	0	0	0	2	2	0	0	0	0	0	0	0	0	0	1	0	0	0	2	0	1	0	1	1	2	2	2	2	2	2	1	1	2	1	1	1	1	1	1	0	1	1	1	1	1	1	1	1	1	1	1	1	1	1	1	0	1	1	1	1	1	1	1	1	1	1	1	1	1	0	0	1	1	1	1	1	1	0	0	1	2	0	1	1	0	0	1	2	0	1	1	1	1	1	1	1	1	1	0	2	0	0	2	1	1	0	0	0	0	2	0	0	0	2	2	2	2	2	0	2	2	1	1	1	2	1	1	2	1	1	2	0	2	2	2	2	2	2	2	0	2
321	0	0	0	0	0	1	1	1	2	1	1	0	0	0	0	2	2	2	2	0	2	2	0	1	0	1	0	0	1	2	0	1	0	0	0	0	0	1	0	0	0	2	2	0	0	0	0	0	0	0	0	0	1	0	0	0	2	0	1	0	1	1	2	2	2	2	2	2	0	1	2	0	0	0	0	0	0	0	0	0	0	0	0	0	0	0	0	0	0	0	0	0	0	0	0	0	0	0	0	0	0	0	0	0	0	0	0	0	0	0	0	0	0	0	0	0	0	0	2	0	1	2	0	1	1	2	0	2	2	1	1	1	2	2	1	0	0	2	0	0	2	2	2	0	0	0	0	2	0	0	0	2	2	2	2	2	0	2	2	1	2	2	2	2	2	2	1	2	1	0	2	2	1	2	2	2	2	0	2
322	0	0	0	0	0	1	1	1	2	1	1	1	1	0	0	2	2	0	2	0	2	2	0	1	0	1	0	0	2	2	0	1	0	0	0	0	0	1	0	0	0	2	2	0	0	0	0	0	0	0	0	0	1	0	0	0	2	0	1	0	0	1	1	1	2	2	2	2	0	0	2	0	0	0	0	0	0	0	0	0	0	0	0	0	0	0	0	0	0	0	0	0	0	0	0	0	0	0	0	0	0	1	0	0	0	0	0	1	0	0	0	0	0	0	0	0	0	0	2	0	1	2	0	2	1	2	0	1	1	1	1	1	1	2	1	0	0	2	0	0	2	2	2	0	0	0	0	1	0	0	0	2	2	2	2	2	0	2	2	2	2	2	2	2	2	2	2	2	2	0	2	2	2	2	2	2	2	0	2
323	0	0	0	0	0	0	0	0	2	0	0	0	0	0	0	2	2	2	2	0	2	2	0	2	0	2	0	0	2	2	0	2	0	0	0	0	0	2	0	0	0	2	2	0	0	0	0	0	0	0	0	0	1	0	0	0	2	0	2	0	1	2	2	2	2	2	2	2	0	0	2	0	0	0	0	0	0	0	0	0	0	0	0	0	0	0	0	0	0	0	0	0	0	0	0	0	0	0	0	0	0	0	0	0	0	0	0	1	0	0	0	0	0	0	0	0	0	0	2	0	1	1	0	1	1	2	0	1	1	1	1	1	1	1	1	0	0	2	0	0	2	1	1	0	0	0	0	1	0	0	0	1	2	2	1	2	0	2	2	1	1	1	1	1	1	1	1	1	1	0	1	2	2	2	0	1	0	0	0
324	0	0	0	0	0	1	1	1	2	1	1	1	1	0	0	2	2	2	2	0	2	2	0	1	0	1	0	0	1	2	0	1	0	0	0	0	0	1	0	0	0	2	2	0	0	0	0	0	0	0	0	0	0	0	0	0	2	0	0	0	0	0	2	2	2	1	2	2	1	1	2	1	1	1	1	1	1	0	1	1	1	1	1	1	1	1	1	1	1	1	1	0	1	0	1	1	1	1	1	1	1	1	1	1	1	1	1	0	0	1	1	1	1	1	1	1	1	2	2	0	0	1	0	0	0	2	0	0	0	0	0	0	0	1	2	1	0	2	0	0	2	1	1	1	0	0	0	1	1	0	0	2	2	2	2	2	0	1	2	1	1	1	2	1	0	2	0	1	2	0	2	2	2	2	2	2	2	0	2
325	0	1	1	0	1	2	2	2	1	2	2	1	1	2	1	2	2	1	2	1	2	2	1	0	1	1	0	1	1	2	0	0	1	1	1	1	1	0	1	1	1	2	2	1	1	1	0	1	1	1	1	1	0	1	1	1	2	1	0	1	0	0	1	1	2	2	2	2	1	1	2	1	1	1	1	1	1	0	1	1	1	1	1	1	1	1	1	1	1	1	1	1	1	0	1	1	1	1	1	1	1	1	1	1	1	1	1	0	0	1	1	1	1	1	1	1	1	0	2	0	1	1	0	1	1	2	0	1	1	1	1	1	1	1	1	0	0	2	0	0	2	1	1	0	0	0	0	2	1	0	1	2	1	1	2	2	0	2	2	1	1	1	2	1	1	2	1	1	2	0	2	2	2	2	2	2	2	0	2
326	1	0	0	0	0	1	1	1	2	1	1	1	1	0	0	2	2	0	2	0	2	2	0	1	0	1	0	0	2	2	0	1	0	0	0	0	0	1	0	0	0	2	1	0	0	0	0	0	0	0	0	0	1	0	0	0	0	0	1	0	0	1	0	0	1	2	2	2	1	1	2	1	1	1	0	0	0	0	0	0	1	1	1	1	1	1	1	1	1	1	1	1	1	0	1	1	1	1	1	1	1	1	1	1	1	1	1	0	0	0	0	1	1	1	1	1	1	1	2	0	0	0	0	0	0	2	0	0	0	0	0	0	0	0	2	1	0	2	0	0	2	0	0	0	0	0	0	1	0	0	0	1	2	2	1	2	0	2	2	0	0	0	1	0	0	1	0	0	1	0	1	2	2	2	1	2	1	0	1
327	1	0	0	0	0	1	1	1	2	1	2	1	1	0	0	2	2	2	2	0	2	2	0	2	0	2	0	0	2	2	0	2	0	0	0	0	0	2	0	0	0	2	2	0	0	0	0	0	0	1	0	0	2	0	0	0	2	0	2	0	1	2	2	2	2	2	2	2	0	0	2	0	0	0	0	1	0	0	0	0	0	0	0	0	0	0	0	0	0	0	0	0	0	0	0	0	0	0	0	0	0	0	0	0	0	0	0	0	0	0	0	0	0	0	0	0	0	0	2	0	1	2	0	1	1	2	0	2	2	1	1	1	2	2	0	0	1	2	0	0	2	1	2	0	0	0	0	2	0	0	0	2	2	2	2	2	0	1	2	2	2	2	2	2	2	2	1	2	2	0	2	2	2	2	2	2	2	0	2
328	0	0	0	0	0	2	2	2	2	2	2	1	1	0	0	2	2	1	2	0	2	2	0	0	0	0	0	0	2	2	0	0	0	0	0	0	0	0	0	0	0	2	2	0	0	0	0	0	0	0	0	0	0	0	0	0	2	0	0	0	0	0	2	2	2	2	2	2	0	0	2	0	0	0	0	0	0	0	0	0	0	0	0	0	0	0	0	0	0	0	0	0	0	0	0	0	0	0	0	0	0	0	0	0	0	0	0	0	0	0	0	0	0	0	0	0	0	0	2	0	0	2	0	2	0	2	0	0	0	0	0	0	0	2	2	0	0	2	0	0	2	2	2	0	0	0	0	2	0	0	0	2	2	2	2	2	0	2	2	2	2	2	2	2	2	1	1	2	2	0	2	2	2	2	2	2	2	0	2
329	0	0	0	0	0	1	1	1	2	1	1	1	1	0	0	2	2	2	2	0	2	2	0	1	0	1	0	0	2	2	0	1	0	0	0	0	0	1	0	0	0	2	2	0	0	0	0	0	0	0	0	0	1	0	0	0	1	0	1	0	1	1	2	2	2	2	2	1	0	1	2	1	1	1	0	0	0	0	1	1	1	1	1	1	1	1	0	0	1	1	1	1	1	0	1	1	1	1	1	1	0	1	1	1	1	1	1	0	0	1	0	1	1	1	1	1	1	1	2	0	1	1	0	1	1	2	0	1	1	1	1	0	0	1	2	1	0	2	1	1	2	1	1	1	1	1	1	2	0	1	0	2	2	2	2	2	1	2	2	1	1	1	2	1	1	2	1	1	2	1	2	2	2	2	2	2	2	1	2
330	0	0	0	0	0	2	2	2	2	2	2	2	2	1	0	2	2	1	2	0	2	2	0	0	0	0	0	0	2	2	0	0	0	0	0	0	0	0	0	0	0	2	2	0	0	0	0	0	0	0	0	0	0	0	0	0	2	0	0	0	0	0	2	2	2	2	2	2	1	1	2	1	1	1	1	1	1	0	1	1	1	1	1	1	1	1	1	1	1	1	1	1	1	0	1	1	1	1	1	1	0	1	1	1	1	1	1	0	0	1	1	1	1	1	1	1	1	1	2	0	1	2	0	2	1	2	0	1	1	1	1	1	1	2	1	0	0	2	0	0	2	2	2	0	0	0	0	2	0	0	0	2	2	2	2	2	0	2	2	2	2	2	2	2	2	2	2	2	2	0	2	2	2	2	2	2	2	0	2
331	0	0	0	0	0	2	2	2	2	1	2	1	1	0	0	2	2	2	2	0	2	2	0	1	0	1	0	0	2	2	0	1	0	0	0	0	0	1	0	0	0	2	2	0	0	0	0	0	0	0	0	0	1	0	0	0	2	0	1	0	0	1	2	2	2	2	2	2	0	0	2	0	0	0	0	0	0	0	0	0	0	0	0	0	0	0	0	0	0	0	0	0	0	0	0	0	0	0	0	0	0	0	0	0	0	0	0	0	0	0	0	0	0	0	0	0	0	0	2	0	1	2	0	1	1	2	0	2	2	1	1	1	2	2	0	0	0	2	0	0	2	2	2	0	0	0	0	2	0	0	0	2	2	2	2	2	0	2	2	1	2	2	2	2	2	2	1	2	1	0	2	2	2	2	2	2	2	0	2
332	1	0	0	0	0	2	2	2	2	2	2	0	0	0	0	2	2	1	2	0	2	2	0	0	0	0	0	0	1	2	0	1	0	0	0	0	0	0	0	0	0	2	2	0	0	0	0	0	0	1	0	0	0	0	0	0	2	0	0	0	0	0	2	2	1	2	2	2	0	1	2	0	0	0	0	0	0	0	0	0	0	0	0	0	0	0	0	0	0	0	0	0	0	0	0	0	0	0	0	0	0	0	0	0	0	0	0	0	0	0	1	0	0	0	0	0	0	0	2	0	1	2	0	1	1	2	0	1	1	1	1	0	1	2	1	0	0	2	0	0	2	2	2	0	0	0	0	2	0	0	0	2	2	2	2	2	0	2	2	2	2	2	2	2	2	2	1	2	1	0	2	2	2	2	2	2	2	0	2
333	0	0	0	0	0	1	0	0	1	1	1	0	0	0	0	2	2	1	2	0	2	2	0	1	0	1	0	0	2	1	0	1	0	0	0	0	0	1	0	0	0	2	2	0	0	0	0	0	0	0	0	0	1	0	0	0	2	0	1	0	0	1	0	0	1	2	2	2	0	0	2	0	0	0	0	0	0	0	0	0	0	0	0	0	0	0	0	0	0	0	0	0	0	0	0	0	0	0	0	0	0	0	0	0	0	0	0	1	0	0	0	0	0	0	0	0	0	0	2	0	0	1	0	1	0	2	0	1	1	0	0	0	0	1	1	0	0	2	0	0	2	1	1	0	0	0	0	0	0	0	0	1	2	2	1	2	0	2	2	1	1	1	1	1	1	1	0	1	0	0	1	2	2	2	1	2	1	0	1
334	1	0	0	0	0	2	2	2	1	2	2	1	1	0	0	2	2	0	2	0	2	2	0	0	0	0	0	0	2	2	0	0	0	0	0	0	0	0	0	0	0	2	2	0	0	0	0	0	0	0	0	0	0	0	0	0	2	0	0	0	0	0	2	2	2	2	2	2	0	0	2	0	0	0	0	0	0	0	0	0	0	0	0	0	0	0	0	0	0	0	0	0	0	0	0	0	0	0	0	0	0	0	0	0	0	0	0	0	0	0	0	0	0	0	0	0	0	0	2	0	0	2	0	1	0	2	0	1	1	0	0	0	0	1	1	0	0	2	0	0	2	1	1	0	0	0	0	2	0	0	0	2	2	2	2	2	0	2	2	1	1	1	2	1	1	2	0	1	1	0	2	2	2	2	2	2	2	0	2
335	0	0	0	0	0	0	0	0	2	0	1	1	1	0	0	2	2	2	2	0	2	2	0	2	0	2	0	0	2	2	0	2	0	0	0	0	0	2	0	0	0	2	2	0	0	0	0	0	0	0	0	0	2	0	0	0	2	0	2	0	1	2	1	1	2	2	2	2	0	0	2	0	1	0	0	0	0	0	0	0	0	0	0	0	0	0	0	0	0	0	0	0	0	0	0	0	0	0	0	0	0	0	0	0	0	0	0	1	0	0	0	0	0	0	0	0	0	0	2	0	2	1	0	2	2	2	0	1	1	1	1	1	1	2	1	0	0	2	1	1	2	2	2	1	1	1	1	2	0	1	0	2	2	2	2	2	1	2	2	2	2	2	2	2	2	2	2	2	2	1	2	2	2	2	2	2	2	1	2
336	1	0	0	0	0	0	0	1	2	0	0	0	0	0	0	2	2	2	2	0	2	2	0	2	0	2	0	0	2	2	0	2	0	0	0	0	0	2	0	0	0	2	2	0	0	0	0	0	0	0	0	0	2	0	0	0	1	0	2	0	0	1	1	2	2	2	2	2	0	0	2	1	1	1	0	0	0	0	0	1	1	1	1	1	1	1	0	0	1	1	1	1	1	0	1	0	0	0	0	0	0	0	0	0	0	0	0	0	0	0	0	0	0	0	0	0	0	0	2	0	0	1	0	1	0	2	0	1	1	0	0	0	1	1	1	0	0	2	0	0	2	1	1	0	0	0	0	1	0	0	0	1	2	2	1	2	0	2	2	1	1	1	1	1	1	1	0	1	1	0	1	2	2	2	1	2	1	0	1
337	1	0	0	0	0	1	1	1	1	1	1	1	1	0	0	1	1	1	1	0	1	1	0	0	0	0	0	0	1	1	0	0	0	0	0	0	0	0	0	0	0	1	1	0	0	0	0	0	0	0	0	0	0	0	0	0	0	0	0	0	0	0	0	0	1	1	1	1	0	0	1	0	0	0	0	0	0	0	0	0	0	0	0	0	0	0	0	0	0	0	0	0	0	1	0	0	0	0	0	0	0	0	0	0	0	0	0	1	1	0	0	0	0	0	0	0	0	0	1	0	0	1	0	1	0	1	0	1	1	0	0	0	1	1	1	0	0	1	0	0	1	1	1	0	0	0	0	0	0	0	0	1	1	1	1	1	0	1	1	1	1	1	1	1	1	1	0	1	0	0	1	1	1	1	1	1	1	0	1
338	1	0	0	0	0	2	2	2	2	2	2	0	0	1	0	2	2	2	2	0	2	2	0	1	0	1	0	0	2	2	0	1	0	0	0	0	0	1	0	0	0	2	2	0	0	0	0	0	0	0	0	0	1	0	0	0	2	0	1	0	1	1	2	2	2	2	2	2	1	1	2	1	1	1	1	1	1	0	1	1	1	1	1	1	1	1	1	1	1	1	1	0	1	0	1	1	1	1	1	1	1	1	1	1	1	1	1	0	0	1	1	1	1	1	1	1	1	1	2	0	1	1	0	0	1	2	0	1	1	1	1	1	1	1	1	1	0	2	0	0	2	1	1	0	0	0	0	1	0	0	0	2	2	2	2	2	0	2	2	1	1	1	2	1	1	2	1	1	2	0	2	2	2	2	2	2	2	0	2
339	0	0	0	0	0	0	0	0	2	0	0	0	0	1	0	2	2	2	2	0	2	2	0	2	0	2	0	0	2	2	0	2	0	0	0	0	0	2	0	0	0	2	2	0	0	0	0	0	0	1	0	0	2	0	0	0	1	0	2	0	0	2	1	1	2	2	2	2	0	0	2	0	0	0	0	0	0	0	0	0	0	0	0	0	0	0	0	0	0	0	0	0	0	0	0	0	0	0	0	0	0	0	0	0	0	0	0	1	0	0	0	0	0	0	0	0	0	0	2	0	2	2	0	2	1	2	0	2	2	2	2	2	2	2	0	0	0	2	0	0	2	2	1	0	0	0	0	2	0	0	0	2	2	2	2	2	0	2	2	2	2	1	2	2	2	2	2	2	2	0	1	2	2	2	2	2	2	0	2
340	0	0	0	0	0	0	0	0	1	0	0	0	0	0	0	1	1	0	1	0	1	1	0	1	0	1	0	0	1	1	0	1	0	0	0	0	0	1	0	0	0	1	1	0	0	0	0	0	0	0	0	0	1	0	0	0	1	0	1	0	0	1	1	1	1	1	1	1	0	0	1	0	0	0	0	0	0	0	0	0	0	0	0	0	0	0	0	0	0	0	0	0	0	1	0	0	0	0	0	0	0	0	0	0	0	0	0	0	0	0	0	0	0	0	0	0	0	0	1	0	0	1	0	1	0	2	0	1	1	0	0	0	1	1	1	0	0	2	0	0	2	1	1	0	0	0	0	1	0	0	0	1	2	2	1	2	0	1	2	1	1	1	1	1	1	1	0	1	1	0	1	2	2	2	1	2	1	0	1
341	1	0	0	0	0	2	2	2	2	2	2	1	1	0	0	2	2	1	2	0	2	2	0	0	0	0	0	0	2	2	0	0	0	0	0	0	0	1	0	0	0	2	2	0	0	0	0	0	0	0	0	0	1	0	0	0	2	0	1	0	1	1	2	2	2	2	2	2	0	0	2	0	0	0	0	0	0	0	0	0	0	0	0	0	0	0	0	0	0	0	0	0	0	0	0	0	0	0	0	0	0	0	0	0	0	0	0	0	0	0	0	0	0	0	0	0	0	0	2	0	1	2	0	0	1	2	0	1	2	1	1	1	2	2	1	0	0	2	0	0	2	2	2	0	0	0	0	2	0	0	0	2	2	2	2	2	0	2	2	1	2	2	2	2	2	2	1	2	1	0	2	2	2	2	2	2	2	0	2
342	0	0	0	0	0	0	0	0	2	0	0	0	0	0	0	2	2	2	2	0	2	2	0	2	0	2	0	0	1	2	0	2	0	0	0	0	0	2	0	0	0	2	2	0	0	0	0	0	0	0	0	0	1	0	0	0	2	0	1	0	0	1	2	2	2	2	2	2	0	0	2	0	0	0	0	0	0	0	0	0	0	0	0	0	0	0	0	0	0	0	0	0	0	0	0	0	0	0	0	0	0	0	0	0	0	0	0	0	0	0	0	0	0	0	0	0	0	1	2	0	0	1	0	0	0	2	0	0	0	0	0	0	0	1	2	0	0	2	0	0	2	1	1	1	0	0	0	1	1	0	0	1	2	2	1	2	0	1	2	1	1	1	1	1	0	1	0	1	1	0	1	2	2	2	1	2	1	0	1
343	0	0	0	0	0	0	0	0	1	0	0	0	0	0	0	2	2	2	2	0	2	2	0	2	0	2	0	0	1	2	0	2	0	0	0	0	0	2	0	0	0	2	2	0	0	0	0	0	0	0	0	0	2	0	0	0	1	0	2	0	1	2	2	2	2	2	2	2	0	0	2	0	0	0	0	0	0	0	0	0	0	0	0	0	0	0	0	0	0	0	0	0	0	0	0	0	0	0	0	0	0	1	0	0	0	0	0	0	0	0	0	0	0	0	0	0	0	0	2	0	1	2	0	2	2	2	0	2	2	2	2	2	2	2	0	0	0	2	0	0	2	2	2	0	0	0	0	2	0	0	0	2	2	2	2	2	0	2	2	2	2	2	2	2	2	2	2	2	2	0	2	2	2	2	1	1	1	0	1
344	1	0	0	0	0	1	1	1	1	1	1	1	1	1	0	1	1	2	1	0	1	1	0	0	0	0	0	0	1	1	0	0	0	0	0	0	0	0	0	0	0	1	2	0	0	0	0	0	0	1	0	0	0	0	0	0	1	0	0	0	0	0	1	1	1	1	1	1	1	1	1	1	1	1	1	1	1	0	1	1	0	0	0	0	1	1	1	1	1	1	0	1	0	1	1	1	1	1	1	1	1	1	1	1	1	1	1	0	0	1	1	1	1	1	1	1	1	1	1	0	1	1	0	1	1	1	0	2	2	2	2	2	2	2	0	0	0	2	0	0	2	2	2	0	0	0	0	2	0	0	0	2	2	2	2	2	0	2	2	2	2	2	2	2	2	2	2	2	2	0	2	2	2	2	2	2	2	0	2
345	0	1	1	0	1	2	1	2	1	2	2	1	1	2	1	2	2	1	2	1	2	2	1	1	1	2	1	1	1	1	1	1	1	1	1	1	1	1	1	1	1	2	2	1	0	1	1	1	1	1	0	1	1	1	1	1	1	1	1	1	1	1	1	1	2	2	2	2	0	0	2	0	0	0	0	0	0	0	0	0	0	0	0	0	0	0	0	0	0	0	0	0	0	0	0	0	0	0	0	0	0	0	0	0	0	0	0	0	0	0	0	0	0	0	0	0	0	0	2	0	0	0	0	0	1	2	0	1	1	1	1	1	1	1	1	0	0	2	0	0	2	1	1	0	0	0	0	2	0	0	1	2	1	1	2	2	0	2	2	1	1	1	1	1	1	2	1	1	2	0	2	2	1	2	2	2	2	0	2
346	1	0	0	0	0	1	1	1	2	1	1	1	1	0	0	2	2	1	2	0	2	2	0	0	0	0	0	0	2	2	0	0	0	0	0	0	0	1	0	0	0	2	2	0	0	0	0	0	0	0	0	0	1	0	0	0	2	0	1	0	0	1	2	2	2	2	2	2	0	0	2	0	0	1	0	0	0	0	0	0	0	0	0	0	0	0	0	0	0	0	0	0	0	0	0	0	0	0	0	0	0	0	0	0	0	0	0	0	0	0	0	0	0	0	0	0	0	0	1	0	0	1	0	1	0	2	0	1	1	0	0	0	1	1	1	0	0	2	0	0	2	1	1	0	0	0	0	1	0	0	0	1	2	2	1	2	0	2	2	1	1	1	1	1	1	1	0	1	0	0	1	2	2	2	1	2	1	0	1
347	1	0	0	0	0	1	1	0	1	1	1	1	1	0	0	1	1	1	1	0	1	1	0	0	0	0	0	0	1	0	0	0	0	0	0	0	0	0	0	0	0	1	0	0	0	0	0	0	0	0	0	0	0	0	0	0	0	0	0	0	0	0	0	0	0	1	1	1	1	1	1	2	1	1	1	1	1	1	1	1	1	1	1	1	0	1	0	0	1	1	1	1	1	1	1	1	1	1	1	1	0	1	1	1	1	1	1	1	1	1	1	1	1	1	1	1	1	1	1	0	0	0	0	0	0	1	0	0	0	0	0	0	0	1	2	1	0	1	0	0	1	0	0	0	0	0	0	1	0	0	0	1	1	1	1	1	0	1	1	0	1	0	2	1	0	1	0	1	1	0	1	2	2	2	2	2	2	0	2
348	0	0	0	0	0	1	1	0	2	0	0	0	0	0	0	2	2	1	2	0	2	2	0	1	0	1	0	0	1	1	0	1	0	0	0	0	0	1	0	0	0	2	2	0	0	0	0	0	0	1	0	0	1	0	0	0	2	0	1	0	1	1	2	2	2	2	2	2	0	1	2	1	0	1	0	0	0	0	0	0	0	0	0	0	0	0	0	0	0	0	0	0	0	0	0	0	0	0	0	0	0	0	0	0	0	0	0	1	0	0	0	0	0	0	0	0	0	0	2	0	2	1	0	1	1	2	0	1	1	1	1	1	1	2	1	0	0	2	0	0	2	2	1	0	0	0	0	2	0	0	0	2	2	2	2	2	0	2	2	2	2	2	2	2	2	2	1	2	1	0	2	2	2	2	1	1	1	0	1
349	1	0	0	0	0	0	0	0	0	0	0	0	0	0	0	0	1	0	1	0	0	0	0	1	0	1	0	0	1	1	0	1	0	0	0	0	0	1	0	0	0	1	1	0	0	0	0	0	0	0	0	0	1	0	0	0	1	0	1	0	1	1	1	1	1	1	1	1	0	0	1	0	0	0	0	1	0	0	0	0	0	0	0	0	0	0	0	0	0	0	0	0	0	1	0	0	0	0	0	0	0	0	0	0	0	0	0	0	0	0	0	0	0	0	0	0	0	0	0	0	0	0	0	0	0	0	0	1	1	1	1	1	1	1	1	0	0	1	0	0	1	1	1	0	0	0	0	2	0	0	0	2	1	1	1	2	0	2	2	2	2	2	2	2	2	2	2	2	1	0	2	2	2	2	2	2	1	0	2
350	0	0	0	0	0	2	2	2	2	2	2	1	1	0	0	2	2	1	2	0	2	2	0	0	0	0	0	0	0	2	1	0	0	0	0	0	0	0	0	0	0	2	2	0	0	0	0	0	0	0	0	0	0	0	0	0	2	0	0	0	0	0	2	2	2	2	2	2	1	2	2	2	1	2	1	1	1	0	1	0	0	1	0	0	1	1	1	1	1	1	1	0	1	1	1	1	1	1	1	0	0	1	0	1	1	1	1	0	0	1	1	1	0	1	1	1	1	1	2	0	2	0	0	0	0	1	0	1	0	0	0	0	0	2	2	0	0	2	0	0	2	2	2	1	0	0	0	2	1	0	0	2	2	2	2	2	0	2	2	2	2	2	2	2	1	2	0	2	2	0	2	2	2	2	2	2	1	0	1
351	0	0	0	0	0	1	1	1	2	1	1	1	1	0	0	2	2	1	2	0	2	2	0	1	0	1	0	0	2	2	0	1	0	0	0	0	0	1	0	0	0	2	2	0	0	0	0	0	0	0	0	0	1	0	0	0	1	0	1	0	1	1	2	2	2	2	2	2	0	0	2	0	0	0	0	0	0	0	0	0	0	0	0	0	0	0	0	0	0	0	0	0	0	0	0	0	0	0	0	0	0	1	0	0	0	0	0	0	0	0	0	0	0	0	0	0	0	0	2	0	0	2	0	1	1	2	0	2	2	1	1	1	2	2	1	0	0	2	0	0	2	2	2	0	0	0	0	2	0	0	0	2	2	2	2	2	0	2	2	1	2	2	2	2	2	2	1	2	1	0	2	2	2	2	1	1	1	0	1
352	0	0	0	0	0	0	0	0	2	0	0	0	0	0	0	2	2	2	2	0	2	2	0	2	0	2	0	0	2	2	0	2	0	0	0	0	0	2	0	0	0	2	2	0	0	0	0	0	0	0	0	0	2	0	0	0	2	0	2	0	1	2	2	2	2	2	2	2	0	0	2	0	0	0	0	0	0	0	0	0	0	0	0	0	0	0	0	0	0	0	0	0	0	0	0	0	0	0	0	0	0	0	0	0	0	0	0	1	0	0	0	0	0	0	0	0	0	0	2	0	2	2	0	2	1	2	0	2	2	2	2	2	2	2	0	0	0	2	0	0	2	2	2	0	0	0	0	2	0	0	0	2	2	2	2	2	0	2	2	2	2	2	2	2	2	2	2	2	2	0	2	2	2	2	2	2	2	1	2
353	0	0	0	0	0	1	1	1	2	1	1	1	1	1	0	2	2	2	2	0	2	2	0	1	0	1	0	0	2	2	0	1	0	0	0	0	0	1	0	0	0	2	2	0	0	0	0	0	0	1	0	0	1	0	0	0	1	0	1	0	0	1	1	1	2	2	2	2	1	1	2	1	1	1	1	1	1	0	1	2	1	1	1	1	1	2	2	2	2	2	1	2	1	0	2	2	2	2	2	2	1	1	1	1	1	1	1	1	0	1	1	1	1	1	1	1	1	1	1	0	1	1	0	1	1	1	0	1	1	1	1	1	1	1	1	0	0	1	0	0	1	1	1	0	0	0	0	1	0	0	0	1	2	2	1	1	0	1	1	1	1	1	1	1	1	1	1	1	1	0	1	2	2	2	1	2	1	0	1
354	1	0	0	0	0	0	0	0	1	0	0	0	0	0	0	1	1	1	1	0	1	1	0	1	0	1	0	0	0	1	0	1	0	0	0	0	0	1	0	0	0	1	1	0	0	0	0	0	0	1	0	0	0	0	0	0	0	0	0	0	0	0	1	1	1	1	1	1	0	0	1	0	0	0	0	0	0	0	0	0	0	0	0	0	0	0	0	0	0	0	0	0	0	1	0	0	0	0	0	0	0	0	0	0	0	0	0	1	0	0	0	0	0	0	0	0	0	1	1	0	0	1	0	0	0	1	0	1	1	0	1	1	1	1	2	0	0	1	0	0	1	1	1	1	0	0	0	1	1	0	0	1	1	1	1	2	0	1	2	2	2	2	2	2	1	2	1	2	1	0	2	2	2	2	2	2	2	0	2
355	0	0	0	0	0	2	2	2	2	2	2	1	1	0	0	2	2	1	2	0	2	2	0	0	0	0	0	0	0	2	1	0	0	0	0	0	0	0	0	0	0	2	2	0	0	0	0	0	0	0	0	0	0	0	0	0	2	0	0	0	0	0	2	2	2	1	2	2	1	2	2	2	1	2	0	0	1	0	1	0	1	1	1	1	1	1	1	1	1	1	1	1	1	0	1	1	1	1	1	0	0	1	0	1	1	1	1	1	0	1	1	1	0	1	1	1	1	1	2	0	2	0	0	1	0	2	0	0	0	0	0	0	0	1	2	0	0	2	0	0	2	1	1	0	0	0	0	1	0	0	0	1	2	2	1	1	0	2	2	1	1	1	1	1	1	1	0	1	1	0	1	2	2	2	1	2	1	0	1
356	0	0	0	0	0	0	0	0	2	0	0	0	0	0	0	2	2	2	2	0	2	2	0	2	0	2	0	0	1	2	0	2	0	0	0	0	0	2	0	0	0	2	2	0	0	0	0	0	0	0	0	0	1	0	0	0	2	0	1	0	1	1	2	2	2	2	2	2	0	0	2	0	1	1	1	1	1	0	1	0	1	1	1	1	1	1	1	1	1	1	1	1	1	0	1	1	1	1	1	0	0	1	0	1	1	1	1	0	0	1	1	1	0	1	0	0	0	1	1	0	0	1	0	0	0	1	0	0	0	0	0	0	0	1	2	0	0	2	0	0	2	1	1	1	0	0	0	1	1	0	0	1	2	2	1	2	0	1	2	1	1	1	1	1	0	1	0	1	1	0	1	2	2	2	1	2	1	0	1
357	1	0	0	0	0	1	1	1	1	1	1	1	1	0	0	1	1	1	1	0	1	1	0	0	0	0	0	0	1	1	0	0	0	0	0	0	0	0	0	0	0	1	2	0	0	0	0	0	0	0	0	0	0	0	0	0	1	0	0	0	0	0	1	1	1	1	1	1	1	1	1	1	1	1	0	1	1	0	1	1	1	1	1	1	1	1	1	1	1	1	1	1	1	1	1	1	1	1	1	1	1	1	1	1	1	1	1	0	0	1	1	1	1	1	1	1	1	1	1	0	0	0	0	0	0	1	0	1	1	1	1	1	1	1	1	1	0	2	0	0	2	1	1	0	0	0	0	1	0	0	0	2	2	2	2	2	0	2	2	1	1	1	2	1	1	2	1	1	2	0	2	2	2	2	2	2	2	0	2
358	1	0	0	0	0	1	1	2	2	1	1	1	1	1	0	2	2	2	2	0	2	2	0	2	0	2	0	0	2	2	0	2	0	0	0	0	0	2	0	0	0	2	2	0	0	0	0	0	0	0	0	0	2	0	0	0	2	0	2	0	1	1	2	2	2	2	2	2	1	1	2	1	1	1	1	1	1	0	1	0	1	0	0	0	0	1	1	1	1	1	1	1	1	0	1	0	0	0	0	0	0	0	0	0	0	1	0	0	0	0	0	0	0	0	0	0	0	0	2	0	1	2	0	1	1	2	0	2	2	1	1	1	2	2	0	0	0	2	0	0	2	2	2	0	0	0	0	2	0	0	0	2	2	2	2	2	0	2	2	2	2	2	2	2	2	2	1	2	2	0	2	2	2	2	2	2	2	0	2
359	0	0	0	0	0	1	1	1	2	0	1	1	1	0	0	2	2	1	2	0	2	2	0	1	0	1	0	0	2	2	0	0	0	0	0	0	0	1	0	0	0	2	2	0	0	0	0	0	0	1	0	0	1	0	0	0	1	0	1	0	1	1	2	2	2	2	2	2	0	0	2	0	0	0	0	0	0	0	0	0	0	0	0	0	0	0	0	0	0	0	0	0	0	0	0	0	0	0	0	0	0	1	0	0	0	0	0	0	0	0	0	0	0	0	0	0	0	0	2	0	0	2	0	1	1	2	0	1	1	1	1	1	1	2	1	0	0	2	0	0	2	2	2	0	0	0	0	2	0	0	0	2	2	2	2	2	0	2	2	2	2	2	2	2	2	2	1	2	2	0	2	2	2	2	1	1	0	0	1
360	1	0	0	0	0	2	2	2	2	2	2	1	1	1	0	2	2	1	2	0	2	2	0	1	0	1	0	0	1	2	1	1	0	0	0	0	0	1	0	0	0	2	2	0	0	0	0	0	0	0	0	0	1	0	0	0	1	0	1	0	1	1	2	2	2	2	2	2	1	1	2	1	1	1	1	1	1	0	1	0	1	1	1	1	1	1	1	1	1	1	1	0	0	1	0	0	0	0	0	0	0	0	0	0	0	0	0	0	1	0	0	0	0	0	0	0	0	0	1	0	1	1	0	0	1	1	0	1	1	1	1	1	1	1	1	0	0	1	0	0	1	1	1	0	0	0	0	1	0	0	0	1	1	1	1	1	0	1	1	1	2	1	2	2	1	2	1	2	2	0	1	2	2	2	2	2	2	0	2
361	0	0	0	0	0	1	1	1	2	1	1	1	1	0	0	2	2	2	2	0	2	2	0	1	0	1	0	0	2	2	0	1	0	0	0	0	0	1	0	0	0	2	2	0	0	0	0	0	0	0	0	0	1	0	0	0	2	0	1	0	0	1	2	2	2	2	2	2	1	1	2	1	1	1	1	1	1	0	1	1	1	1	1	1	1	1	1	1	1	1	1	1	1	0	1	1	1	1	1	1	1	1	1	1	1	1	1	0	0	1	1	1	1	1	1	1	1	1	2	0	1	1	0	1	1	2	0	1	1	1	1	1	1	1	1	0	0	2	0	0	2	1	1	0	0	0	0	2	0	0	0	2	2	2	2	2	0	2	2	1	1	1	2	1	1	2	1	1	2	0	2	2	2	2	2	2	2	0	2
362	0	0	0	0	0	2	2	2	2	2	2	1	1	0	0	2	2	1	2	0	2	2	0	1	0	1	0	0	1	2	1	1	0	0	0	0	0	1	0	0	0	2	2	0	0	0	0	0	0	0	0	0	1	0	0	0	1	0	1	0	1	1	2	2	2	2	2	2	1	1	2	1	1	1	1	1	1	0	1	1	1	1	1	1	1	1	1	1	1	1	1	1	1	0	1	1	1	1	1	1	0	1	0	1	1	1	1	0	0	1	1	1	0	1	1	1	1	1	2	0	1	1	0	0	1	1	0	1	1	1	1	1	1	1	1	0	0	2	0	0	2	2	2	0	0	0	0	2	0	0	0	2	2	2	2	2	0	2	2	2	2	2	2	2	2	2	2	2	2	0	2	2	2	2	2	2	2	0	2
363	0	1	1	0	1	2	1	2	1	2	2	1	1	1	1	2	2	1	2	1	2	2	1	0	1	1	0	1	1	2	0	0	2	1	1	1	1	0	1	1	1	2	2	1	1	1	0	1	1	1	1	1	0	1	1	1	2	1	0	1	0	0	1	1	2	2	2	2	0	0	2	0	0	0	0	0	0	0	0	0	0	0	0	0	0	0	0	0	0	0	0	0	0	0	0	0	0	0	0	0	0	0	0	0	0	0	0	0	0	0	0	0	0	0	0	0	0	0	2	0	0	1	0	1	0	2	0	1	1	0	0	0	1	1	1	0	0	2	0	0	2	1	1	0	0	0	0	2	0	0	1	2	1	1	2	2	0	2	2	1	1	1	2	1	1	2	0	1	1	0	2	2	2	2	2	2	2	0	2
364	0	0	0	0	0	1	1	1	2	1	1	1	1	0	0	2	2	1	2	0	2	2	0	1	0	1	0	0	2	1	0	1	0	0	0	0	0	1	0	0	0	2	1	0	0	0	0	0	0	0	0	0	1	0	0	0	1	0	1	0	0	0	1	1	1	2	2	2	2	2	2	2	1	1	1	1	1	0	1	0	2	2	2	2	1	2	2	2	2	2	2	2	2	0	2	1	1	1	1	1	1	1	1	1	1	1	1	1	0	0	0	1	1	1	1	1	1	1	2	0	0	1	0	1	0	2	0	1	1	0	0	0	1	1	1	0	0	2	0	0	2	1	1	0	0	0	0	2	0	0	0	2	2	2	2	2	0	2	2	1	1	1	2	1	1	2	0	1	2	0	1	2	2	2	2	2	2	0	2
365	0	0	0	0	0	2	2	2	2	2	2	1	1	0	0	2	2	1	2	0	2	2	0	0	0	0	0	0	1	2	1	0	0	0	0	0	0	0	0	0	0	2	2	0	0	0	0	0	0	0	0	0	0	0	0	0	1	0	0	0	0	0	2	2	2	2	2	2	1	1	2	1	1	1	1	1	1	0	1	0	1	0	0	0	1	1	1	1	1	1	1	1	1	0	1	1	1	1	1	0	0	1	0	1	1	1	1	0	0	1	1	1	0	1	1	1	1	1	2	0	1	1	0	2	1	2	0	1	1	1	0	1	1	2	1	0	0	2	0	0	2	1	1	0	0	0	0	1	0	0	0	1	2	2	1	1	0	2	2	1	1	1	1	1	1	1	1	1	1	0	1	2	2	2	1	2	1	0	1
366	0	0	0	0	0	1	1	1	2	1	1	0	0	0	0	2	2	1	2	0	2	2	0	1	0	1	0	0	1	2	0	1	0	0	0	0	0	1	0	0	0	2	2	0	0	0	0	0	0	0	0	0	1	0	0	0	2	0	1	0	0	1	2	2	2	2	2	2	0	1	2	1	0	1	0	0	0	0	0	0	0	0	0	0	0	0	0	0	0	0	0	0	0	0	0	0	0	0	0	0	0	0	0	0	0	0	0	0	0	0	0	0	0	0	0	0	0	0	1	0	1	0	0	0	0	2	0	0	0	0	0	0	0	1	2	0	0	2	0	0	2	1	1	0	0	0	0	1	0	0	0	1	2	2	1	2	0	2	2	1	1	1	1	1	1	1	0	1	1	0	1	2	2	2	1	2	1	0	1
367	0	1	1	0	1	1	1	1	2	1	1	1	1	2	1	2	2	1	2	1	2	2	1	0	1	2	1	1	1	2	1	1	1	1	1	1	1	1	1	1	1	2	2	1	1	1	0	1	1	1	1	1	1	1	1	1	2	1	1	1	0	1	1	1	2	2	2	2	0	0	2	0	0	0	0	0	0	0	0	0	0	0	0	0	0	0	0	0	0	0	0	0	0	0	0	0	0	0	0	0	0	0	0	0	0	0	0	1	0	0	0	0	0	0	0	0	0	0	2	0	1	1	0	1	1	2	0	1	1	1	1	1	1	1	1	0	0	2	0	0	2	1	1	0	0	0	0	2	0	0	1	2	1	1	2	2	0	2	2	1	1	1	2	1	1	2	1	1	2	0	2	2	2	2	2	2	2	0	2
368	1	0	0	0	0	1	1	1	2	1	1	1	1	0	0	2	2	2	2	0	2	2	0	1	0	1	0	0	2	2	0	1	0	0	0	0	0	1	0	0	0	2	2	0	0	0	0	0	0	0	0	0	1	0	0	0	1	0	1	0	0	1	2	2	2	2	2	2	1	1	2	1	1	1	1	1	1	0	1	1	1	1	1	1	1	1	1	1	1	1	1	1	1	0	1	1	1	1	1	1	1	1	1	1	1	1	1	1	0	1	1	1	1	1	1	1	1	1	2	0	1	1	1	1	2	2	0	1	1	1	1	1	1	1	1	0	0	2	0	0	2	1	1	0	0	0	0	2	0	0	0	2	2	2	2	2	0	2	2	1	1	1	2	1	1	2	1	1	2	0	2	2	1	2	2	2	2	0	2
369	0	0	0	0	0	1	1	1	2	1	1	1	1	0	0	2	2	1	2	0	2	2	0	1	0	1	0	0	1	2	0	1	0	0	0	0	0	1	0	0	0	2	2	0	0	0	0	0	0	0	0	0	0	0	0	0	2	0	0	0	0	0	2	2	2	1	2	2	0	0	2	0	0	0	0	0	0	0	0	0	0	0	0	0	0	0	0	0	0	0	0	0	0	0	0	0	0	0	0	0	0	0	0	0	0	0	0	0	0	0	0	0	0	0	0	0	0	1	2	0	0	2	0	1	0	2	0	1	1	0	0	0	2	2	1	0	0	2	0	0	2	2	2	1	0	0	0	2	1	0	0	2	2	2	2	2	0	1	2	1	2	2	2	2	1	2	0	2	1	0	2	2	2	2	2	2	2	0	2
370	0	0	0	0	0	2	2	2	2	2	2	1	1	0	0	2	2	0	2	0	2	2	0	0	0	0	0	0	1	2	0	0	0	0	0	0	0	0	0	0	0	2	2	0	0	0	0	0	0	0	0	0	0	0	0	0	2	0	0	0	0	0	2	2	2	2	2	2	0	1	2	1	0	1	0	0	0	0	0	0	0	0	0	0	0	0	0	0	0	0	0	0	0	0	0	0	0	0	0	0	0	0	0	0	0	0	0	0	0	0	0	0	0	0	0	0	0	0	2	0	1	1	0	1	0	2	0	1	1	0	0	0	1	2	1	0	0	2	0	0	2	2	2	0	0	0	0	2	0	0	0	2	2	2	2	2	0	2	2	2	2	2	2	2	2	2	0	2	1	0	2	2	2	2	2	2	2	0	2
371	0	0	0	0	0	1	1	1	1	1	2	1	1	0	0	2	2	2	2	0	2	2	0	0	0	0	0	0	2	2	0	0	0	0	0	0	0	0	0	0	0	2	2	0	0	0	0	0	0	1	0	0	0	0	0	0	2	0	0	0	0	0	2	2	2	2	2	2	2	2	2	2	2	2	2	2	2	0	2	1	2	2	2	2	2	2	2	2	2	2	2	2	2	0	2	2	2	2	2	2	1	2	2	2	2	2	2	2	0	2	2	2	2	2	2	2	2	2	2	0	0	0	0	0	0	2	0	0	0	0	0	0	0	0	2	1	0	2	0	0	2	0	0	0	0	0	0	2	0	0	0	2	2	2	2	2	0	2	2	0	0	0	2	0	0	2	0	0	2	0	2	2	2	2	2	2	2	0	2
372	0	0	0	0	0	1	1	1	2	1	1	1	1	0	0	2	2	2	2	0	2	2	0	1	0	1	0	0	2	2	0	1	0	0	0	0	0	1	0	0	0	2	2	0	0	0	0	0	0	0	0	0	1	0	0	0	2	0	1	0	1	1	2	2	2	2	2	2	1	1	2	1	1	1	0	0	1	0	1	1	1	1	1	1	1	1	1	1	1	1	1	1	1	0	1	1	1	1	1	1	1	1	1	1	1	1	1	0	0	1	1	1	1	1	1	1	1	1	2	0	1	1	0	1	1	2	0	1	1	1	1	1	1	1	1	1	0	2	0	0	2	1	1	0	0	0	0	2	0	0	0	2	2	2	2	2	0	2	2	1	1	1	2	1	1	2	1	1	2	0	2	2	2	2	1	1	1	0	1
