29	1	0	1	0	1	0	0	0	0	0	0	0	1	1	1	1	1	0	1	1	1	0	1	0	0	1	0	0	1	0	0	0	0	0	0	0	0	0	0	0	0	0	0	0	0	0	0	0	1	0	0	0	0	0	0	0	0	0	0	0	0	0	0	0	0	0	0	0	1	0	0	0	0	0	0	0	0	0	0	0	0	1	0	0	0	0	0	0	0	0	0	0	0	0	0	0	0	1	0	0	0	0	0	0	0	0	0	0	1	0	0	0	0	0	0	0	0	0	0	0	0	0	0	1	0	2	2	0	0	0	0	2	2	0	2	2	2	1	2	2	0	2	2	2	2	0	2	2	1	2	2	2	2	0	0	0	1	1	0	0	2	2	2	1	2	1	1	0	0	0	1	1	0	2	0	0	0	0	0	0
30	0	1	2	0	0	0	0	0	0	0	0	0	2	2	0	1	2	0	2	2	2	0	1	0	0	2	0	0	1	1	1	1	1	1	0	2	0	1	0	0	2	2	0	0	1	0	0	0	2	2	0	0	0	0	0	0	1	0	0	0	0	1	1	0	0	0	0	0	0	0	1	1	0	1	1	0	1	0	0	0	0	2	1	1	0	0	0	0	0	1	0	0	0	0	0	0	0	0	0	0	0	0	0	0	0	0	0	0	0	0	0	0	0	0	0	0	0	0	0	0	0	0	0	0	0	1	1	0	0	0	0	1	1	0	1	1	1	0	1	1	0	1	1	1	1	0	1	1	1	1	1	1	1	0	0	0	1	1	0	0	2	2	2	1	2	1	1	0	0	0	1	0	0	1	0	0	0	0	0	0
31	1	2	2	1	1	1	1	1	0	1	1	1	1	1	0	0	2	1	1	2	1	0	2	1	1	2	1	0	1	0	1	2	1	1	0	2	0	1	0	0	1	1	0	1	1	0	0	0	2	2	0	0	0	0	0	0	0	0	0	0	0	0	0	0	0	0	0	0	1	0	0	0	0	0	0	0	0	0	0	0	0	0	0	2	0	2	2	0	1	0	1	0	0	0	0	0	0	2	0	0	0	0	0	0	0	0	0	0	1	0	0	0	0	0	0	0	0	0	0	1	0	0	0	1	0	1	1	0	0	0	0	1	1	0	1	1	1	0	1	1	0	1	1	1	1	0	1	1	0	1	1	1	1	0	0	0	1	1	0	0	2	1	2	1	2	1	0	0	0	0	1	0	1	2	1	0	0	0	0	0
32	1	0	2	0	0	0	0	0	0	0	0	0	2	2	0	0	2	0	2	2	2	0	1	0	0	2	0	0	1	0	0	1	0	1	0	2	0	1	0	0	2	2	0	0	1	0	0	0	1	1	0	0	0	0	0	0	1	0	0	0	0	1	1	0	1	0	0	0	1	0	1	1	0	1	1	0	1	0	0	0	0	2	1	1	0	0	0	0	0	1	0	0	0	0	0	0	0	2	0	0	0	0	0	0	0	0	0	0	0	0	0	0	0	0	0	0	0	0	0	0	0	0	0	0	0	0	0	0	0	0	0	0	0	0	0	0	0	0	0	0	0	0	0	0	0	0	0	0	0	0	0	0	0	0	0	0	0	0	0	0	1	1	1	0	1	0	0	0	0	0	0	0	0	1	0	0	0	0	0	0
33	2	2	2	1	0	1	1	1	0	2	1	1	2	2	1	0	2	1	2	2	2	0	1	1	1	2	1	0	2	1	1	1	1	1	0	2	1	1	1	1	1	1	0	1	1	0	0	1	1	1	1	1	1	1	1	1	1	1	1	1	1	1	1	1	1	1	1	1	1	0	1	1	0	1	1	1	1	0	0	0	1	1	0	0	1	2	2	0	1	0	2	0	1	1	0	0	0	1	0	0	1	1	0	0	0	0	0	0	0	0	0	0	0	0	0	0	0	0	0	0	0	0	0	0	0	1	1	0	0	0	0	1	1	0	1	1	1	0	1	1	0	1	1	1	1	0	1	1	1	1	1	1	1	0	0	0	1	1	0	0	1	1	1	1	1	1	0	0	0	0	0	1	0	2	0	0	0	0	0	0
34	2	2	2	0	0	0	0	0	0	0	0	0	2	2	2	2	2	0	2	2	2	0	2	0	0	2	0	0	2	1	2	2	2	2	0	2	0	2	0	0	2	2	0	0	0	0	0	0	2	2	0	0	0	0	0	0	0	0	0	0	0	0	0	0	0	0	0	0	0	0	0	0	0	0	0	0	0	0	0	0	0	0	0	2	0	2	2	0	2	0	2	0	0	0	0	0	0	2	0	0	0	0	0	0	0	0	0	0	2	0	0	0	0	0	0	0	0	0	0	0	0	0	0	2	0	0	1	0	0	0	0	0	0	0	0	0	0	0	1	1	0	0	0	0	0	0	0	0	0	0	0	0	0	0	0	0	1	0	0	0	1	1	1	0	1	1	0	0	0	0	0	1	1	2	1	0	0	0	0	0
35	2	2	2	0	0	0	0	0	0	1	0	0	2	2	2	1	2	0	2	2	2	0	1	0	0	2	0	0	2	1	1	1	1	1	0	2	0	1	1	1	1	1	0	1	1	0	0	1	2	2	0	1	1	1	1	0	0	1	0	1	0	0	0	0	0	0	1	1	1	0	0	0	0	0	0	1	0	0	0	0	0	1	0	1	0	2	2	0	1	0	2	0	0	0	0	0	0	1	0	0	1	1	0	0	0	0	0	0	1	0	0	0	0	0	0	0	0	0	0	0	0	0	0	1	0	1	2	0	0	0	0	1	1	0	1	1	1	0	2	2	0	1	1	1	1	0	1	1	1	1	1	1	1	0	0	0	2	1	0	0	2	2	2	1	2	2	0	0	0	0	1	0	1	2	1	0	0	0	0	0
36	2	2	2	0	0	0	0	0	0	1	0	0	2	2	2	1	2	0	2	2	2	0	1	0	0	2	0	0	2	0	1	1	1	1	0	2	0	1	1	1	1	1	0	1	1	0	0	1	2	2	0	1	1	1	1	0	0	1	0	1	0	0	0	0	0	0	1	1	1	0	0	0	0	0	0	1	0	0	0	0	0	1	0	1	0	2	2	0	1	0	2	0	0	0	0	0	0	2	0	0	1	1	0	0	0	0	0	0	1	0	0	0	0	0	0	0	0	0	0	0	0	0	0	1	0	1	1	0	0	0	0	1	1	0	1	1	1	0	1	1	0	1	1	1	1	0	1	1	1	1	1	1	1	0	0	0	1	1	0	0	1	1	1	1	1	1	1	0	0	0	1	1	0	1	0	0	0	0	0	0
37	0	1	2	0	0	0	0	0	0	0	0	0	2	2	1	1	2	0	2	2	2	0	2	0	0	2	0	0	2	1	1	1	1	1	0	1	0	1	0	0	1	1	0	0	0	0	0	1	2	1	0	1	1	1	1	0	0	1	0	1	1	0	0	0	0	0	1	1	2	0	0	0	0	0	0	1	0	0	0	0	0	2	1	0	0	0	0	1	0	1	0	1	0	0	0	1	0	0	0	1	0	0	0	0	0	1	0	1	1	1	0	0	0	0	0	0	2	2	0	0	2	2	0	2	0	2	1	1	1	1	0	1	1	1	1	1	1	0	2	2	0	2	2	2	1	0	1	1	1	1	1	1	1	0	0	0	1	1	0	0	1	1	1	1	1	1	0	0	0	0	1	0	0	0	0	0	0	2	0	0
38	1	1	2	0	0	0	0	0	0	1	0	0	2	2	1	0	2	0	2	2	2	0	1	0	0	2	0	0	2	0	0	0	0	0	0	1	0	0	1	1	0	0	0	1	1	0	0	1	2	1	0	1	1	1	1	0	0	1	0	1	0	0	0	0	0	0	1	1	2	0	0	0	0	0	0	1	0	0	0	0	0	2	0	0	0	1	1	0	0	0	1	0	0	0	0	0	0	0	0	0	1	1	0	0	0	0	0	0	1	0	0	0	0	0	0	0	1	1	0	0	1	1	0	1	0	2	1	1	1	1	0	1	1	1	1	1	1	0	2	2	0	2	2	2	1	0	1	1	1	1	1	1	1	0	0	0	1	1	0	0	1	1	1	1	1	1	0	0	0	0	1	0	0	1	0	0	0	0	0	0
39	1	2	2	0	1	0	0	0	0	1	0	0	1	1	1	0	2	0	2	2	2	0	1	0	0	2	0	0	1	0	0	0	0	0	0	2	0	0	1	1	0	0	0	1	2	0	0	1	1	2	0	1	1	1	1	0	0	1	0	1	0	0	0	0	0	0	1	1	2	0	0	0	0	0	0	1	0	0	0	0	0	2	1	1	0	2	2	0	0	0	1	0	0	0	0	0	0	0	0	1	1	1	0	0	0	0	0	1	0	1	0	0	0	0	0	0	1	1	0	0	1	1	0	1	0	2	2	0	0	0	0	2	2	0	2	2	2	0	2	2	0	2	2	2	2	0	2	1	1	2	2	2	2	0	0	0	2	2	0	0	2	2	2	2	2	2	1	0	0	0	2	0	0	1	0	0	0	0	0	0
40	1	1	2	0	0	0	0	0	0	1	0	0	2	2	1	0	2	0	2	1	1	0	0	0	0	1	0	0	2	0	0	0	0	0	0	2	0	1	1	1	1	1	0	1	1	0	0	1	1	1	0	1	1	1	1	0	0	1	0	1	0	0	0	0	0	0	1	1	2	0	0	0	0	0	0	1	0	0	0	0	0	2	1	1	0	1	1	0	0	1	1	0	0	0	0	0	0	0	0	0	1	1	0	0	0	0	0	0	0	0	0	0	0	0	0	0	0	0	0	0	0	0	0	0	0	2	2	0	0	0	0	2	2	0	2	2	2	0	2	2	0	1	2	2	2	0	2	2	1	2	2	2	2	0	0	0	2	2	0	0	2	2	2	2	2	2	0	0	0	0	2	0	0	1	0	0	0	0	0	0
296	2	1	2	0	0	0	0	0	0	1	0	0	2	2	1	1	2	0	2	2	2	0	1	0	0	2	0	0	2	1	1	1	1	1	0	2	0	1	1	1	1	1	0	1	1	0	0	1	2	2	0	1	1	1	1	0	0	1	0	1	0	0	0	0	0	0	1	1	1	0	0	0	0	0	0	1	0	0	0	0	0	1	0	1	0	2	2	0	1	0	2	0	0	0	0	0	0	2	0	0	1	1	0	0	0	0	0	0	1	0	0	0	0	0	0	0	0	0	0	0	0	0	0	1	0	2	2	0	0	0	0	2	2	0	2	2	2	0	2	2	0	2	2	2	2	0	2	2	2	2	2	2	2	0	0	0	1	1	0	0	2	2	2	1	2	1	1	0	0	0	1	1	0	2	0	0	0	0	0	0
297	2	1	2	0	0	0	0	0	0	0	0	0	2	2	1	1	2	0	2	2	2	0	2	0	0	2	0	0	2	1	1	1	1	1	0	1	0	1	0	0	1	1	0	0	0	0	0	0	2	1	0	0	0	0	0	0	0	0	0	0	0	0	0	0	0	0	0	0	1	0	0	0	0	0	0	0	0	0	0	0	0	1	0	1	0	1	1	0	1	0	1	0	0	0	0	0	0	2	0	0	0	0	0	0	0	0	0	0	1	0	0	0	0	0	0	0	0	0	0	0	0	0	0	1	0	1	1	0	0	0	0	1	1	0	1	1	1	1	1	1	0	1	1	1	1	0	1	1	0	1	1	1	1	0	0	0	1	1	0	0	1	1	1	1	1	1	1	0	0	0	1	1	1	2	1	0	0	0	0	0
298	0	2	2	1	0	1	1	1	0	1	1	1	2	2	1	1	2	1	2	2	2	0	2	1	1	2	1	0	2	0	2	2	2	2	0	2	0	2	0	0	2	2	0	0	0	0	0	0	1	1	0	0	0	0	0	0	0	0	0	0	0	0	0	0	0	0	0	0	1	0	0	0	0	0	0	0	0	0	0	0	0	1	0	2	0	1	1	0	1	0	1	0	0	0	0	0	0	0	0	0	0	0	0	0	0	0	0	0	1	0	0	0	0	0	0	0	0	0	0	0	0	0	0	1	0	2	2	0	0	0	0	2	2	0	2	2	2	0	2	2	0	2	2	2	2	0	2	2	1	2	2	2	2	0	0	0	2	2	0	0	2	2	2	2	2	2	1	0	0	0	2	0	1	1	1	0	0	0	0	0
299	1	1	2	0	0	0	0	0	0	0	0	0	2	2	1	1	2	0	2	1	1	0	1	0	0	1	0	0	2	1	2	2	2	2	0	2	0	2	0	0	2	2	0	0	0	0	0	0	1	1	0	0	0	0	0	0	0	0	0	0	0	0	0	0	0	0	0	0	1	0	0	0	0	0	0	1	0	0	0	0	0	1	0	1	0	1	1	0	1	0	1	0	0	0	0	0	0	1	0	1	0	0	0	0	0	0	0	1	1	1	0	0	0	0	0	0	1	1	0	0	1	1	0	2	0	0	1	0	0	0	0	1	1	0	1	1	1	0	1	1	0	0	1	1	1	0	1	1	1	1	1	1	1	0	0	0	1	1	0	0	1	1	1	1	1	1	1	0	0	0	1	0	1	2	1	0	0	0	0	0
300	1	0	2	0	0	0	0	0	0	0	0	0	2	2	0	0	2	0	2	2	2	0	1	0	0	1	0	1	1	0	0	1	0	0	1	0	0	0	0	0	0	0	0	0	1	0	0	0	1	0	0	0	0	0	0	0	0	0	0	0	0	0	0	0	0	0	0	0	1	0	0	0	0	0	0	0	0	0	0	0	0	1	0	0	0	0	0	0	0	0	0	0	0	0	0	0	0	0	0	0	0	0	0	0	0	0	0	0	0	0	0	0	0	0	0	0	0	0	0	0	0	0	0	0	0	1	2	0	0	0	0	1	1	0	1	1	1	1	2	2	0	1	1	1	1	0	1	1	1	1	1	1	1	0	0	0	2	1	0	0	2	2	2	1	2	2	0	0	0	0	1	0	0	1	0	0	0	0	0	0
301	0	2	2	0	0	0	0	0	0	0	0	0	2	2	1	2	2	0	2	2	2	0	2	0	0	2	0	0	2	2	2	2	2	2	0	2	0	2	0	0	2	2	0	0	0	0	0	1	2	2	0	1	1	1	1	0	0	1	0	1	0	0	0	0	0	0	1	1	1	0	0	0	0	0	0	1	0	0	0	0	0	2	2	1	0	0	0	1	0	2	0	1	0	0	0	1	0	0	0	1	0	0	0	0	0	0	0	1	0	1	0	0	0	0	0	0	1	1	0	0	1	1	0	1	0	2	2	0	0	0	0	2	2	0	2	2	2	0	2	2	0	2	2	2	2	0	2	2	2	2	2	2	2	0	0	0	2	2	0	0	2	2	2	2	2	2	1	0	0	0	2	0	0	0	0	0	0	1	0	0
302	2	2	2	0	0	0	0	0	0	2	0	0	2	2	2	0	2	0	2	2	2	0	0	0	0	2	0	0	2	0	0	0	0	0	0	2	0	0	2	2	0	0	0	2	2	0	0	2	2	2	0	2	2	2	2	0	0	2	0	2	0	0	0	0	0	0	2	2	2	0	0	0	0	0	0	2	0	0	0	0	0	2	0	0	0	2	2	0	0	0	2	0	0	0	0	0	0	0	0	0	2	2	0	0	0	0	0	0	0	0	0	0	0	0	0	0	0	0	0	0	0	0	0	0	0	2	2	0	0	0	0	2	2	0	2	2	2	0	2	2	0	2	2	2	2	0	2	2	2	2	2	2	2	0	0	0	2	2	0	0	2	2	2	2	2	2	1	0	0	0	2	0	0	2	0	0	0	0	0	0
303	2	1	2	0	0	0	0	0	0	0	0	0	2	2	1	1	2	0	2	2	2	0	2	0	0	2	0	0	2	1	0	2	0	2	0	2	0	2	0	0	2	2	0	0	0	0	0	0	0	0	0	0	0	0	0	0	0	0	0	0	0	0	0	0	0	0	0	0	2	0	0	0	0	0	0	0	0	0	0	0	0	2	2	2	0	0	0	0	0	2	0	0	0	0	0	0	0	0	0	0	0	0	0	0	0	0	0	0	0	0	0	0	0	0	0	0	0	0	0	0	0	0	0	0	0	2	2	0	0	0	0	2	2	0	2	2	2	1	2	2	0	1	2	2	2	0	2	2	1	2	2	2	2	0	0	0	2	2	0	0	2	2	2	2	2	2	1	0	0	0	2	0	0	1	0	0	0	0	0	0
304	1	2	2	0	0	0	0	0	0	0	0	0	2	2	2	2	2	0	1	2	1	0	2	0	0	1	0	0	1	1	1	1	1	1	0	1	0	1	0	0	1	1	0	0	1	0	0	0	2	2	0	0	0	0	0	0	0	0	0	0	0	0	0	0	0	0	0	0	0	0	0	0	0	0	0	0	0	0	0	0	0	0	1	2	0	1	1	0	1	0	1	0	0	0	0	0	0	1	0	0	0	0	0	0	0	0	0	0	1	0	0	0	0	0	0	0	0	0	0	0	0	0	0	1	0	0	1	0	0	0	0	0	0	0	0	0	0	0	1	1	0	0	0	0	0	0	0	0	0	0	0	0	0	0	0	0	0	0	0	0	1	1	1	0	1	0	1	0	0	0	0	2	0	2	0	0	0	0	0	0
305	0	0	1	0	1	0	0	0	1	0	0	0	1	1	1	1	1	0	1	1	1	0	1	0	0	1	0	0	1	0	0	0	0	0	1	0	0	0	1	1	0	0	1	1	1	1	0	1	2	1	0	1	1	1	1	0	0	1	0	1	0	0	0	0	0	0	1	1	2	1	0	0	0	0	0	1	0	0	1	1	0	2	1	1	0	0	0	1	0	1	0	1	0	0	1	1	1	0	0	1	0	0	0	0	0	0	0	1	1	1	0	0	0	0	0	0	2	2	0	0	2	2	0	2	0	2	0	2	2	2	0	0	0	2	0	0	0	0	2	2	0	2	2	2	0	0	0	0	0	0	0	0	0	0	0	0	0	0	0	0	0	0	0	0	0	0	0	0	0	0	0	0	0	0	0	0	0	0	0	0
306	2	2	2	0	0	0	0	0	0	0	0	0	2	2	2	2	2	0	2	2	2	0	2	0	0	2	0	0	2	1	2	2	2	2	0	2	0	2	0	0	2	2	0	0	0	0	0	0	2	2	0	0	0	0	0	0	0	0	0	0	0	0	0	0	0	0	0	0	0	0	0	0	0	0	0	0	0	0	0	0	0	0	0	2	0	2	2	0	2	0	2	0	0	0	0	0	0	2	0	0	0	0	0	0	0	0	0	0	2	0	0	0	0	0	0	0	0	0	0	0	0	0	0	2	0	0	0	0	0	0	0	0	0	0	0	0	0	0	0	0	0	0	0	0	0	0	0	0	0	0	0	0	0	0	0	0	0	0	0	0	0	0	0	0	0	0	0	0	0	0	0	2	0	2	0	0	0	0	0	0
307	1	0	1	0	1	0	0	0	1	0	0	0	1	1	1	1	1	0	1	1	1	0	1	0	0	1	0	0	1	0	0	1	0	1	1	1	0	1	1	1	1	1	1	1	1	1	0	1	1	1	0	1	1	1	1	0	0	1	0	1	0	0	0	0	0	0	1	1	2	1	0	0	0	0	0	1	0	0	1	1	0	2	2	2	0	0	0	1	0	2	0	1	0	0	1	1	1	0	0	1	0	0	0	0	0	0	0	0	0	1	0	0	0	0	0	0	1	1	0	0	1	1	0	1	0	2	1	0	0	0	0	1	1	0	1	1	1	0	2	2	0	0	1	1	1	0	1	1	0	1	1	1	1	0	0	0	2	1	0	0	2	2	2	1	2	2	0	0	0	0	1	0	0	0	0	0	0	1	0	0
308	0	0	1	0	1	0	0	0	1	0	0	0	1	1	1	1	1	0	1	1	1	0	1	0	0	1	0	1	1	0	0	0	0	0	1	0	0	0	1	1	0	0	1	1	1	1	1	1	2	1	0	1	1	1	1	0	0	1	0	1	0	0	0	0	0	0	1	1	2	1	0	0	0	0	0	1	0	0	1	1	0	2	1	1	0	0	0	1	0	1	0	1	0	0	1	1	1	1	0	1	0	0	0	0	0	0	0	1	0	1	0	0	0	0	0	0	1	1	0	0	1	1	0	1	0	2	1	1	1	1	0	1	1	1	1	1	1	0	2	2	0	2	2	2	1	0	1	1	0	1	1	1	1	1	0	0	1	1	0	0	1	1	1	1	1	1	1	0	0	0	1	0	0	1	0	0	0	0	0	0
309	1	2	2	0	0	0	0	0	0	1	0	0	2	2	2	1	2	0	2	2	2	0	1	0	0	2	0	0	2	1	1	1	1	1	0	2	0	1	1	1	1	1	0	1	1	0	0	2	2	2	0	2	2	2	2	0	0	2	0	2	0	0	0	0	0	0	2	2	2	0	0	0	0	0	0	2	0	0	0	0	0	2	1	0	0	1	1	1	0	1	1	1	0	0	0	1	0	0	0	1	1	1	0	0	0	0	0	1	0	1	0	0	0	0	0	0	0	0	0	0	0	0	0	1	0	1	2	0	0	0	0	1	1	0	1	1	1	0	2	2	0	1	1	1	1	0	1	1	1	1	1	1	1	0	0	0	2	1	0	0	2	2	2	1	2	2	0	0	0	0	1	0	0	2	0	0	0	1	0	0
310	2	2	2	1	0	1	1	1	0	1	1	1	2	2	1	1	2	1	2	2	2	0	2	1	1	2	1	0	2	1	2	2	2	2	0	2	1	2	0	0	2	2	0	0	0	0	0	0	1	1	1	0	0	0	0	1	1	0	1	0	1	1	1	1	1	1	0	0	0	0	1	1	0	1	1	0	1	0	0	0	1	0	0	1	1	2	2	0	2	0	2	0	1	1	0	0	0	1	0	0	0	0	0	0	0	0	0	0	1	0	0	0	0	0	0	0	0	0	0	0	0	0	0	1	0	0	0	1	1	1	0	0	0	1	0	0	0	0	1	1	0	1	1	1	0	0	0	0	0	0	0	0	0	0	0	0	0	0	0	0	0	0	0	0	0	0	0	0	0	0	0	1	0	1	0	0	0	0	0	0
311	1	1	2	0	1	0	0	0	0	0	0	0	1	1	0	0	2	0	2	2	2	0	2	0	0	2	0	0	1	1	0	1	0	1	0	2	0	1	0	0	1	1	0	0	1	0	0	0	0	1	0	0	0	0	0	0	0	0	0	0	0	0	0	0	0	0	0	0	2	0	0	0	0	0	0	0	0	0	0	0	0	2	2	2	0	1	1	0	0	1	0	0	0	0	0	0	0	1	0	1	0	0	0	0	0	0	0	1	0	1	0	0	0	0	0	0	1	1	0	0	1	1	0	1	0	1	1	0	0	0	0	1	1	0	1	1	1	0	1	1	0	1	1	1	1	0	1	0	0	1	1	1	1	0	0	0	1	1	0	0	1	1	1	1	1	1	1	0	0	0	0	0	0	2	0	0	0	0	0	0
312	1	0	1	0	1	0	0	0	1	0	0	0	1	1	1	2	1	0	1	1	1	0	1	0	0	1	0	0	1	1	1	1	1	1	1	1	0	1	1	1	1	1	1	1	1	1	0	1	2	2	0	1	1	1	1	0	0	1	0	1	0	0	0	0	0	0	1	1	1	1	0	0	0	0	0	1	0	0	1	1	0	1	1	2	0	1	1	1	1	1	1	1	0	0	1	1	1	1	0	1	0	0	0	0	0	0	0	1	1	1	0	0	0	0	0	0	1	1	0	0	1	1	0	2	0	2	1	1	1	1	0	1	1	1	1	1	1	0	2	2	0	2	2	2	1	0	1	1	1	1	1	1	1	0	0	0	0	0	0	0	1	1	1	0	1	0	0	0	0	0	0	1	0	2	0	0	0	0	0	0
313	2	2	2	0	0	0	0	0	0	0	0	0	2	2	1	1	2	0	2	2	2	0	2	0	0	2	0	0	1	1	1	1	1	1	0	2	0	1	0	0	1	1	0	0	1	0	0	0	1	2	0	0	0	0	0	0	0	0	0	0	0	0	0	0	0	0	0	1	1	0	0	0	0	0	0	0	0	0	0	0	0	1	1	2	0	2	2	0	1	0	1	0	0	0	0	0	0	1	0	1	0	0	0	0	0	0	0	1	1	1	0	0	0	0	0	0	1	1	0	0	1	1	0	2	0	1	1	0	0	0	0	1	1	0	1	1	1	0	1	1	0	1	1	1	1	0	1	0	0	1	1	1	1	0	0	0	1	1	0	0	1	1	1	1	1	1	0	0	0	0	1	1	0	1	0	0	0	0	0	0
314	2	1	2	0	0	0	0	0	0	1	0	0	2	2	1	0	2	0	2	2	2	0	1	0	0	2	0	0	2	0	0	0	0	0	0	1	0	0	1	1	0	0	0	1	1	0	0	1	2	1	0	1	1	1	1	0	0	1	0	1	0	0	0	0	0	0	1	1	2	0	0	0	0	0	0	1	0	0	0	0	0	2	0	0	0	1	1	0	0	0	1	0	0	0	0	0	0	1	0	0	1	1	0	0	0	0	0	0	0	0	0	0	0	0	0	0	0	0	0	0	0	0	0	0	0	1	1	0	0	0	0	1	1	0	1	1	1	0	1	1	0	2	2	2	1	0	1	1	1	1	1	1	1	0	0	0	2	1	0	0	2	2	2	1	2	2	1	0	0	0	1	1	0	1	0	0	0	0	0	0
315	1	2	2	0	0	0	0	0	0	1	0	0	2	2	2	1	2	0	2	2	2	0	1	0	0	2	0	0	2	1	1	1	1	1	0	2	0	1	1	1	1	1	0	1	1	0	0	2	2	2	0	2	2	2	2	0	0	2	0	2	0	0	0	0	0	0	2	2	2	0	0	0	0	0	0	2	0	0	0	0	0	2	1	0	0	1	1	1	0	1	1	1	0	0	0	1	0	0	0	1	1	1	0	0	0	0	0	1	0	1	0	0	0	0	0	0	1	1	0	0	1	1	0	1	0	2	2	0	0	0	0	2	2	0	2	2	2	0	2	2	0	2	2	1	1	0	1	1	1	1	1	1	1	0	0	0	1	1	0	0	1	1	1	1	1	1	1	0	0	0	1	0	0	1	0	0	0	0	0	0
316	2	2	2	0	0	0	0	0	0	1	0	0	2	2	2	1	2	0	2	2	2	0	1	0	0	2	0	0	2	1	1	1	1	1	0	2	0	1	1	1	1	1	0	1	1	0	0	1	2	2	0	1	1	1	1	0	0	1	0	1	0	0	0	0	0	0	1	1	1	0	0	0	0	0	0	1	0	0	0	0	0	1	0	1	0	2	2	0	1	0	2	0	0	0	0	0	0	2	0	0	1	1	0	0	0	0	0	0	1	0	0	0	0	0	0	0	0	0	0	0	0	0	0	1	0	1	1	0	0	0	0	1	1	0	1	1	1	0	1	1	0	1	1	1	1	0	1	1	1	1	1	1	1	0	0	0	1	1	0	0	1	1	1	1	1	1	0	0	0	0	1	1	0	1	0	0	0	0	0	0
317	2	1	2	1	0	1	1	1	0	1	1	1	2	2	0	0	2	1	2	2	2	0	1	1	1	1	1	1	1	1	1	1	1	1	1	1	1	1	0	0	1	1	0	0	1	0	0	0	0	0	1	0	0	0	0	1	1	0	1	0	1	1	1	1	1	1	0	0	0	0	1	1	0	1	1	0	1	0	0	0	1	0	0	0	1	1	1	0	1	0	1	0	1	1	0	0	0	0	0	0	0	0	0	0	0	0	0	0	0	0	0	0	0	0	0	0	0	0	0	0	0	0	0	0	0	1	0	1	1	1	0	0	0	1	0	0	0	0	1	1	0	1	1	1	0	0	0	0	0	0	0	0	0	0	0	0	0	0	0	0	0	0	0	0	0	0	0	0	0	0	0	1	0	1	0	0	0	0	0	0
318	1	1	2	0	1	0	0	0	0	0	0	0	1	1	0	0	2	0	1	2	1	0	2	0	0	2	0	0	1	0	0	1	0	0	0	1	0	0	0	0	0	0	0	1	1	0	0	0	2	1	0	0	0	0	0	0	0	0	0	0	0	0	0	0	0	0	0	0	2	0	0	0	0	0	0	0	0	0	0	0	0	1	0	1	0	1	1	0	0	0	0	0	0	0	0	0	0	2	0	0	0	0	0	0	0	0	0	0	0	0	0	0	0	0	0	0	0	0	0	0	0	0	0	0	0	1	1	0	0	0	0	1	1	0	1	1	1	1	1	1	0	1	1	1	1	0	1	1	0	1	1	1	1	0	0	0	1	1	0	0	2	1	2	1	2	1	1	0	0	0	1	1	1	2	1	0	0	0	0	0
319	1	1	1	1	1	1	1	1	0	1	1	1	1	1	1	1	1	1	1	1	1	0	1	1	1	1	1	0	1	1	1	1	1	1	0	1	1	1	0	0	1	1	0	0	0	0	0	0	0	0	1	0	0	0	0	1	1	0	1	0	1	1	1	1	1	1	0	0	0	0	1	1	0	1	1	0	1	0	0	0	1	0	0	0	1	1	1	0	1	0	1	0	1	1	0	0	0	0	0	0	0	0	0	0	0	0	0	0	0	0	0	0	0	0	0	0	0	0	0	1	0	0	0	0	0	0	1	0	0	0	0	0	0	0	0	0	0	0	1	1	0	0	0	0	0	0	0	0	0	0	0	0	0	0	0	0	0	0	0	0	1	1	1	0	1	0	0	0	0	0	0	2	0	1	0	0	0	0	0	0
320	2	1	2	0	0	0	0	0	0	1	0	0	2	2	1	0	2	0	2	2	2	0	1	0	0	2	0	0	2	0	0	1	0	1	0	2	0	1	1	1	1	1	0	1	1	0	0	1	1	1	0	1	1	1	1	0	0	1	0	1	0	0	0	0	0	0	1	1	2	0	0	0	0	0	0	1	0	0	0	0	0	2	1	1	0	1	1	0	0	1	1	0	0	0	0	0	0	0	0	0	1	1	0	0	0	0	0	0	0	0	0	0	0	0	0	0	0	0	0	0	0	0	0	0	0	1	1	0	0	0	0	1	1	0	1	1	1	0	1	1	0	1	1	1	1	0	1	1	1	1	1	1	1	0	0	0	1	1	0	0	1	1	1	1	1	1	1	0	0	0	1	0	0	2	0	0	0	0	0	0
321	1	0	1	0	1	0	0	0	0	0	0	0	1	1	1	2	1	0	1	1	1	0	1	0	0	1	0	0	1	0	1	1	1	1	0	1	0	1	0	0	1	1	0	0	0	0	0	0	1	1	0	0	0	0	0	0	0	0	0	0	0	0	0	0	0	0	0	0	0	0	0	0	0	0	0	0	0	0	0	0	0	0	0	1	0	1	1	0	1	0	1	0	0	0	0	0	0	1	0	0	0	0	0	0	0	0	0	0	1	0	0	0	0	0	0	0	0	0	0	1	0	0	0	1	0	1	2	0	0	0	0	1	1	0	1	1	1	0	2	2	0	1	1	1	1	0	1	1	1	1	1	1	1	0	0	0	0	0	0	0	2	2	2	0	2	0	0	0	0	0	0	2	0	2	0	0	0	0	0	0
322	2	1	2	0	0	0	0	0	0	1	0	0	2	2	1	0	2	0	2	2	2	0	1	0	0	2	0	0	2	0	0	1	0	1	0	2	0	1	1	1	1	1	0	1	1	0	0	1	1	1	0	1	1	1	1	0	0	1	0	1	0	0	0	0	0	0	1	1	2	0	0	0	0	0	0	1	0	0	0	0	0	2	1	1	0	1	1	0	0	1	1	0	0	0	0	0	0	1	0	0	1	1	0	0	0	0	0	0	0	0	0	0	0	0	0	0	0	0	0	0	0	0	0	0	0	1	1	0	0	0	0	1	1	0	1	1	1	0	1	1	0	1	1	1	1	0	1	1	1	1	1	1	1	0	0	0	1	1	0	0	1	1	1	1	1	1	1	0	0	0	1	0	0	2	0	0	0	0	0	0
323	2	2	2	0	0	0	0	0	0	1	0	0	2	2	2	1	2	0	2	2	2	0	1	0	0	2	0	0	2	1	1	1	1	1	0	2	0	1	1	1	1	1	0	1	1	0	0	1	2	2	0	1	1	1	1	0	0	1	0	1	0	0	0	0	0	0	1	1	1	0	0	0	0	0	0	1	0	0	0	0	0	1	0	1	0	2	2	0	1	0	2	0	0	0	0	0	0	1	0	0	1	1	0	0	0	0	0	0	1	0	0	0	0	0	0	0	0	0	0	0	0	0	0	1	0	1	1	0	0	0	0	1	1	0	1	1	1	0	1	1	0	1	1	1	1	0	1	1	1	1	1	1	1	0	0	0	1	1	0	0	1	1	1	1	1	1	1	0	0	0	1	1	0	2	0	0	0	0	0	0
324	2	0	2	0	0	0	0	0	0	0	0	0	2	2	1	1	2	0	2	2	2	0	2	0	0	2	0	0	2	0	1	1	1	1	0	1	0	1	0	0	1	1	0	0	0	0	0	0	2	1	0	0	0	0	0	0	0	0	0	0	0	0	0	0	0	0	0	0	1	0	0	0	0	0	0	0	0	0	0	0	0	1	0	1	0	1	1	0	1	0	1	0	0	0	0	0	0	1	0	0	0	0	0	0	0	0	0	0	1	0	0	0	0	0	0	0	0	0	0	0	0	0	0	1	0	1	2	0	0	0	0	1	1	0	1	1	1	1	2	2	0	1	1	1	1	0	1	1	1	1	1	1	1	0	0	0	2	1	0	0	2	2	2	1	2	2	1	0	0	0	1	0	0	2	0	0	0	0	0	0
325	1	1	1	0	1	0	0	0	1	0	0	0	1	1	2	2	1	0	1	1	1	0	1	0	0	1	0	1	1	1	1	1	1	1	1	1	0	1	1	1	1	1	1	1	1	1	0	1	2	2	0	1	1	1	1	0	0	1	0	0	0	0	0	0	0	0	1	1	1	1	0	0	0	0	0	1	0	0	1	1	0	1	1	2	0	1	1	1	1	1	1	1	0	0	1	1	1	1	0	1	0	0	0	0	0	0	0	1	1	1	0	0	0	0	0	0	1	1	0	0	1	1	0	2	0	1	1	1	1	1	0	0	0	1	0	0	0	0	2	2	0	1	1	1	0	0	0	0	0	0	0	0	0	0	0	0	1	0	0	0	1	1	1	0	1	1	0	0	0	0	0	0	1	1	1	0	0	0	0	0
326	1	1	2	0	0	0	0	0	0	0	0	0	2	2	1	1	2	0	1	2	2	0	2	0	0	1	0	0	2	0	1	1	1	0	0	1	1	1	0	0	1	1	0	0	0	0	0	0	1	0	1	0	0	0	0	1	1	0	1	0	1	1	1	1	1	1	0	0	1	0	1	1	0	1	1	0	1	0	0	0	1	1	0	0	1	1	1	0	1	0	1	0	1	1	0	0	0	0	1	0	1	1	1	1	1	0	1	0	2	0	1	1	1	1	1	0	1	1	1	1	1	1	1	1	1	1	1	1	1	1	0	0	0	2	0	0	0	0	2	2	0	2	2	2	0	0	0	0	0	0	0	0	0	0	0	0	0	0	0	0	0	0	0	0	0	0	0	0	0	0	0	0	1	1	1	0	0	0	0	0
327	1	1	1	0	1	0	0	0	0	0	0	0	2	2	2	1	2	0	1	2	2	0	2	0	0	1	0	0	2	1	2	2	2	1	0	2	1	2	0	0	2	2	0	0	0	0	0	0	1	1	1	0	0	0	0	1	1	0	1	0	1	1	1	1	1	1	0	0	0	0	1	1	0	1	1	0	1	0	0	0	1	0	0	1	1	2	2	0	2	1	2	0	1	1	0	0	0	1	1	0	1	1	1	1	1	0	1	0	2	0	1	1	1	1	1	0	0	0	1	1	0	0	1	1	1	0	1	0	0	0	1	0	0	0	0	0	0	0	0	0	1	0	0	0	0	1	0	0	0	0	0	1	1	0	1	1	0	0	0	1	0	0	0	0	0	0	0	1	0	1	0	1	2	2	2	0	0	0	0	1
328	1	2	2	0	0	0	0	0	0	0	0	0	2	2	2	2	2	0	2	2	2	0	2	0	0	2	0	0	2	1	2	2	2	2	0	2	0	2	0	0	2	2	0	0	0	0	0	1	2	2	0	1	1	1	1	0	0	1	0	1	0	0	0	0	0	0	1	1	1	0	0	0	0	0	0	1	0	0	0	0	0	1	0	1	0	2	2	0	1	0	2	0	0	0	0	0	0	0	0	0	1	1	0	0	0	0	0	0	1	0	0	0	0	0	0	0	0	0	0	0	0	0	0	1	0	1	2	0	0	0	0	1	1	0	1	1	1	0	2	2	0	1	1	1	1	0	1	1	1	1	1	1	1	0	0	0	2	1	0	0	2	2	2	1	2	2	1	0	0	0	1	0	0	1	0	0	0	0	0	0
329	1	0	1	0	1	0	0	0	1	0	0	0	1	1	1	1	1	0	1	1	1	0	1	0	0	1	0	0	1	0	0	1	0	1	1	1	0	1	1	1	1	1	1	1	1	1	0	1	1	1	0	1	1	1	1	0	0	1	0	1	0	0	0	0	1	0	1	1	2	1	0	0	0	0	0	1	0	0	1	1	0	2	2	2	0	0	0	1	0	2	0	1	0	0	1	1	1	0	0	1	0	0	0	0	0	0	0	1	0	1	0	0	0	0	0	0	1	1	0	1	0	0	0	0	0	1	1	0	0	0	0	1	1	0	1	1	0	1	1	1	0	1	1	1	0	0	0	0	0	0	0	0	0	0	0	0	1	1	0	0	1	1	1	1	1	1	0	0	0	0	1	0	0	2	0	0	0	0	0	0
330	2	0	2	0	0	0	0	0	0	0	0	0	2	2	0	0	2	0	2	2	2	0	1	0	0	1	0	1	1	0	0	1	0	1	1	1	0	1	0	0	1	1	0	0	1	0	0	0	0	0	0	0	0	0	0	0	0	0	0	0	0	0	0	0	0	0	0	0	1	0	0	0	0	0	0	0	0	0	0	0	0	1	1	1	0	0	0	0	0	1	0	0	0	0	0	0	0	0	0	0	0	0	0	0	0	0	0	0	0	0	0	0	0	0	0	0	0	0	0	0	0	0	0	0	0	2	2	0	0	0	0	2	2	0	2	2	2	1	2	2	0	1	2	2	2	0	2	2	1	2	2	2	2	0	0	0	2	2	0	0	2	2	2	2	2	2	1	0	0	0	2	0	0	1	0	0	0	0	0	0
331	1	0	1	0	1	0	0	0	0	0	0	0	1	1	1	1	1	0	1	1	1	0	1	0	0	1	0	0	1	0	0	0	0	0	0	0	0	0	0	0	0	0	0	0	0	0	0	0	1	0	0	0	0	0	0	0	0	0	0	0	0	0	0	0	0	0	0	0	1	0	0	0	0	0	0	0	0	0	0	0	0	1	0	0	0	0	0	0	0	0	0	0	0	0	0	0	0	0	0	0	0	0	0	0	0	0	0	0	0	0	0	0	0	0	0	0	0	0	0	1	0	0	0	0	0	1	2	0	0	0	0	1	1	0	1	1	1	0	2	2	0	1	1	1	1	0	1	1	1	1	1	1	1	0	0	0	1	1	0	0	2	2	2	1	2	1	1	0	0	0	1	1	0	1	0	0	0	0	0	0
332	1	0	1	0	1	0	0	0	0	0	0	0	1	1	1	1	1	0	1	1	1	0	1	0	0	1	0	0	1	0	0	1	0	1	0	1	0	1	0	0	1	1	0	0	0	0	0	0	0	0	0	0	0	0	0	0	0	0	0	0	0	0	0	0	0	0	0	0	1	0	0	0	0	0	0	0	0	0	0	0	0	1	1	1	0	0	0	0	0	1	0	0	0	0	0	0	0	0	0	0	0	0	0	0	0	0	0	0	0	0	0	0	0	0	0	0	0	0	0	0	0	0	0	0	0	0	1	0	0	0	0	0	0	0	0	0	0	0	1	1	0	1	0	0	0	0	0	0	0	0	0	0	0	0	0	0	0	0	0	0	1	1	1	0	1	0	0	0	0	0	0	1	2	2	2	0	0	0	0	0
333	1	2	2	1	0	1	1	1	0	1	1	1	2	2	1	1	2	1	2	2	2	0	2	1	1	2	1	0	2	1	2	2	2	2	0	2	0	2	0	0	2	2	0	0	0	0	0	1	2	2	0	1	1	1	1	0	0	1	0	1	0	0	0	0	0	0	1	1	1	0	0	0	0	0	0	1	0	0	0	0	0	1	1	1	0	1	1	1	1	1	1	1	0	0	0	1	0	0	0	1	0	0	0	0	0	0	0	1	1	1	0	0	0	0	0	0	1	1	0	0	1	1	0	2	0	2	2	0	0	0	0	2	2	0	2	2	2	0	2	2	0	2	2	2	2	0	2	2	1	2	2	2	2	0	0	0	2	2	0	0	2	2	2	2	2	2	1	0	0	0	2	0	1	2	1	0	0	1	0	0
334	2	2	2	0	0	0	0	0	0	0	0	0	2	2	2	2	2	0	2	2	2	0	2	0	0	2	0	0	2	1	2	2	2	2	0	2	0	2	0	0	2	2	0	0	0	0	0	0	2	2	0	0	0	0	0	0	0	0	0	0	0	0	0	0	0	0	0	0	0	0	0	0	0	0	0	0	0	0	0	0	0	0	0	2	0	2	2	0	2	0	2	0	0	0	0	0	0	2	0	0	0	0	0	0	0	0	0	0	2	0	0	0	0	0	0	0	0	0	0	0	0	0	0	2	0	0	1	0	0	0	0	0	0	0	0	0	0	0	1	1	0	0	0	0	0	0	0	0	0	0	0	0	0	0	0	0	1	0	0	0	1	1	1	0	1	1	0	0	0	0	0	1	1	2	1	0	0	0	0	0
335	2	1	2	0	0	0	0	0	0	1	0	0	2	2	1	1	1	0	2	2	2	0	1	0	0	2	0	0	2	1	0	1	0	1	0	2	0	1	1	2	0	0	0	1	1	0	0	1	1	1	0	1	1	1	1	0	0	1	0	1	0	0	0	0	0	0	1	1	2	0	0	0	0	0	0	1	0	0	0	0	0	2	1	1	0	1	1	0	0	1	1	0	0	0	0	0	0	1	0	0	1	1	0	0	0	0	0	0	0	0	0	0	0	0	0	0	0	0	0	0	0	0	0	0	0	1	1	0	0	0	0	1	1	0	1	1	1	0	1	1	0	1	1	1	1	0	1	1	1	1	1	1	1	0	0	0	1	1	0	0	1	1	1	1	1	1	1	0	0	0	1	0	0	1	0	0	0	0	0	0
336	1	1	1	0	1	0	0	0	1	1	0	0	1	1	2	1	1	0	1	1	1	0	0	0	0	1	0	0	1	0	0	0	0	0	1	1	0	0	2	2	0	0	1	2	2	1	0	2	2	2	0	2	2	2	2	0	0	2	0	2	0	0	0	0	1	0	2	2	2	1	0	0	0	0	0	2	0	0	1	1	0	2	1	1	0	1	1	1	0	1	1	1	0	0	1	1	1	0	0	1	1	1	0	0	0	0	0	1	0	1	0	0	0	0	0	0	1	1	0	0	1	1	0	1	0	2	1	1	1	1	0	1	1	1	1	1	1	0	2	2	0	2	2	2	1	0	1	1	1	1	1	1	1	0	0	0	1	1	0	0	1	1	1	1	1	1	1	0	0	0	1	0	0	1	0	0	0	0	0	0
337	0	1	2	0	0	0	0	0	0	0	0	0	2	2	1	1	2	0	2	2	2	0	2	0	0	2	0	0	2	1	1	1	1	1	0	1	0	1	0	0	1	1	0	0	0	0	0	0	2	1	0	0	0	0	0	0	0	0	0	0	1	0	0	0	0	0	0	0	1	0	0	0	0	0	0	0	0	0	0	0	0	1	0	1	0	1	1	0	1	0	1	0	0	0	0	0	0	1	0	0	0	0	0	0	0	1	0	0	2	0	0	0	0	0	0	0	1	1	0	0	1	1	0	2	0	2	1	1	1	1	0	1	1	1	1	1	1	0	2	2	0	2	2	2	1	0	1	1	1	1	1	1	1	0	0	0	1	1	0	0	1	1	1	1	1	1	1	0	0	0	1	0	1	1	1	0	0	1	0	0
338	1	2	2	0	0	0	0	0	0	0	0	0	2	2	2	2	2	0	2	2	2	0	2	0	0	2	0	0	2	1	2	2	2	2	0	2	0	2	0	0	2	2	0	0	0	0	0	1	2	2	0	1	1	1	1	0	0	1	0	1	0	0	0	0	0	0	1	1	1	0	0	0	0	0	0	1	0	0	0	0	0	1	1	1	0	1	1	1	1	1	1	1	0	0	0	1	0	1	0	1	0	0	0	0	0	0	0	1	1	1	0	0	0	0	0	0	1	1	0	0	1	1	0	2	0	1	2	0	0	0	0	1	1	0	1	1	1	0	2	2	0	1	1	1	1	0	1	1	1	1	1	1	1	0	0	0	2	1	0	0	2	2	2	1	2	2	0	0	0	0	1	0	0	1	0	0	0	1	0	0
339	0	0	0	0	2	0	0	0	2	0	0	0	0	0	2	2	0	0	0	0	0	0	0	0	0	0	0	0	0	0	0	0	0	0	2	0	0	0	2	2	0	0	2	2	2	2	0	2	2	2	0	2	2	2	2	0	0	2	0	2	0	0	0	0	1	0	2	2	2	1	0	0	0	0	0	1	0	0	1	1	0	1	1	1	0	0	0	1	0	1	0	1	0	0	1	1	1	0	0	1	0	0	0	0	0	0	0	0	0	0	0	0	0	0	0	0	0	0	0	0	0	0	0	0	0	1	2	0	0	0	0	1	1	0	1	1	1	1	2	2	0	1	1	1	1	0	1	1	0	1	1	1	1	0	0	0	2	1	0	0	2	2	2	1	2	2	1	0	0	0	1	0	0	2	0	0	0	0	0	0
340	0	1	1	0	1	0	0	0	1	0	0	0	1	1	2	2	1	0	1	1	1	0	1	0	0	1	0	0	1	0	1	1	1	1	1	1	0	1	1	1	1	1	1	1	1	1	0	2	2	2	0	2	2	2	2	0	0	2	0	2	0	0	0	0	0	0	2	2	2	1	0	0	0	0	0	2	0	0	1	1	0	2	1	1	0	1	1	1	0	1	1	1	0	0	1	1	1	0	0	1	1	1	0	0	0	0	0	1	0	1	0	0	0	0	0	0	1	1	0	0	1	1	0	1	0	2	1	1	1	1	0	1	1	1	1	1	1	0	2	2	0	2	2	2	1	0	1	1	1	1	1	1	1	0	0	0	1	1	0	0	0	1	1	1	1	1	0	0	0	0	1	0	0	1	0	0	0	0	0	0
341	2	1	2	0	0	0	0	0	0	0	0	0	2	2	1	1	2	0	2	2	2	0	2	0	0	2	0	0	2	1	1	2	1	2	0	2	0	2	0	0	2	2	0	0	0	0	0	0	1	1	0	0	0	0	0	0	0	0	0	0	0	0	0	0	0	0	0	0	1	0	0	0	0	0	0	0	0	0	0	0	0	1	1	2	0	1	1	0	1	1	1	0	0	0	0	0	0	1	0	0	0	0	0	0	0	0	0	0	1	0	0	0	0	0	0	0	0	0	0	0	0	0	0	1	0	1	1	0	0	0	0	1	1	0	1	1	1	0	1	1	0	0	1	1	1	0	1	1	0	1	1	1	1	0	0	0	1	1	0	0	1	1	1	1	1	1	1	0	0	0	1	1	0	1	0	0	0	0	0	0
342	0	2	2	0	0	0	0	0	0	0	0	0	2	2	0	2	2	0	2	2	2	0	2	0	0	2	0	0	2	2	2	2	2	2	0	2	0	2	0	0	2	2	0	0	0	0	0	0	2	2	0	0	0	0	0	0	0	0	0	0	0	0	0	0	0	0	0	0	0	0	0	0	0	0	0	0	0	0	0	0	0	1	1	2	0	1	1	0	1	1	1	0	0	0	0	0	0	1	0	0	0	0	0	0	0	0	0	0	1	0	0	0	0	0	0	0	0	0	0	0	0	0	0	1	0	1	2	0	0	0	0	1	1	0	1	1	1	0	2	2	0	1	1	1	1	0	1	1	1	1	1	1	1	0	0	0	2	1	0	0	2	2	2	1	2	2	1	0	0	0	1	0	0	1	0	0	0	0	0	0
343	2	1	1	1	1	1	1	1	1	1	1	1	1	1	1	1	1	1	1	1	1	0	1	1	1	1	1	0	1	0	1	1	1	1	1	1	0	1	1	1	1	1	1	1	1	1	0	1	2	2	0	1	1	1	1	0	0	1	0	1	0	0	0	0	0	0	1	1	1	1	0	0	0	0	0	1	0	0	1	1	0	1	1	2	0	1	1	1	1	1	1	1	0	0	1	1	1	1	0	1	0	0	0	0	0	0	0	1	1	1	0	0	0	0	0	0	1	1	0	0	1	1	0	2	0	2	1	1	1	1	0	1	1	1	1	1	1	0	2	2	0	1	1	1	0	0	0	0	0	0	0	0	0	0	0	0	1	0	0	0	1	1	1	0	1	1	0	0	0	0	0	0	0	1	0	0	0	0	0	0
344	1	0	1	0	1	0	0	0	1	0	0	0	1	1	1	1	1	0	1	1	1	0	1	0	0	1	0	0	1	0	0	0	0	0	1	0	0	1	0	0	1	1	0	0	0	0	0	0	2	1	0	0	0	0	0	0	0	0	0	0	0	0	0	0	0	0	0	0	1	0	0	0	0	0	0	0	0	0	0	0	0	2	1	1	0	0	0	0	0	1	0	0	0	0	0	0	0	1	0	0	0	0	0	0	0	0	0	0	0	0	0	0	0	0	0	0	0	0	0	0	0	0	0	0	0	2	2	0	0	0	0	2	2	0	1	2	2	0	2	2	0	2	2	2	2	0	2	2	2	2	2	2	2	0	0	0	1	1	0	0	2	2	2	1	2	1	1	0	0	0	1	1	0	1	0	0	0	0	0	0
345	2	1	2	0	0	0	0	0	0	1	0	0	2	2	1	0	2	0	2	2	2	0	1	0	0	2	0	0	2	0	0	0	0	0	0	1	0	0	1	1	0	0	0	1	1	0	0	1	2	1	0	1	1	1	1	0	0	1	0	1	0	0	0	0	0	0	1	1	2	0	0	0	0	0	0	1	0	0	0	0	0	2	0	0	0	1	1	0	0	0	1	0	0	0	0	0	0	1	0	0	1	1	0	0	0	0	0	0	0	0	0	0	0	0	0	0	0	0	0	0	0	0	0	0	0	2	2	0	0	0	0	2	2	0	2	2	2	0	2	2	0	2	2	2	2	0	2	1	1	1	1	2	2	0	0	0	2	2	0	0	2	2	2	2	2	1	0	0	0	0	2	0	0	2	0	0	0	0	0	0
346	1	1	1	0	1	0	0	0	0	0	0	0	1	1	2	2	1	0	1	1	1	0	1	0	0	1	0	0	1	0	1	1	1	1	0	1	0	1	0	0	1	1	0	0	0	0	0	0	1	1	0	0	0	0	0	0	0	0	0	0	0	0	0	0	0	0	0	0	0	0	0	0	0	0	0	0	0	0	0	0	0	0	0	1	0	1	1	0	1	0	1	0	0	0	0	0	0	1	0	0	0	0	0	0	0	0	0	0	1	0	0	0	0	0	0	0	0	0	0	1	0	0	0	1	0	0	1	0	0	0	0	0	0	0	0	0	0	0	1	1	0	0	0	0	0	0	0	0	0	0	0	0	0	0	0	0	0	0	0	0	1	1	1	0	1	0	0	0	0	0	0	2	0	2	0	0	0	0	0	0
347	1	2	2	0	0	0	0	0	0	1	0	0	2	2	1	1	2	0	2	2	2	0	1	0	0	2	0	0	2	0	1	1	1	1	0	2	0	1	1	1	1	1	0	1	1	0	0	1	2	2	0	1	1	1	1	0	0	1	0	1	0	0	0	0	0	0	1	1	1	0	0	0	0	0	0	1	0	0	0	0	0	2	1	1	0	1	1	0	0	1	1	0	0	0	0	0	0	0	0	0	1	1	0	0	0	0	0	1	0	0	0	0	0	0	0	0	0	0	0	0	0	0	0	0	0	2	2	0	0	0	0	2	2	0	1	2	2	0	2	2	0	1	1	2	2	0	2	1	1	2	2	2	2	0	0	0	2	2	0	0	2	2	2	2	2	2	1	0	0	0	2	0	0	2	0	0	0	0	0	0
348	1	1	1	0	1	0	0	0	0	1	0	0	1	1	2	1	1	0	1	1	1	0	0	0	0	1	0	0	1	0	0	0	0	0	0	1	0	0	1	1	0	0	0	1	1	0	0	1	1	1	0	1	1	1	1	0	0	1	0	1	0	0	0	0	1	0	1	1	1	0	0	0	0	0	0	1	0	0	0	0	0	1	0	0	0	1	1	0	0	0	1	0	0	0	0	0	0	0	0	0	1	1	0	0	0	0	0	0	0	0	0	0	0	0	0	0	0	0	0	1	0	0	0	0	0	1	2	0	0	0	0	1	1	0	1	1	1	0	2	2	0	1	1	1	1	0	1	1	1	1	1	1	1	0	0	0	1	1	0	0	2	2	2	1	2	1	1	0	0	0	1	1	0	2	0	0	0	0	0	0
349	1	0	1	0	1	0	0	0	1	0	0	0	1	1	1	2	1	0	1	1	1	0	1	0	0	1	0	0	1	1	1	1	1	1	1	1	0	1	1	1	1	1	1	1	1	1	0	1	2	2	0	1	1	1	1	0	0	1	0	1	0	0	0	0	0	0	1	1	1	1	0	0	0	0	0	1	0	0	1	1	0	1	1	2	0	1	1	1	1	1	1	1	0	0	1	1	1	1	0	1	0	0	0	0	0	0	0	1	1	1	0	0	0	0	0	0	1	1	0	0	1	1	0	2	0	2	2	0	0	0	0	2	2	0	1	2	2	0	2	2	0	2	2	2	2	0	2	2	1	2	2	2	2	0	0	0	1	1	0	0	2	2	2	1	2	1	1	0	0	0	1	1	0	2	0	0	0	0	0	0
350	2	2	2	0	0	1	1	1	0	1	1	1	2	2	0	0	2	1	1	2	1	0	2	1	1	2	1	0	1	0	1	2	1	1	0	2	0	1	0	0	1	1	0	1	1	0	0	0	2	2	0	0	0	0	0	0	0	0	0	0	0	0	0	0	0	0	0	0	1	0	0	0	0	0	0	0	0	0	0	0	0	0	0	2	0	2	2	0	1	0	1	0	0	0	0	0	0	2	0	0	0	0	0	0	0	0	0	0	1	0	0	0	0	0	0	0	0	0	0	0	0	0	0	1	0	2	1	0	0	0	0	1	1	0	1	1	1	0	2	2	0	1	1	1	1	0	1	1	0	1	1	1	1	0	0	0	2	1	0	0	2	2	2	1	2	1	1	0	0	0	1	1	1	2	1	0	0	0	0	0
351	1	1	2	0	0	0	0	0	0	0	0	0	2	2	1	1	2	0	2	2	2	0	2	0	0	2	0	0	1	0	0	2	0	1	0	2	0	2	0	0	2	2	0	0	0	0	0	0	1	1	0	0	0	0	0	0	0	0	0	0	0	0	0	0	0	0	0	0	1	0	0	0	0	0	0	0	0	0	0	0	0	1	1	2	0	1	1	0	1	1	1	0	0	0	0	0	0	2	0	0	0	0	0	0	0	0	0	0	1	0	0	0	0	0	0	0	0	0	0	0	0	0	0	1	0	1	1	0	0	0	0	1	1	0	1	1	1	0	1	1	0	1	1	1	1	0	1	1	1	1	1	1	1	0	0	0	0	0	0	0	1	1	1	0	1	0	0	0	0	0	0	1	0	1	0	0	0	0	0	0
352	1	0	1	0	1	0	0	0	1	0	0	0	1	1	1	2	1	0	1	1	1	0	1	0	0	1	0	0	1	0	1	1	1	1	1	1	0	1	1	1	1	1	1	1	1	1	0	1	2	2	0	1	1	1	1	0	0	1	0	1	0	0	0	0	0	0	1	1	1	1	0	0	0	0	0	1	0	0	1	1	0	1	1	2	0	1	1	1	1	1	1	1	0	0	1	1	1	1	0	1	0	0	0	0	0	0	0	1	1	1	0	0	0	0	0	0	1	1	0	0	1	1	0	2	0	2	1	1	1	1	0	1	1	1	1	1	1	0	2	2	0	1	1	1	0	0	0	0	0	0	0	0	0	0	0	0	0	0	0	0	0	0	0	0	0	0	0	0	0	0	0	2	1	1	1	0	0	0	0	0
353	1	2	2	0	0	0	0	0	0	0	0	0	2	2	1	2	2	0	2	2	2	0	2	0	0	2	0	0	2	1	2	2	2	2	0	2	0	2	0	0	2	2	0	0	0	0	0	0	1	1	0	0	0	0	0	0	0	0	0	0	0	0	0	0	0	0	0	0	1	0	0	0	0	0	0	0	0	0	0	0	0	2	1	2	0	0	0	0	0	1	0	0	0	0	0	0	0	0	0	0	0	0	0	0	0	0	0	0	0	0	0	0	0	0	0	0	0	0	0	0	0	0	0	0	0	2	2	0	0	0	0	2	2	0	2	2	2	0	2	2	0	2	2	2	2	0	2	1	1	1	1	2	2	0	0	0	2	2	0	0	2	2	2	2	2	1	0	0	0	0	2	0	1	1	1	0	0	1	0	0
354	1	2	2	1	0	1	1	1	0	1	1	1	2	2	1	1	2	1	2	2	2	0	2	1	1	2	1	0	2	1	1	1	1	2	0	2	1	2	0	0	2	2	0	0	0	0	0	0	1	1	1	0	0	0	0	1	1	0	1	0	1	1	1	1	1	1	0	0	0	0	1	1	0	1	1	0	1	0	0	0	1	0	0	1	1	2	2	0	2	0	2	0	1	1	0	0	0	1	0	0	0	0	0	0	0	0	0	0	1	0	0	0	0	0	0	0	0	0	0	1	0	0	0	1	1	0	0	0	0	0	0	0	0	0	0	0	0	0	1	1	0	0	0	0	0	0	0	0	0	0	0	0	0	0	0	0	1	0	0	0	1	1	1	0	1	1	0	0	0	0	1	1	0	1	0	0	0	0	0	0
355	1	2	2	1	0	1	1	1	0	1	1	1	2	2	0	1	2	1	2	2	2	0	1	0	0	1	0	0	2	0	2	2	2	2	0	2	0	2	0	0	2	2	0	0	0	0	0	0	1	1	0	0	0	0	0	0	0	0	0	0	0	0	0	0	0	0	0	0	1	0	0	0	0	0	0	1	0	0	0	0	0	2	1	1	0	0	0	0	0	1	0	0	0	0	0	0	0	0	0	0	0	0	0	0	0	0	0	0	0	0	0	0	0	0	0	0	0	0	0	0	0	0	0	0	0	1	1	0	1	1	0	1	1	1	1	1	1	0	2	2	0	2	2	2	1	0	1	1	1	1	1	1	1	0	0	0	1	1	0	0	1	1	1	1	1	1	0	0	0	0	1	0	2	2	2	0	0	0	0	0
356	1	2	2	0	0	0	0	0	0	0	0	0	2	2	2	2	2	0	2	2	2	0	2	0	0	2	0	0	2	0	2	2	2	2	0	2	0	2	0	0	2	2	0	0	0	0	0	0	2	2	0	0	0	0	0	0	0	0	0	0	0	0	0	0	0	0	0	0	0	0	0	0	0	0	0	0	0	0	0	0	0	0	0	2	0	2	2	0	2	0	2	0	0	0	0	0	0	2	0	0	0	0	0	0	0	0	0	0	1	0	0	0	0	0	0	0	0	0	0	1	0	0	0	1	1	1	2	0	0	0	0	1	1	0	1	1	1	0	2	2	0	1	1	1	1	0	1	1	0	1	1	1	1	0	0	0	1	1	0	0	2	2	2	1	2	1	0	0	0	0	1	1	0	2	0	0	0	1	0	0
357	2	1	2	0	0	0	0	0	0	1	0	0	2	2	1	0	2	0	2	2	2	0	1	0	0	2	0	0	2	1	0	1	0	1	0	2	0	1	1	2	0	0	0	1	1	0	0	1	1	1	0	1	1	1	1	0	0	1	0	1	0	0	0	0	0	0	1	1	2	0	0	0	0	0	0	1	0	0	0	0	0	2	1	1	0	1	1	0	0	1	1	0	0	0	0	0	0	2	0	0	1	1	0	0	0	0	0	0	0	0	0	0	0	0	0	0	0	0	0	0	0	0	0	0	0	1	1	0	0	0	0	1	1	0	1	1	1	0	1	1	0	1	1	1	1	0	1	1	1	1	1	1	1	0	0	0	1	1	0	0	1	1	1	1	1	1	1	0	0	0	1	0	0	2	0	0	0	0	0	0
358	1	2	2	0	0	0	0	0	0	0	0	0	2	2	1	2	2	0	2	2	2	0	2	0	0	2	0	0	2	1	2	2	2	2	0	2	0	2	0	0	2	2	0	0	0	0	0	0	2	2	0	0	0	0	0	0	0	0	0	0	0	0	0	0	0	0	0	0	0	0	0	0	0	0	0	0	0	0	0	0	0	1	1	2	0	1	1	0	1	1	1	0	0	0	0	0	0	1	0	0	0	0	0	0	0	0	0	0	1	0	0	0	0	0	0	0	0	0	0	0	0	0	0	1	0	1	1	0	0	0	0	1	1	0	1	1	1	0	1	1	0	1	1	1	1	0	1	1	1	1	1	1	1	0	0	0	1	1	0	0	1	1	1	1	1	1	1	0	0	0	1	1	0	2	0	0	0	0	0	0
359	0	0	0	0	2	0	0	0	1	0	0	0	0	0	2	2	0	0	0	0	0	0	0	0	0	0	0	1	0	0	0	0	0	0	1	0	0	0	1	1	0	0	1	1	1	1	0	2	2	2	0	2	2	2	2	0	0	2	0	2	0	0	0	0	0	0	2	2	2	1	0	0	0	0	0	2	0	0	1	1	0	2	1	1	0	1	1	1	0	1	1	1	0	0	1	1	1	1	0	1	1	1	0	0	0	0	0	1	0	1	0	0	0	0	0	0	1	1	0	0	1	1	0	1	0	1	2	0	0	0	0	1	1	0	1	1	1	0	2	2	0	1	1	1	1	0	1	1	1	1	1	1	1	0	0	0	2	1	0	0	2	2	2	1	2	2	1	0	0	0	1	0	1	2	1	0	0	0	0	0
360	1	1	1	0	1	0	0	0	0	0	0	0	1	1	2	2	1	0	1	1	1	0	1	0	0	1	0	0	1	1	0	1	0	1	0	1	0	1	0	0	1	1	0	0	0	0	0	0	0	0	0	0	0	0	0	0	0	0	0	0	0	0	0	0	0	0	0	0	1	0	0	0	0	0	0	0	0	0	0	0	0	1	1	1	0	0	0	0	0	1	0	0	0	0	0	0	0	0	0	0	0	0	0	0	0	0	0	0	0	0	0	0	0	0	0	1	0	0	0	0	0	0	0	0	0	1	2	0	0	0	0	1	1	0	1	1	1	1	2	2	0	1	1	1	1	0	1	0	0	1	1	1	1	0	0	0	1	1	0	0	2	2	2	1	2	1	1	0	0	0	1	1	1	1	1	0	0	0	0	0
361	2	2	2	0	0	0	0	0	0	1	0	0	2	2	2	1	2	0	2	2	2	0	1	0	0	2	0	0	2	0	1	1	1	1	0	2	0	1	1	1	1	1	0	1	1	0	0	1	2	2	0	1	1	1	1	0	0	1	0	1	0	0	0	0	0	0	1	1	1	0	0	0	0	0	0	1	0	0	0	0	0	1	0	1	0	2	2	0	1	0	2	0	0	0	0	0	0	0	0	0	1	1	0	0	0	0	0	0	1	0	0	0	0	0	0	0	0	0	0	0	0	0	0	1	0	1	2	0	0	0	0	1	1	0	1	1	1	0	2	2	0	1	1	1	1	0	1	0	0	1	1	1	1	0	0	0	2	1	0	0	2	2	2	1	2	2	1	0	0	0	1	0	0	1	0	0	0	1	0	0
362	1	2	2	0	0	0	0	0	0	0	0	0	2	2	2	2	2	0	2	2	2	0	2	0	0	2	0	0	2	0	2	2	2	2	0	2	0	2	0	0	2	2	0	0	0	0	0	0	2	2	0	0	0	0	0	0	0	0	0	0	0	0	0	0	0	0	0	0	0	0	0	0	0	0	0	0	0	0	0	0	0	0	0	2	0	2	2	0	2	0	2	0	0	0	0	0	0	2	0	0	0	0	0	0	0	0	0	0	2	0	0	0	0	0	0	0	0	0	0	0	0	0	0	2	0	0	2	0	0	0	0	0	0	0	0	0	0	0	2	2	0	0	0	0	0	0	0	0	0	0	0	0	0	0	0	0	2	0	0	0	2	2	2	0	2	2	0	0	0	0	0	0	0	2	0	0	0	0	0	0
363	1	2	2	0	0	0	0	0	0	0	0	0	2	2	1	2	2	0	2	2	2	0	2	0	0	2	0	0	2	1	2	2	2	2	0	2	0	2	0	0	2	2	0	0	0	0	0	0	2	2	0	0	0	0	0	0	0	0	0	0	0	0	0	0	0	0	0	0	0	0	0	0	0	0	0	0	0	0	0	0	0	1	1	2	0	1	1	0	1	1	1	0	0	0	0	0	0	1	0	0	0	0	0	0	0	0	0	0	1	0	0	0	0	0	0	0	0	0	0	0	0	0	0	1	0	1	1	0	0	0	0	1	1	0	1	1	1	0	1	1	0	1	1	1	1	0	1	1	0	1	1	1	1	0	0	0	1	1	0	0	1	1	1	1	1	1	0	0	0	0	1	0	0	1	0	0	0	0	0	0
364	0	2	2	0	0	0	0	0	0	0	0	0	2	2	2	2	2	0	0	2	0	0	2	0	0	0	0	0	0	0	0	0	0	1	0	0	0	0	0	0	0	0	0	0	2	0	0	0	2	2	0	0	0	0	0	0	0	0	0	0	0	0	0	0	0	0	0	0	0	0	0	0	0	0	0	0	0	0	0	0	0	1	2	2	0	0	0	0	0	0	0	0	0	0	0	0	0	0	0	0	0	0	0	0	0	0	0	0	0	0	0	0	0	0	0	0	0	0	0	0	0	0	0	0	0	1	1	1	1	1	0	0	0	1	0	0	0	0	2	2	0	1	1	1	0	0	0	0	0	0	0	0	0	0	0	0	0	0	0	0	1	1	1	0	1	0	1	0	0	0	0	1	0	2	0	0	0	0	0	0
365	1	1	2	0	0	0	0	0	0	0	0	0	2	2	1	1	2	0	2	2	2	0	2	0	0	2	0	0	2	0	1	1	1	1	0	1	0	1	0	0	1	1	0	0	0	0	0	0	1	0	0	0	0	0	0	0	0	0	0	0	0	0	0	0	0	0	0	0	2	0	0	0	0	0	0	0	0	0	0	0	0	2	1	1	0	0	0	0	0	1	0	0	0	0	0	0	0	1	0	0	0	0	0	0	0	0	0	0	0	0	0	0	0	0	0	0	0	0	0	0	0	0	0	0	0	2	2	0	0	0	0	2	2	0	2	2	2	2	2	2	0	2	2	2	2	0	2	2	2	2	2	2	2	0	0	0	2	2	0	0	2	2	2	2	2	2	2	0	0	0	2	0	1	2	1	0	0	0	0	0
366	2	1	2	0	0	0	0	0	0	1	0	0	2	2	1	0	2	0	2	2	2	0	1	0	0	2	0	0	2	0	0	1	0	1	0	2	0	1	1	1	1	1	0	1	1	0	0	1	1	1	0	1	1	1	1	0	0	1	0	1	0	0	0	0	0	0	1	1	2	0	0	0	0	0	0	1	0	0	0	0	0	2	1	1	0	1	1	0	0	1	1	0	0	0	0	0	0	0	0	0	1	1	0	0	0	0	0	0	0	0	0	0	0	0	0	0	0	0	0	0	0	0	0	0	0	1	1	0	0	0	0	1	1	0	1	1	1	0	1	1	0	1	1	1	1	0	1	1	1	1	1	1	1	0	0	0	1	1	0	0	1	1	1	1	1	1	0	0	0	0	1	0	0	2	0	0	0	0	0	0
367	2	1	2	0	0	0	0	0	0	0	0	0	2	2	1	2	1	0	2	2	2	0	2	0	0	2	0	0	2	1	1	2	1	2	0	1	0	2	0	0	2	2	0	0	0	0	0	0	1	1	0	0	0	0	0	0	0	0	0	0	0	0	0	0	0	0	0	0	1	0	0	0	0	0	0	0	0	0	0	0	0	1	1	2	0	1	1	0	1	1	1	0	0	0	0	0	0	2	0	0	0	0	0	0	0	0	0	0	1	0	0	0	0	0	0	0	0	0	0	0	0	0	0	1	0	0	1	0	0	0	0	0	0	0	0	0	0	0	1	1	0	0	0	0	0	0	0	0	0	0	0	0	0	0	0	0	1	0	0	0	1	1	1	0	1	1	0	0	0	0	0	0	1	1	1	0	0	0	0	0
368	1	1	1	0	1	0	0	0	1	1	0	0	1	1	2	1	1	0	1	1	1	1	0	0	0	1	0	1	1	0	0	0	0	0	1	1	0	0	2	2	0	0	1	2	2	1	0	2	2	2	0	2	2	2	2	0	0	2	0	2	0	0	0	0	0	0	2	2	2	1	0	0	0	0	0	2	0	0	1	1	0	2	1	1	0	1	1	1	0	1	1	1	0	0	1	1	1	1	0	1	1	1	0	0	0	0	0	1	0	1	0	0	0	0	0	0	1	1	0	0	1	1	0	1	0	2	1	1	1	1	0	1	1	1	1	1	1	0	2	2	0	2	2	2	1	0	1	1	1	1	1	1	1	0	0	0	1	1	0	0	1	1	1	1	1	1	1	0	0	0	1	0	0	1	0	0	0	0	0	0
369	1	1	2	0	0	0	0	0	0	0	0	0	2	2	1	1	2	0	2	2	2	0	2	0	0	2	0	0	2	1	1	2	1	2	0	2	0	2	0	0	2	2	0	0	0	0	0	0	1	1	0	0	0	0	0	0	0	0	0	0	0	0	0	0	0	0	0	0	1	0	0	0	0	0	0	0	0	0	0	0	0	1	1	2	0	1	1	0	1	1	1	0	0	0	0	0	0	1	0	0	0	0	0	0	0	0	0	0	1	0	0	0	0	0	0	0	0	0	0	0	0	0	0	1	0	1	1	0	0	0	0	1	1	0	1	1	1	0	1	1	0	1	1	1	1	0	1	1	1	1	1	1	1	0	0	0	1	1	0	0	1	1	1	1	1	1	1	0	0	0	1	0	1	2	1	0	0	0	0	0
370	1	1	2	0	0	0	0	0	0	0	0	0	2	2	0	1	2	0	2	2	2	0	2	0	0	2	0	0	2	0	1	1	1	1	0	1	0	1	0	0	1	1	0	0	0	0	0	0	2	1	0	0	0	0	0	0	0	0	0	0	0	0	0	0	0	0	0	0	1	0	0	0	0	0	0	0	0	0	0	0	0	2	1	1	0	0	0	0	0	1	0	0	0	0	0	0	0	1	0	0	0	0	0	0	0	0	0	0	0	0	0	0	0	0	0	0	0	0	0	0	0	0	0	0	0	2	2	0	0	0	0	2	2	0	2	2	2	1	2	2	0	2	2	2	2	0	2	2	1	2	2	2	2	0	0	0	2	2	0	0	2	2	2	2	2	2	1	0	0	0	2	0	0	1	0	0	0	0	0	0
371	1	0	2	0	0	0	0	0	0	0	0	0	2	2	0	1	2	0	2	2	2	0	1	0	0	2	0	0	1	1	1	1	1	0	0	2	0	1	0	0	2	1	0	0	1	0	0	1	2	2	0	1	1	1	1	0	1	1	0	1	0	1	1	0	1	0	1	1	1	0	1	1	0	1	1	1	1	0	0	0	0	2	0	0	0	1	1	0	0	0	1	0	0	0	0	0	0	1	0	0	1	1	0	0	0	0	0	0	0	0	0	0	0	0	0	0	0	0	0	0	0	0	0	0	0	1	1	0	0	0	0	1	1	0	1	1	1	0	1	1	0	1	1	1	1	0	1	1	1	1	1	1	1	0	0	0	1	1	0	0	1	2	2	1	2	1	0	0	0	0	1	0	0	2	0	0	0	0	0	0
372	1	1	1	0	1	0	0	0	1	0	0	0	1	1	1	1	1	0	0	1	0	0	1	0	0	1	0	1	0	0	0	1	0	0	1	1	0	0	1	1	0	0	1	1	2	0	0	0	1	1	0	0	0	0	0	0	0	0	0	0	0	0	0	0	0	0	0	0	1	0	0	0	0	0	0	0	0	0	0	0	0	0	0	1	0	1	1	0	0	0	0	0	0	0	0	0	0	1	0	0	0	0	0	0	0	0	0	0	0	0	0	0	0	0	0	0	0	0	0	0	0	0	0	0	0	1	1	0	0	0	0	1	1	0	1	1	1	0	2	2	0	0	0	0	0	1	0	0	0	0	0	1	1	0	1	1	1	0	0	1	1	1	1	0	1	0	0	1	0	1	0	1	0	2	0	0	0	0	0	0
