29	0	0	2	0	0	0	0	2	2	2	0	2	0	2	2	0	2	0	0	0	2	2	2	0	0	2	2	1	2	2	2	2	2	2	0	0	0	0	1	0	1	0	0	0	0	0	1	1	1	1	1	1	1	1	2	0	1	1	1	1	0	1	1	0	1	1	1	1	1	1	1	0	0	2	1	1	1	1	0	1	1	1	1	1	0	0	1	0	0	0	0	0	1	0	1	1	0	2	1	1	0	1	1	0	0	1	1	1	1	1	1	1	1	1	1	1	0	1	0	1	1	1	0	0	0	1	1	1	1	1	1	1	1	1	1	1	0	1	1	1	1	1	0	0	0	0	0	1	1	1	0	0	0	1	1	0	1	0	0	0	0	1	0	0	0	0	0	0	0	0	0	0	0	0	0	0	0	1	1	0	0	2	0	0	0	0	0	0	1	1	1	0	0	1	1	1	0	1	0	0	1	0	1	0	0	1	0	0	1	0	0	0	0	0	0	0	0	1	0	2	2	0	2	2	1	1	0	1	1	1	0	0	0	0	0	0	0	0	0	0	0	0	1	0	0	0	0	0	0	0	0	0	0	0	0	0	0	0	0	0
30	0	0	0	0	0	0	0	0	0	0	0	0	0	0	0	0	0	0	0	0	0	0	0	0	0	0	0	0	0	0	0	0	1	1	0	0	0	0	1	0	1	0	0	0	0	0	2	1	1	0	1	0	1	1	0	0	0	0	0	0	0	0	0	0	0	0	0	0	0	1	1	0	0	1	0	0	0	0	0	0	0	0	1	0	0	0	0	0	0	0	0	0	1	0	1	1	0	1	1	1	0	1	0	0	0	1	2	1	2	2	2	2	2	1	0	2	1	0	1	1	1	1	0	1	1	2	1	1	1	2	1	2	1	1	1	1	0	1	0	2	2	2	1	2	1	2	2	2	0	2	0	0	1	0	2	0	2	2	2	1	2	0	1	1	0	1	1	0	0	2	0	0	1	1	1	1	1	2	2	0	0	2	1	0	0	0	1	0	2	2	2	0	0	0	1	2	0	2	0	0	2	0	2	0	0	0	0	0	0	0	0	0	0	0	0	0	1	0	1	2	2	0	1	2	0	0	0	0	0	0	0	0	0	0	0	0	0	0	0	0	0	0	0	0	0	0	0	0	0	0	0	0	0	0	0	0	0	0	0	0
31	1	1	1	1	1	1	1	1	1	1	1	1	1	1	1	0	1	0	0	0	1	1	1	0	0	1	1	1	1	1	1	1	1	1	1	1	1	0	1	0	1	0	0	1	0	0	2	1	1	1	1	1	1	1	1	1	0	1	1	1	0	1	1	0	1	1	1	1	1	1	1	0	0	1	0	1	1	0	0	1	1	0	1	1	0	0	0	0	0	0	0	0	1	0	1	1	0	2	1	1	0	1	1	0	0	1	1	1	1	1	1	1	1	0	0	2	1	0	1	1	1	1	0	1	1	2	1	1	1	2	1	2	2	1	1	1	0	1	0	2	2	2	2	2	2	2	2	2	0	2	0	0	0	0	1	0	1	1	1	1	1	0	1	1	0	1	1	0	0	1	0	1	1	1	1	1	0	1	1	1	0	2	1	1	0	1	1	1	1	1	1	0	1	1	1	1	1	1	1	1	1	1	1	1	1	1	0	0	0	1	1	1	1	1	1	1	0	0	0	1	1	1	0	1	0	0	0	0	0	0	0	1	0	0	0	0	0	0	0	0	0	0	0	0	0	0	0	0	0	0	0	0	0	0	0	0	0	0	0	0
32	0	1	1	0	0	0	0	0	1	1	0	1	0	1	0	0	0	0	0	0	1	0	0	1	0	0	1	1	0	0	0	0	0	0	2	2	2	0	1	0	1	0	0	1	0	0	2	1	1	1	1	1	2	1	1	1	0	1	1	1	0	1	1	0	1	1	1	1	1	1	1	0	0	1	0	1	1	0	0	1	1	0	1	1	0	0	0	0	0	0	0	0	1	0	1	1	0	1	1	1	0	1	1	0	0	1	1	1	1	1	1	1	1	1	0	1	1	0	1	0	0	0	0	1	1	1	0	0	0	1	0	1	1	0	0	0	1	0	1	1	1	1	0	1	1	1	1	1	1	1	0	0	0	0	2	0	1	2	2	2	2	0	1	2	1	1	1	0	0	2	0	0	1	1	1	1	0	2	2	1	0	2	1	1	0	1	1	1	2	2	2	0	1	0	2	2	1	2	1	1	2	1	2	1	1	2	0	0	0	0	0	0	0	0	0	0	0	0	0	1	1	0	0	2	0	0	0	0	0	0	0	0	0	0	0	0	0	0	0	0	0	0	2	0	0	0	0	0	0	0	0	0	0	0	0	0	0	0	0	0
33	0	1	1	0	0	0	0	0	1	1	0	1	0	1	0	0	0	1	1	1	0	0	0	1	0	0	1	1	0	0	0	0	1	1	0	0	0	0	1	0	1	0	0	1	0	0	2	1	1	0	1	0	1	1	0	0	0	0	0	0	0	0	0	0	0	0	0	0	1	0	0	0	0	0	0	1	1	0	0	1	1	0	0	0	0	0	0	0	0	0	0	0	0	0	0	0	0	0	0	0	0	0	0	0	0	0	2	0	2	2	2	2	2	1	0	2	1	1	1	1	1	0	0	1	1	1	0	0	0	2	0	2	1	1	0	0	0	0	0	2	0	1	0	0	0	0	0	0	0	0	0	1	0	0	0	0	0	0	0	0	0	0	0	0	0	0	0	0	0	2	0	0	0	0	0	0	0	1	1	0	0	2	0	0	0	0	0	0	0	0	0	0	0	1	0	0	0	1	0	0	0	0	0	0	0	1	0	0	0	1	0	0	0	0	0	0	1	1	1	2	2	0	1	2	1	0	0	0	0	0	0	1	0	0	0	0	0	0	0	0	0	0	1	0	0	0	0	0	0	0	0	0	0	0	0	0	0	0	0	0
34	1	1	0	2	2	2	2	0	0	0	2	0	1	0	0	1	0	1	1	2	0	0	0	2	1	0	0	0	0	0	0	0	0	0	1	1	1	0	1	0	1	0	0	1	0	0	2	1	1	0	1	0	1	1	0	0	0	0	0	0	0	0	0	0	0	0	0	0	0	1	1	0	0	1	0	0	0	0	0	0	0	0	1	1	0	0	0	0	0	0	0	0	1	0	1	1	0	1	1	1	0	1	0	0	0	1	2	1	2	2	2	2	2	0	0	2	0	1	0	2	1	0	0	0	0	1	1	1	1	2	1	2	1	2	1	1	0	1	0	2	1	2	0	1	1	1	1	1	0	1	0	0	1	0	2	0	2	2	1	1	1	0	1	1	0	0	0	0	0	2	0	0	0	0	0	0	0	1	1	0	0	2	1	0	0	0	1	0	1	1	1	0	0	1	0	1	0	1	0	0	1	0	1	0	0	2	0	0	0	1	1	1	1	1	1	1	0	0	0	1	1	1	0	1	0	0	0	0	0	0	0	0	0	0	0	0	0	0	0	0	0	0	1	0	0	0	0	0	0	0	0	0	0	0	0	0	0	0	0	0
35	0	1	2	0	0	0	0	0	2	2	0	2	0	2	1	0	0	1	1	1	0	0	0	2	0	0	2	2	0	0	0	0	0	0	1	1	0	0	0	0	1	0	0	0	0	0	2	0	0	0	0	0	1	0	0	0	0	0	1	1	0	1	1	0	2	2	2	0	1	0	0	0	0	0	0	0	0	0	0	0	0	0	0	0	0	0	0	0	0	0	0	0	0	0	0	0	0	0	0	0	0	0	0	0	0	0	1	0	1	1	1	1	1	0	1	2	2	0	2	0	0	0	0	2	2	2	0	0	0	2	0	2	2	0	0	0	0	0	1	1	1	1	1	1	1	1	1	1	1	1	0	0	0	1	1	0	1	1	1	1	1	1	1	1	0	1	1	0	0	1	0	0	1	1	1	1	0	2	2	1	0	2	1	1	0	1	1	1	2	2	2	0	1	0	2	2	1	2	1	1	2	1	2	1	1	2	0	0	0	0	0	0	0	0	0	0	0	0	0	1	1	0	1	2	0	0	0	0	0	0	0	1	0	0	0	0	0	0	0	0	0	0	0	0	0	0	0	0	0	0	0	0	0	0	0	0	0	0	0	0
36	0	0	0	1	1	1	1	0	0	0	1	0	0	0	0	0	0	0	0	1	0	0	0	1	0	0	0	0	0	0	0	0	0	0	1	1	1	0	1	0	1	0	0	2	0	0	2	2	1	0	2	0	2	2	0	0	0	0	0	0	0	0	0	0	0	0	0	0	0	1	1	0	0	1	0	0	0	0	0	0	0	0	1	1	0	0	0	0	0	0	0	0	1	0	1	1	0	1	1	1	0	2	2	0	0	2	2	1	2	2	2	2	2	1	0	1	1	0	1	0	0	0	0	1	1	1	0	0	0	1	0	1	1	0	0	0	1	0	1	1	1	1	1	1	1	1	1	1	1	1	0	0	0	0	2	0	1	2	2	2	2	0	1	2	1	1	1	0	0	2	0	0	1	1	1	1	0	2	2	1	0	2	1	1	0	1	1	1	2	2	2	0	1	0	1	1	1	1	1	1	2	1	2	1	1	2	0	1	1	0	0	0	0	0	0	0	0	1	0	2	2	0	1	2	1	0	0	0	0	0	0	0	0	0	0	0	0	0	0	0	0	0	1	0	0	0	0	0	0	0	0	0	0	0	0	0	0	0	0	0
37	0	0	0	1	1	1	1	0	0	0	1	0	0	0	0	0	0	0	0	1	0	0	0	1	0	0	0	0	0	0	0	0	0	0	1	1	1	0	0	0	2	0	0	0	0	0	2	0	0	1	0	1	1	0	1	1	0	1	1	1	0	1	1	0	1	1	1	1	1	0	0	0	0	0	0	1	1	0	0	1	1	0	0	0	0	0	0	0	0	0	0	0	0	0	0	0	0	1	0	0	0	0	0	0	0	0	1	0	1	1	1	1	1	0	0	2	1	0	1	1	0	0	0	1	1	2	1	1	1	2	1	2	2	1	1	1	0	1	0	2	1	1	1	1	1	1	1	1	0	2	0	0	1	0	2	0	2	2	1	1	1	0	1	1	0	1	1	0	0	2	0	1	1	1	1	1	0	2	2	1	0	2	1	1	0	1	1	1	1	1	1	0	1	0	1	1	1	2	1	1	1	1	1	1	1	1	0	1	1	0	0	0	0	0	0	0	1	1	1	2	2	0	1	2	1	0	0	0	0	0	0	0	0	0	0	0	0	0	0	0	0	0	1	0	0	0	0	0	0	0	0	0	0	0	0	0	0	0	0	0
38	1	0	1	0	0	0	0	1	1	1	0	1	0	1	1	0	1	0	0	0	1	1	1	0	0	1	1	1	1	1	1	1	1	1	0	0	0	0	1	0	1	0	0	1	0	0	1	1	1	1	1	1	1	1	1	1	0	1	1	1	0	1	1	0	1	1	1	1	1	1	1	0	0	1	0	1	1	0	0	1	1	0	1	0	0	1	0	0	0	1	1	1	1	0	1	1	0	1	0	1	0	1	0	0	0	1	2	1	2	2	2	2	2	1	1	2	0	2	0	2	2	0	0	0	0	0	0	0	0	2	0	2	0	2	0	0	0	0	0	2	0	1	0	0	0	0	0	0	0	0	0	0	0	1	0	0	0	0	0	0	0	1	0	0	0	0	0	0	0	1	0	0	0	0	0	0	0	1	1	0	0	2	0	0	0	0	0	0	0	0	0	0	0	1	0	0	0	1	0	0	0	0	0	0	0	0	0	0	1	0	0	0	0	0	0	0	1	1	1	2	2	0	1	2	1	1	0	1	1	1	0	0	0	0	0	0	0	0	0	0	0	0	0	0	0	0	0	0	0	0	0	0	0	0	0	0	0	0	0	0
39	0	1	2	0	0	0	0	1	2	2	0	2	0	2	1	0	1	1	1	1	1	1	1	1	0	1	2	2	1	1	1	1	1	1	0	0	0	0	0	0	1	0	0	0	0	0	2	0	0	0	0	0	0	0	0	0	0	0	0	0	0	0	0	0	0	0	0	0	0	1	1	0	0	1	0	0	0	0	0	0	0	0	1	0	0	0	0	0	0	0	0	0	1	0	1	1	0	1	1	1	0	1	0	0	0	1	2	1	2	2	2	2	2	1	0	1	1	1	1	1	1	0	0	1	1	1	0	0	0	2	0	2	1	1	0	0	0	0	0	2	0	1	0	0	0	0	0	0	0	0	0	1	0	0	0	0	0	0	0	0	0	0	0	0	0	0	0	0	0	2	0	0	0	0	0	0	0	1	1	0	0	2	0	0	0	0	0	0	0	0	0	0	0	1	0	0	0	1	0	0	0	0	0	0	0	0	0	0	0	1	0	0	0	0	0	0	1	1	1	2	2	0	1	2	1	0	0	0	0	0	0	1	0	0	0	0	0	0	0	0	0	0	1	0	0	0	0	0	0	0	0	0	0	0	0	0	0	0	0	0
40	1	2	1	0	0	0	1	0	1	1	1	1	1	1	0	1	0	1	1	1	0	0	0	2	0	0	1	1	0	0	0	0	0	0	1	1	0	0	0	0	0	0	0	0	0	0	1	0	0	1	0	1	1	0	1	1	0	1	2	2	0	2	2	0	2	2	2	1	1	0	0	0	0	1	0	1	1	0	0	1	1	0	0	0	0	0	0	0	0	0	0	0	0	0	0	0	0	2	0	0	0	0	0	0	0	0	1	0	0	0	0	0	0	2	0	0	0	0	0	0	0	0	0	0	0	0	0	0	0	0	0	0	0	0	0	0	1	0	2	0	0	0	0	0	0	0	0	0	2	0	0	0	0	1	1	0	0	1	1	1	1	1	0	1	1	0	0	0	0	1	0	0	0	0	0	0	0	2	2	0	0	2	0	0	0	0	0	0	2	2	2	0	0	0	2	2	0	2	0	0	2	0	2	0	0	2	0	0	0	0	0	0	0	0	0	0	0	0	0	2	2	0	1	2	0	0	0	0	0	0	0	0	0	0	0	0	0	0	0	0	0	0	1	0	0	0	0	0	0	0	0	0	0	0	0	0	0	0	0	0
296	0	1	1	0	0	0	0	0	1	1	0	1	0	1	0	0	0	1	1	1	0	0	0	1	0	0	1	1	0	0	0	0	0	0	1	1	1	0	1	0	1	0	0	1	0	0	2	1	1	0	1	0	1	1	0	0	0	0	0	0	0	0	0	0	0	0	0	0	0	1	1	0	0	1	0	0	0	0	0	0	0	0	1	1	0	0	0	0	0	0	0	0	1	0	1	1	0	1	1	1	0	1	1	0	0	1	2	1	2	2	2	2	2	0	0	1	0	0	0	1	1	1	0	0	0	1	1	1	1	1	1	1	1	1	1	1	1	1	1	1	1	1	1	1	1	1	1	1	1	1	0	0	0	0	2	0	1	2	2	2	2	0	1	2	1	1	1	0	0	2	0	1	1	1	1	1	0	2	2	1	0	2	1	1	0	1	1	1	2	2	2	0	1	0	2	2	1	2	1	1	2	1	2	1	1	2	0	0	0	1	1	1	1	1	1	1	0	0	0	2	2	1	1	2	0	0	0	0	0	0	0	1	0	0	0	0	0	0	0	0	0	0	1	0	0	0	0	0	0	0	0	0	0	0	0	0	0	0	0	0
297	1	1	0	1	1	1	1	0	0	0	1	0	1	0	0	1	0	1	1	0	1	1	1	0	0	1	1	0	1	1	1	1	1	1	1	1	1	0	1	0	1	0	0	0	0	0	1	0	0	1	0	1	1	0	1	1	1	1	1	1	0	1	1	0	1	1	1	1	1	0	0	0	0	1	1	1	1	1	0	1	1	1	0	0	0	0	1	0	0	0	0	0	0	0	0	0	0	1	1	1	0	0	0	0	0	0	1	0	1	1	1	1	1	0	1	2	1	1	1	1	1	1	0	1	1	2	1	1	1	2	1	2	2	1	1	1	0	1	0	2	1	1	1	1	1	1	1	1	0	1	0	1	0	0	1	0	1	0	0	0	0	0	0	0	0	0	0	0	0	1	0	0	0	0	0	0	0	1	1	0	0	2	0	0	0	0	0	0	0	0	0	0	0	1	0	0	0	1	0	0	0	0	0	0	0	0	0	0	1	0	0	0	0	0	0	0	1	1	1	2	2	0	0	2	1	1	0	1	1	1	0	0	0	0	0	0	0	0	0	0	0	0	1	0	0	0	0	0	0	0	0	0	0	0	0	0	0	0	0	0
298	1	1	0	1	1	0	1	0	0	0	1	0	0	0	0	0	0	1	1	1	0	0	0	1	0	0	0	0	0	0	0	0	0	0	1	1	1	0	0	0	0	0	0	1	0	0	1	1	1	1	1	1	1	1	1	1	0	1	1	1	0	1	1	0	1	1	0	1	0	1	1	0	0	1	0	0	0	0	0	0	0	0	1	1	0	0	0	0	0	0	0	0	1	0	1	1	0	2	0	1	0	1	1	0	0	1	2	1	1	1	1	1	2	1	0	2	2	0	2	0	0	0	0	2	2	2	0	0	0	2	0	2	2	0	0	0	0	0	0	2	1	1	1	1	1	1	1	1	0	2	0	0	0	0	1	0	1	1	1	1	1	0	1	1	0	1	1	0	0	1	0	1	2	2	2	2	0	2	2	2	1	2	2	2	1	2	2	2	2	2	2	0	2	0	1	1	2	1	2	2	2	2	2	2	2	2	0	2	2	0	0	0	0	0	0	0	0	2	0	2	2	0	1	2	2	1	0	1	1	1	0	0	0	0	0	0	0	0	0	0	0	0	1	0	0	0	0	0	0	0	0	0	0	0	0	0	0	0	0	0
299	0	0	1	0	0	0	0	1	1	1	0	1	0	1	1	0	1	0	0	0	1	1	1	0	0	1	1	0	1	1	1	1	1	1	1	1	1	0	0	0	1	0	1	0	1	1	1	0	0	1	0	1	0	0	1	1	0	1	1	1	0	1	1	0	1	1	1	1	1	0	0	0	0	0	0	1	1	0	0	1	1	0	0	0	0	0	0	0	0	0	0	0	0	0	0	0	0	0	0	0	0	0	0	0	0	0	1	0	1	1	1	1	1	1	0	1	1	0	1	0	0	0	0	1	1	1	0	0	0	1	0	1	1	0	0	0	0	0	0	1	1	1	0	1	0	1	1	1	0	2	0	0	0	0	2	0	2	1	1	1	1	0	1	1	0	1	1	0	0	1	0	0	1	1	1	1	0	1	1	0	0	2	0	0	0	0	0	0	1	1	1	0	0	1	1	1	0	1	0	0	1	0	1	0	0	0	0	0	0	0	0	0	0	0	0	0	0	0	0	1	1	0	1	1	0	0	0	0	0	0	0	1	0	0	0	0	0	0	0	0	0	0	0	0	0	0	0	0	0	0	0	0	0	0	0	0	0	0	0	0
300	0	1	1	0	0	0	0	0	1	1	0	1	0	1	0	0	0	1	1	1	0	0	0	1	0	0	1	1	0	0	0	0	0	0	1	1	1	0	0	0	2	0	0	0	0	0	2	0	0	0	0	0	0	0	0	0	0	0	0	0	0	0	0	0	1	1	1	0	1	1	1	0	0	1	0	0	0	0	0	0	0	0	1	0	0	0	0	0	0	0	0	0	1	0	1	1	0	1	1	1	0	1	0	0	0	1	2	1	2	2	2	2	2	1	0	2	2	0	1	1	1	1	0	1	1	2	1	1	1	2	1	2	2	1	1	1	0	1	0	2	1	1	1	1	1	1	1	1	0	1	0	0	1	1	1	0	1	1	1	1	1	1	1	1	0	0	0	0	0	1	0	0	0	0	0	0	0	1	1	0	0	2	0	0	0	0	0	0	0	0	0	0	0	1	0	0	0	1	0	0	0	0	0	0	0	0	0	0	0	0	0	0	0	0	0	0	0	0	0	1	1	0	0	1	0	0	0	0	0	0	0	0	0	0	0	0	0	0	0	0	0	0	1	0	0	0	0	0	0	0	0	0	0	0	0	0	0	0	0	0
301	0	0	0	0	0	0	1	0	0	0	1	0	1	0	0	1	0	1	1	1	0	0	0	1	1	0	0	0	0	0	0	0	0	0	1	1	1	0	0	0	2	0	0	0	0	0	2	0	0	1	0	1	1	0	1	1	0	1	1	1	0	1	1	0	1	1	1	1	1	0	0	0	0	0	0	1	1	0	0	1	1	0	0	0	0	0	0	0	0	0	0	0	0	0	0	0	0	0	0	0	0	0	0	0	0	0	1	0	1	1	1	1	1	0	0	2	2	0	2	0	0	0	0	2	2	2	0	0	0	2	0	2	2	0	0	0	0	0	0	2	2	2	1	2	2	2	2	2	0	2	0	0	0	0	1	0	1	1	1	1	1	0	1	1	0	1	1	0	0	1	0	0	1	1	1	1	0	2	2	1	0	2	1	1	0	1	1	1	2	2	2	0	1	0	2	2	1	2	1	1	2	1	2	1	1	2	0	0	0	0	0	0	0	0	0	0	0	0	0	1	1	0	0	2	0	0	0	0	0	0	0	0	0	0	0	0	0	0	0	0	0	0	2	0	0	0	0	0	0	0	0	0	0	0	0	0	0	0	0	0
302	0	0	0	0	0	0	0	0	0	0	0	0	0	0	0	0	0	0	0	0	0	0	0	0	0	0	0	0	0	0	0	0	0	0	1	1	1	0	1	0	1	0	0	1	0	0	2	1	1	0	1	0	1	1	0	0	0	0	0	0	0	0	0	0	0	0	0	0	0	1	1	0	0	1	0	0	0	0	0	0	0	0	1	1	0	0	0	0	0	0	0	0	1	0	1	1	0	1	1	1	0	1	1	0	0	1	2	1	2	2	2	2	2	1	0	2	1	1	1	1	1	0	0	1	1	1	0	0	0	2	0	2	1	1	0	0	0	0	0	2	1	2	1	1	1	1	1	1	0	1	0	0	0	0	0	0	0	0	0	0	0	0	0	0	0	0	0	0	0	1	0	0	1	1	1	1	0	1	1	0	0	2	1	0	0	0	1	0	1	1	1	0	0	1	1	1	0	0	0	0	0	0	0	0	0	0	0	0	0	1	0	0	0	0	0	0	0	1	0	1	1	0	1	2	1	0	0	0	0	0	0	2	0	0	0	0	0	0	0	0	0	0	1	0	0	0	0	0	0	0	0	0	0	0	0	0	0	0	0	0
303	0	2	2	0	0	0	0	0	2	2	0	2	0	2	0	0	0	1	1	1	0	0	0	2	0	0	2	2	0	0	0	0	0	0	1	1	0	0	0	0	1	0	0	0	0	0	2	0	0	0	0	0	1	0	0	0	0	0	1	1	0	1	1	0	1	1	1	0	0	0	0	0	0	0	0	0	0	0	0	0	0	0	0	0	0	0	0	0	0	0	0	0	0	0	0	0	0	1	0	0	0	0	0	0	0	0	1	0	1	1	1	1	1	0	1	2	2	0	2	0	0	0	0	2	2	2	0	0	0	2	0	2	1	0	0	0	0	0	0	2	1	1	0	0	0	0	0	1	0	1	0	1	0	0	0	0	0	0	0	0	0	0	0	0	0	0	0	0	0	2	0	0	0	0	0	0	0	2	2	0	0	2	0	0	0	0	0	0	0	0	0	0	0	0	0	0	0	2	0	0	0	0	0	0	0	0	0	0	0	0	0	0	0	0	0	0	2	0	2	2	2	0	0	2	0	0	0	0	0	0	0	0	0	0	0	0	0	0	0	0	0	0	1	0	0	0	0	0	0	0	0	0	0	0	0	0	0	0	0	0
304	0	0	0	0	0	0	0	0	0	0	0	0	0	0	0	0	0	0	0	0	0	0	0	0	0	0	0	0	0	0	0	0	1	1	1	1	1	0	1	0	1	0	0	0	0	0	2	1	1	0	1	0	1	1	0	0	0	0	0	0	0	0	0	0	1	1	1	0	1	1	1	0	0	1	0	0	0	0	0	0	0	0	1	0	0	0	0	0	0	0	0	0	1	0	1	1	0	1	1	1	0	1	0	0	0	1	2	1	2	2	2	2	2	1	0	2	1	0	1	1	1	1	0	1	1	2	1	1	1	2	1	2	1	1	1	1	0	1	0	2	2	2	2	2	1	2	2	2	0	1	0	0	1	1	1	0	1	1	1	0	1	1	0	0	0	0	0	0	0	1	0	0	0	0	0	0	1	1	1	0	0	2	1	0	0	0	1	0	1	1	1	0	0	1	0	1	0	1	0	0	1	0	1	0	0	1	0	0	1	0	0	0	0	0	0	0	1	1	1	2	2	0	0	2	1	1	0	1	1	1	0	0	0	0	0	0	0	0	0	0	0	0	0	0	0	0	0	0	0	0	0	0	0	0	0	0	0	0	0	0
305	1	1	1	1	1	1	1	0	1	1	1	1	0	1	1	0	0	2	2	2	0	0	0	2	0	0	1	1	0	0	0	0	0	0	0	0	0	0	0	0	1	0	0	0	0	0	2	0	0	0	0	0	0	0	0	0	0	0	0	0	0	0	0	0	1	1	1	0	1	0	0	0	0	0	0	0	0	0	0	0	0	0	0	0	0	0	0	0	0	0	0	0	0	0	0	0	0	0	0	0	0	0	0	0	0	0	2	0	2	2	2	2	2	0	0	1	1	0	1	0	0	0	0	1	1	1	0	0	0	1	0	1	1	0	0	0	0	0	1	1	1	1	1	1	1	1	1	1	1	1	0	0	0	1	1	0	1	1	1	1	1	1	1	1	0	1	1	0	0	1	0	0	1	1	1	1	0	2	2	1	0	2	1	1	0	1	1	1	2	2	2	0	1	0	2	2	1	2	1	1	2	1	2	1	1	2	0	0	0	0	0	0	0	0	0	0	0	0	0	1	1	0	1	2	0	0	0	0	0	0	0	0	0	0	0	0	0	0	0	0	0	0	1	0	0	0	0	0	0	0	0	0	0	0	0	0	0	0	0	0
306	0	0	2	0	0	0	0	1	2	2	0	2	0	2	2	0	1	1	1	1	1	1	1	1	0	1	2	2	1	1	1	1	1	1	0	0	0	0	0	0	1	0	0	0	0	0	1	0	0	1	0	1	0	0	1	1	0	1	1	1	0	1	1	0	1	1	1	1	1	0	0	0	0	0	0	1	1	0	0	1	1	0	0	0	0	1	0	0	0	1	1	1	0	0	0	0	0	0	0	0	0	0	0	0	0	0	2	0	2	2	2	2	2	0	1	1	0	1	0	1	1	0	0	0	0	0	0	0	0	1	0	1	0	1	0	0	0	0	0	1	0	1	0	0	0	0	0	0	0	0	0	0	0	0	0	0	0	0	0	0	0	0	0	0	0	0	0	0	0	0	0	0	0	0	0	0	0	0	0	0	0	2	0	0	0	0	0	0	0	0	0	0	0	1	0	1	0	0	0	0	0	0	0	0	0	0	0	0	0	1	1	1	1	1	1	1	0	0	0	1	1	1	1	1	0	0	0	0	0	0	0	0	0	0	0	0	0	0	0	0	0	0	2	0	0	0	0	0	0	0	0	0	0	0	0	0	0	0	0	0
307	1	1	0	1	1	1	1	0	0	0	1	0	1	0	0	1	0	1	1	1	0	0	0	1	1	0	0	0	0	0	0	0	0	0	2	2	2	0	1	0	1	0	0	0	0	0	2	0	0	0	0	0	0	0	0	1	0	0	0	0	0	0	0	0	0	0	0	0	0	0	0	0	0	0	0	0	0	0	0	0	0	0	0	0	0	0	0	0	0	0	0	0	0	0	0	0	0	0	0	0	0	0	0	0	0	0	2	0	2	2	2	2	2	0	1	2	0	1	0	2	2	2	0	0	0	2	2	2	2	2	2	2	2	2	2	2	0	2	0	2	2	2	2	2	2	2	2	2	0	2	0	0	1	0	2	0	2	1	1	0	1	0	0	0	0	0	0	0	0	1	0	0	0	0	0	0	1	1	1	0	0	2	1	0	0	1	2	1	2	2	2	0	1	0	1	2	1	2	1	1	2	1	2	1	1	1	0	1	0	0	0	0	0	0	0	0	2	0	2	2	2	0	0	2	0	0	0	0	0	0	0	1	0	0	0	0	1	1	1	0	0	0	0	0	0	0	0	0	0	0	0	0	0	0	0	0	0	0	0	0
308	0	1	2	0	0	0	0	1	2	2	0	2	0	2	1	0	1	0	0	0	1	1	1	1	0	1	2	2	1	1	1	1	1	1	1	1	0	0	0	0	1	0	0	0	0	0	2	0	0	0	0	0	1	0	0	0	0	0	1	1	0	1	1	0	1	1	1	0	0	0	0	0	0	0	0	0	0	0	0	0	0	0	0	0	0	0	0	0	0	0	0	0	0	0	0	0	0	1	0	0	0	0	0	0	0	0	1	0	1	1	1	1	1	0	1	2	2	0	2	0	0	0	0	2	2	2	0	0	0	2	0	2	1	0	0	0	0	0	0	2	1	1	0	1	0	0	0	0	0	2	0	1	0	0	1	0	1	1	1	1	1	0	1	1	0	1	1	0	0	2	0	1	1	1	0	1	0	2	2	1	1	2	1	1	1	1	1	1	1	1	1	1	1	0	1	1	1	1	1	1	1	1	1	1	1	1	0	1	1	0	0	0	0	0	0	0	1	1	1	2	2	0	0	2	1	1	0	1	1	1	0	0	0	0	0	0	0	0	0	0	0	0	0	0	0	0	0	0	0	0	0	0	0	0	0	0	0	0	0	0
309	2	2	0	1	1	1	2	0	0	0	2	0	2	0	0	2	0	2	2	1	1	1	1	1	1	1	1	0	1	1	1	1	1	1	1	1	1	0	1	1	1	0	0	1	0	0	1	1	1	1	1	1	0	1	1	1	0	1	1	1	0	1	1	0	1	1	1	1	1	1	1	0	0	1	0	1	1	0	0	1	1	0	1	0	0	0	0	0	0	0	0	0	1	0	1	1	0	1	1	1	0	1	1	0	0	1	2	1	2	2	2	2	2	2	0	1	0	0	0	1	1	1	0	0	0	1	1	1	1	1	1	1	1	1	1	1	0	1	1	1	1	1	0	0	0	1	1	1	1	1	0	0	1	1	1	0	1	1	1	1	1	1	1	1	0	0	0	0	0	1	0	0	0	0	0	0	0	2	2	0	0	2	0	0	0	0	0	0	1	1	1	0	0	0	1	1	0	1	0	0	1	0	1	0	0	1	0	0	0	0	0	0	0	0	0	0	1	1	1	2	2	0	1	2	1	0	0	0	0	0	0	0	0	0	0	0	0	0	0	0	0	0	1	0	0	0	0	0	0	0	0	0	0	0	0	0	0	0	0	0
310	0	1	0	0	0	0	1	0	0	0	1	0	1	0	0	1	0	1	1	1	0	0	0	1	1	0	0	0	0	0	0	0	0	0	1	1	1	0	1	0	1	0	0	1	0	0	2	1	1	0	1	0	1	1	0	0	0	0	0	0	0	0	0	0	0	0	0	0	0	1	1	0	0	1	0	0	0	0	0	0	0	0	1	1	0	0	0	0	0	0	0	0	1	0	1	1	0	1	1	1	0	1	1	0	0	1	2	1	2	2	2	2	2	1	0	1	0	0	0	1	0	0	0	0	0	1	1	1	1	1	1	1	1	1	1	1	1	1	1	1	1	1	1	1	1	1	1	1	1	1	0	0	1	0	2	0	1	2	1	1	1	0	0	1	1	0	0	0	0	2	0	0	0	0	0	0	0	2	2	0	0	2	1	0	0	0	1	0	2	2	2	0	0	0	1	2	0	2	0	0	2	0	2	0	0	2	0	0	0	0	0	0	0	0	0	0	0	0	0	1	1	0	0	1	0	0	0	0	0	0	0	0	0	0	0	0	0	0	0	0	0	0	2	0	0	0	0	0	0	0	0	0	0	0	0	0	0	0	0	0
311	1	1	1	0	0	0	1	1	1	1	1	1	1	1	1	1	1	1	1	0	2	2	2	0	0	2	2	1	2	2	2	2	2	2	0	0	0	0	1	0	1	0	0	1	0	0	1	1	1	1	1	1	1	1	1	1	1	1	1	1	0	1	1	0	1	1	1	1	1	1	1	0	0	2	1	1	1	1	0	1	1	1	1	0	0	0	1	0	0	0	0	0	1	0	1	1	0	2	1	1	0	1	1	0	0	1	1	1	1	1	1	1	1	1	0	2	1	0	1	1	1	1	0	1	1	2	1	1	1	2	1	2	2	1	1	1	0	1	0	2	1	2	2	2	2	2	2	2	0	2	0	0	1	0	2	0	2	2	2	2	2	0	2	2	0	1	1	0	0	2	0	1	1	1	1	1	0	2	2	1	0	2	1	1	0	1	1	1	1	1	1	0	1	0	1	1	1	2	1	1	1	1	1	1	1	1	0	1	1	0	0	0	0	0	0	0	1	1	1	2	2	0	1	2	1	0	0	0	0	0	0	0	0	0	0	0	0	0	0	0	0	0	1	0	0	0	0	0	0	0	0	0	0	0	0	0	0	0	0	0
312	0	1	2	0	0	0	0	0	2	2	0	2	0	2	1	0	0	1	1	1	0	0	0	2	0	0	2	2	0	0	0	0	0	0	1	1	0	0	1	0	0	0	0	1	0	0	2	1	1	0	1	0	1	1	0	0	0	0	1	1	1	1	1	0	1	1	1	0	0	1	1	0	0	1	0	0	0	0	0	0	0	0	1	1	0	0	0	0	0	0	0	0	1	0	1	1	0	2	1	1	0	1	1	0	0	1	1	1	1	1	1	1	1	1	1	2	2	0	2	0	0	0	0	2	2	2	0	0	0	2	0	2	2	0	0	0	0	0	0	2	2	2	1	2	2	2	2	2	0	2	0	0	0	0	1	0	1	1	1	1	1	0	1	1	0	1	1	0	0	1	0	1	2	2	2	2	0	2	2	2	1	2	2	2	1	2	2	2	2	2	2	0	2	0	2	2	2	2	2	2	2	2	2	2	2	1	0	2	2	0	0	0	0	0	0	0	0	2	0	2	2	0	2	2	2	1	0	1	1	1	0	0	0	0	0	0	0	0	0	0	0	0	1	0	0	0	0	0	0	0	0	0	0	0	0	0	0	0	0	0
313	0	0	0	0	0	0	1	0	0	0	1	0	0	0	0	0	0	0	0	1	0	0	0	1	0	0	0	0	0	0	0	0	0	0	1	1	1	0	1	0	1	0	0	2	0	0	2	2	1	0	2	0	2	2	0	0	0	0	0	0	0	0	0	0	0	0	0	0	0	1	1	0	0	1	0	0	0	0	0	0	0	0	1	1	0	0	0	0	0	0	0	0	1	0	1	1	0	1	1	1	0	2	2	0	0	2	2	1	2	2	2	2	2	0	2	1	0	1	0	1	1	0	0	0	0	0	0	0	0	1	0	1	0	1	0	0	0	0	0	1	0	1	0	0	0	0	0	0	0	0	0	0	0	0	0	0	0	0	0	0	0	0	0	0	0	0	0	0	0	0	0	0	0	0	0	0	0	0	0	0	0	2	0	0	0	0	0	0	0	0	0	0	0	2	0	0	0	0	0	0	0	0	0	0	0	0	0	0	0	1	1	1	1	1	1	1	0	0	0	1	1	1	1	1	0	0	0	0	0	0	0	1	0	0	0	0	0	0	0	0	0	0	1	0	0	0	0	0	0	0	0	0	0	0	0	0	0	0	0	0
314	0	2	1	0	0	0	1	0	1	1	1	1	0	1	0	0	0	1	1	1	1	0	0	2	0	0	2	1	0	0	0	0	0	0	0	0	0	0	0	0	2	0	0	0	0	0	1	0	0	1	0	1	0	0	0	1	0	1	1	1	0	1	1	0	1	1	1	0	0	1	1	0	0	1	0	0	0	0	0	0	0	0	1	0	0	0	0	0	0	0	0	0	1	0	1	1	0	1	1	1	0	1	0	0	0	1	2	1	2	2	2	2	2	1	1	2	2	0	2	0	0	0	0	2	2	2	0	0	0	2	0	2	2	0	0	0	0	0	0	2	1	1	1	1	1	1	1	1	0	1	0	0	0	1	0	0	0	0	0	0	0	1	0	0	0	0	0	0	0	0	0	0	0	0	0	0	0	1	1	0	0	2	1	0	0	0	1	0	1	1	1	0	0	1	1	1	0	0	0	0	0	0	0	0	0	1	0	0	0	0	0	0	0	0	0	0	0	0	0	0	0	0	0	1	0	0	0	0	0	0	0	1	0	0	0	0	0	0	0	0	0	0	1	0	0	0	0	0	0	0	0	0	0	0	0	0	0	0	0	0
315	0	2	2	0	0	0	0	0	2	2	0	2	0	2	0	0	0	1	1	1	0	0	0	2	0	0	2	2	0	0	0	0	0	0	2	2	1	0	1	0	0	0	0	1	0	0	2	1	1	0	1	0	2	1	0	0	0	0	1	1	0	1	1	0	1	1	1	0	0	1	1	0	0	1	0	0	0	0	0	0	0	0	1	1	0	0	0	0	0	0	0	0	1	0	1	1	0	1	0	1	0	1	1	0	0	1	1	1	1	1	1	1	1	1	1	2	2	0	2	0	0	0	0	2	2	2	0	0	0	2	0	2	2	0	0	0	0	0	0	2	1	1	0	0	0	0	0	1	0	2	0	1	0	0	1	0	1	1	1	1	1	0	1	1	0	1	1	0	0	2	0	1	1	1	1	1	0	2	2	1	0	2	1	1	0	1	1	1	1	1	1	0	1	0	1	1	1	2	1	1	1	1	1	1	1	1	0	1	1	0	0	0	0	0	0	0	1	1	1	2	2	0	1	2	1	0	0	0	0	0	0	0	0	0	0	0	0	0	0	0	0	0	1	0	0	0	0	0	0	0	0	0	0	0	0	0	0	0	0	0
316	1	1	0	0	0	0	1	0	0	0	1	0	1	0	0	1	0	1	1	1	0	0	0	1	0	0	0	0	0	0	0	0	0	0	1	1	1	0	0	0	2	0	0	1	1	1	1	0	0	1	0	2	1	0	2	2	0	2	2	2	0	2	2	0	2	2	2	1	1	0	0	0	0	0	0	1	1	0	0	1	1	0	0	0	0	0	0	0	0	0	0	0	0	0	0	0	0	0	0	0	0	0	0	0	0	0	1	0	1	1	1	1	1	1	1	2	0	1	0	2	2	1	0	0	0	1	1	1	1	2	1	2	1	2	1	1	0	1	0	2	1	1	1	1	1	1	1	1	0	1	0	0	1	0	1	0	1	1	1	0	1	0	0	0	0	0	0	0	1	2	0	0	0	0	0	0	1	2	2	0	0	2	1	0	0	0	1	0	1	1	1	0	0	0	0	1	0	2	0	0	1	0	1	0	0	1	0	0	0	0	0	0	0	0	0	0	2	0	2	2	2	0	0	2	0	0	0	0	0	0	0	0	0	0	0	0	0	0	0	0	0	0	0	0	0	0	0	0	0	0	0	0	0	0	0	0	0	0	0	0
317	0	0	1	0	0	0	0	1	1	1	0	1	0	1	1	0	1	0	0	0	1	1	1	0	0	1	1	1	1	1	1	1	1	1	1	1	1	0	1	0	0	0	0	2	0	0	2	2	2	0	2	0	2	2	0	0	0	0	0	0	0	0	0	0	0	0	0	0	0	2	2	0	0	1	0	0	0	0	0	0	0	0	2	2	0	0	0	0	0	0	0	0	2	0	2	2	0	2	1	2	0	2	2	0	0	2	2	2	2	2	2	2	2	2	0	2	2	0	2	0	0	0	0	2	2	2	0	0	0	2	0	2	2	0	0	0	0	0	0	2	1	1	0	1	0	0	0	0	0	1	0	1	0	0	1	0	1	1	1	1	1	0	1	1	0	1	1	0	0	2	0	0	1	1	1	1	0	2	2	1	0	2	1	1	0	1	1	1	1	1	1	0	1	0	1	1	1	2	1	1	1	1	1	1	1	1	0	0	0	0	0	0	0	0	0	0	1	0	1	1	1	0	0	2	0	0	0	0	0	0	0	0	0	0	0	0	0	0	0	0	0	0	1	0	0	0	0	0	0	0	0	0	0	0	0	0	0	0	0	0
318	1	1	1	1	1	1	1	1	1	1	1	1	1	1	1	1	1	1	1	1	1	1	1	1	1	1	1	0	0	1	1	1	0	0	2	2	2	0	0	0	2	0	0	0	0	0	2	0	0	1	0	1	0	0	1	0	0	1	1	1	0	1	1	0	1	1	1	1	1	0	0	0	0	0	0	1	1	0	0	1	1	0	0	0	0	0	0	0	0	0	0	0	0	0	0	0	0	0	0	0	0	0	0	0	0	0	1	0	1	1	1	1	1	0	0	2	1	0	1	1	1	1	0	1	1	2	1	1	1	2	1	2	1	1	1	1	0	1	0	2	2	2	2	2	2	2	2	2	0	2	0	0	1	0	1	0	1	1	1	0	1	0	0	0	0	0	0	0	0	1	0	0	0	0	0	0	1	1	1	0	0	2	1	0	0	0	1	0	1	1	1	0	0	1	0	1	0	1	0	0	1	0	1	0	0	1	0	0	0	0	0	0	0	0	0	0	1	0	1	1	1	0	1	1	0	0	0	0	0	0	0	0	0	0	0	0	0	0	0	0	0	0	1	0	0	0	0	0	0	0	0	0	0	0	0	0	0	0	0	0
319	1	1	1	0	0	0	1	1	1	1	1	1	1	1	1	1	1	1	1	1	1	1	1	1	0	1	1	1	1	1	1	1	1	1	0	0	0	0	1	0	0	0	0	0	0	0	1	1	1	1	1	1	2	1	1	1	0	1	1	1	0	1	1	0	1	1	1	1	1	1	1	0	0	1	0	1	1	0	0	1	1	0	1	0	0	0	0	0	0	0	0	0	1	0	1	1	0	2	1	1	0	1	0	0	0	1	2	1	1	1	1	1	1	1	1	2	2	0	2	0	0	0	0	2	2	2	0	0	0	2	0	2	2	0	0	0	0	0	0	2	2	2	1	2	1	2	2	2	0	2	0	0	0	0	1	0	1	1	1	1	1	0	1	1	0	1	1	0	0	1	0	0	2	2	2	2	0	2	2	2	1	2	2	2	1	2	2	2	2	2	2	0	2	0	2	2	2	2	2	2	2	2	2	2	2	1	0	1	1	0	0	0	0	0	0	0	0	1	0	1	1	0	1	2	1	1	0	1	1	1	0	1	0	0	0	0	0	0	0	0	0	0	0	0	0	0	0	0	0	0	0	0	0	0	0	0	0	0	0	0
320	1	1	1	1	1	0	1	1	1	1	1	1	0	1	1	0	1	1	1	1	1	1	1	1	0	1	1	1	0	1	1	1	1	1	1	1	0	0	1	0	0	0	1	1	1	1	1	1	1	0	1	0	1	1	0	0	0	0	0	0	0	0	0	0	0	0	0	0	0	1	1	0	0	1	0	0	0	0	0	0	0	0	1	1	0	0	0	0	0	0	0	0	1	0	1	1	0	1	0	1	0	1	1	0	0	1	2	1	2	2	2	2	2	0	0	0	0	0	0	0	0	0	0	0	0	0	0	0	0	1	0	1	0	0	0	0	1	0	1	1	1	1	1	1	1	1	1	1	1	0	0	0	0	1	1	0	0	1	1	1	1	1	0	1	1	0	0	0	0	1	0	0	1	1	1	1	0	2	2	1	1	2	1	1	1	1	1	1	1	1	1	1	1	0	1	1	1	2	1	1	1	1	1	1	1	1	0	1	1	0	0	0	0	0	0	0	1	1	1	2	2	0	1	2	1	1	0	1	1	1	0	0	0	0	0	0	0	0	0	0	0	0	0	0	0	0	0	0	0	0	0	0	0	0	0	0	0	0	0	0
321	0	0	1	0	0	0	0	1	1	1	0	1	0	1	1	0	1	0	0	0	1	1	1	0	0	1	1	0	1	1	1	1	1	1	1	1	1	0	0	0	2	0	0	0	0	0	1	0	0	2	0	2	1	0	1	1	1	2	2	2	0	2	2	0	2	2	2	2	2	0	0	0	0	1	1	2	2	1	0	2	2	1	0	0	0	0	1	0	0	0	0	0	0	0	0	0	0	2	0	0	0	0	0	0	0	0	0	0	0	0	0	0	0	0	0	2	1	0	1	1	1	1	0	1	1	2	1	1	1	2	1	2	2	1	1	1	0	1	0	2	1	2	2	2	2	2	2	2	0	2	0	0	1	0	2	0	2	2	2	1	2	0	1	1	0	1	1	0	0	2	0	1	1	1	1	1	1	2	2	1	0	2	2	1	0	1	2	1	2	2	2	0	1	0	1	2	1	2	1	1	2	1	2	1	1	2	0	1	1	0	0	0	0	0	0	0	1	1	1	2	2	0	1	2	1	0	0	0	0	0	0	0	0	0	0	0	0	0	0	0	0	0	1	0	0	0	0	0	0	0	0	0	0	0	0	0	0	0	0	0
322	0	1	0	0	0	0	1	0	0	0	1	0	0	0	0	1	0	1	1	0	0	0	0	1	1	0	0	0	0	0	0	0	0	0	2	2	2	0	0	0	2	0	0	0	0	0	2	1	1	0	1	0	0	1	0	0	0	0	0	0	0	0	0	0	1	1	1	0	1	1	1	0	0	1	0	0	0	0	0	0	0	0	1	0	0	0	0	0	0	0	0	0	1	0	1	1	0	1	1	1	0	1	0	0	0	1	2	1	2	2	2	2	2	1	1	2	2	0	2	0	0	0	0	2	2	2	0	0	0	2	0	2	2	0	0	0	0	0	0	2	2	2	2	2	2	2	2	2	0	1	0	0	0	1	0	0	0	0	0	0	0	1	0	0	0	0	0	0	0	0	0	0	1	1	1	1	0	1	1	1	1	2	1	1	1	1	1	1	1	1	1	0	1	1	1	1	1	1	1	1	1	1	1	1	1	1	0	1	2	0	0	0	0	0	0	0	0	2	0	2	2	0	1	2	2	2	0	2	2	2	0	0	0	0	0	0	0	0	0	0	0	0	0	0	0	0	0	0	0	0	0	0	0	0	0	0	0	0	0	0
323	0	1	2	0	0	0	0	1	2	2	0	2	0	2	1	0	1	0	0	0	1	1	1	1	0	1	2	2	1	1	1	1	1	1	1	1	0	0	0	0	0	0	0	0	0	0	1	0	0	1	0	1	2	0	1	1	0	1	2	2	1	2	2	0	2	2	2	1	1	0	0	0	0	0	0	1	1	0	0	1	1	0	0	0	0	0	0	0	0	0	0	0	0	0	0	0	0	1	0	0	0	0	0	0	0	0	1	0	1	1	1	1	1	1	1	2	2	0	2	0	0	0	0	2	2	2	0	0	0	2	0	2	2	0	0	0	0	0	0	2	1	2	2	2	2	2	2	2	0	2	0	1	0	0	1	0	1	1	1	1	1	0	1	1	0	1	1	0	1	2	0	1	1	1	1	1	0	2	2	1	0	2	1	1	0	1	1	1	1	1	1	0	1	0	1	1	1	2	1	1	1	1	1	1	1	1	0	1	1	0	0	0	0	0	0	0	1	1	1	2	2	0	1	2	1	0	0	0	0	0	0	0	0	0	0	0	0	0	0	0	0	0	1	0	0	0	0	0	0	0	0	0	0	0	0	0	0	0	0	0
324	0	0	0	1	1	1	1	0	0	0	1	0	0	0	0	0	0	0	0	1	0	0	0	1	0	0	0	0	0	0	0	0	0	0	1	1	1	0	1	0	1	0	0	1	0	0	2	1	0	0	1	0	1	1	0	0	0	0	0	0	0	0	0	0	0	0	0	0	0	0	0	0	0	0	0	0	0	0	0	0	0	0	0	0	0	0	0	0	0	0	0	0	0	0	0	0	0	0	0	0	0	1	1	0	0	1	2	0	2	2	2	2	2	0	1	1	1	0	1	0	0	0	0	1	1	1	0	0	0	1	0	1	1	0	0	0	0	0	0	1	0	0	0	0	0	0	0	0	0	1	0	0	0	1	0	0	0	0	0	0	0	1	0	0	0	0	0	0	0	0	0	0	1	1	1	1	0	1	1	1	1	2	1	1	1	1	1	0	0	0	0	0	0	2	0	0	0	0	0	0	0	0	0	0	0	0	0	0	0	0	0	0	0	0	0	0	0	0	0	0	0	0	0	0	0	0	0	0	0	0	0	0	0	0	0	0	0	0	0	0	0	0	0	0	0	0	0	0	0	0	0	0	0	0	0	0	0	0	0	0
325	2	2	0	2	2	2	2	0	0	0	2	0	1	0	0	1	0	2	2	1	0	0	0	2	1	0	1	1	0	0	0	0	0	0	1	1	1	0	0	0	1	0	0	1	0	0	1	0	0	1	0	1	0	0	1	1	0	1	1	1	0	1	1	0	1	1	1	1	0	0	0	0	0	0	0	0	0	0	0	0	0	0	0	0	0	0	0	0	0	0	0	0	0	0	0	0	0	0	0	0	0	0	0	0	0	0	2	0	2	2	2	2	2	0	0	2	1	0	1	1	0	0	0	1	1	2	1	1	1	2	1	2	2	1	1	1	0	1	0	2	1	1	1	1	1	1	1	1	0	2	0	0	1	0	2	0	2	2	1	1	1	0	1	1	0	1	1	0	0	2	0	1	1	1	1	1	0	2	2	1	0	2	2	1	0	1	2	1	2	2	2	0	1	0	1	2	1	2	1	1	2	1	2	1	1	2	0	1	1	0	0	0	0	0	0	0	0	1	0	1	1	0	1	1	1	0	0	0	0	0	0	0	0	0	0	0	0	0	0	0	0	0	2	0	0	0	0	0	0	0	0	0	0	0	0	0	0	0	0	0
326	0	0	1	0	0	0	1	0	1	1	1	1	0	1	1	0	0	1	1	2	0	0	0	2	0	0	1	1	0	0	0	0	0	0	0	0	0	0	0	0	2	0	0	0	0	0	2	0	0	0	0	0	0	0	0	0	0	0	0	0	0	0	0	0	0	0	0	0	0	1	1	0	0	1	0	0	0	0	0	0	0	0	1	0	0	0	0	0	0	0	0	0	1	0	1	1	0	1	1	1	0	1	0	0	0	1	2	1	2	2	2	2	2	1	0	1	2	0	2	0	0	0	0	1	2	2	0	0	0	2	0	2	2	0	0	0	0	0	0	2	0	0	0	0	0	0	0	0	0	0	0	1	0	1	0	0	0	0	0	0	0	1	0	0	0	0	0	0	0	1	0	0	0	0	0	0	0	1	1	0	0	2	0	0	0	0	0	0	0	0	0	0	0	1	0	0	0	1	0	0	0	0	0	0	0	0	0	1	1	0	0	0	0	0	0	0	1	1	1	2	2	0	0	2	1	1	0	1	0	0	0	1	0	0	0	0	0	0	0	0	0	0	0	0	0	0	0	0	0	0	0	0	0	0	0	0	0	0	0	0
327	0	0	0	0	0	0	0	0	0	0	0	0	0	0	0	0	0	0	0	0	0	0	0	0	0	0	0	0	0	0	0	0	0	0	2	2	2	0	1	0	0	0	0	1	0	0	2	1	1	0	1	0	1	1	0	0	0	0	0	0	0	0	0	0	0	0	0	0	0	1	1	0	0	1	0	0	0	0	0	0	0	0	1	1	0	0	0	0	0	0	0	0	1	0	1	1	0	1	0	1	0	1	1	0	0	1	2	1	2	2	2	2	2	1	0	2	2	0	2	0	0	0	0	2	2	2	0	0	0	2	0	2	2	0	0	0	0	0	0	2	0	0	0	0	0	0	0	0	0	1	0	1	0	0	1	0	1	1	1	1	1	0	1	1	0	1	1	0	0	2	0	1	1	1	1	1	0	2	2	1	0	2	1	1	0	1	1	1	1	1	1	0	1	0	0	0	1	1	1	1	1	1	1	1	1	1	0	1	1	0	0	0	0	0	0	0	1	1	1	2	2	0	1	2	1	0	0	0	0	0	0	0	0	0	0	0	0	0	0	0	0	0	1	0	0	0	0	0	0	0	0	0	0	0	0	0	0	0	0	0
328	1	2	1	1	1	0	1	0	1	1	1	1	1	1	0	1	0	1	1	0	0	0	0	2	0	0	2	2	0	0	0	0	0	0	1	1	0	0	0	0	0	0	0	1	0	0	1	0	0	1	0	1	0	0	0	1	0	1	2	2	0	2	2	0	2	2	2	1	1	0	0	0	0	0	0	1	1	0	0	1	1	0	0	0	0	0	0	0	0	0	0	0	0	0	0	0	0	1	0	0	0	0	0	0	0	0	1	0	1	1	1	1	1	1	1	2	0	2	0	2	2	0	0	0	0	0	0	0	0	2	0	2	0	2	0	0	0	0	0	2	0	2	0	0	0	0	0	1	0	0	0	0	0	0	0	0	0	0	0	0	0	0	0	0	0	0	0	0	0	1	0	0	0	0	0	0	0	0	0	0	0	2	0	0	0	0	0	0	0	0	0	0	0	2	0	0	0	0	0	0	0	0	0	1	0	0	0	0	0	2	1	1	1	1	1	1	0	1	0	2	2	1	2	2	1	0	0	0	0	0	0	2	0	0	0	0	0	0	0	0	0	0	1	0	0	0	0	0	0	0	0	0	0	0	0	0	0	0	0	0
329	0	0	0	0	0	0	1	0	0	0	1	0	0	0	0	0	0	0	0	1	0	0	0	1	0	0	0	0	0	0	0	0	0	0	2	2	2	0	0	0	1	0	0	0	0	0	1	0	0	2	0	2	1	0	2	2	0	2	2	2	0	2	2	0	2	2	2	2	2	0	0	0	0	0	0	2	2	0	0	2	2	0	0	0	0	0	0	0	0	0	0	0	0	0	0	0	0	1	0	0	0	0	0	0	0	0	0	0	0	0	0	0	0	0	0	2	2	0	2	0	0	0	0	2	2	2	0	0	0	2	0	2	2	0	0	0	0	0	0	2	1	2	2	2	2	2	2	2	0	2	0	0	0	0	1	0	1	1	1	1	1	0	1	1	0	1	1	0	0	1	0	1	1	1	1	1	0	1	1	1	1	2	1	1	1	1	1	1	1	1	1	1	1	1	1	1	1	1	1	1	1	1	1	1	1	1	0	1	1	0	0	0	0	0	0	0	0	1	0	1	1	0	1	1	1	1	0	1	1	1	0	0	0	0	0	0	0	0	0	0	0	0	1	0	0	0	0	0	0	0	0	0	0	0	0	0	0	0	0	0
330	0	1	1	0	0	0	0	0	1	1	0	1	0	1	0	0	0	0	0	0	1	0	0	1	0	0	1	1	0	0	0	0	0	0	2	2	2	0	1	0	1	0	0	1	0	0	2	1	1	1	1	1	1	1	0	1	0	1	1	1	0	1	1	0	1	1	1	1	1	1	1	0	0	1	0	1	1	0	0	1	1	0	1	1	0	0	0	0	0	0	0	0	1	0	1	1	0	2	1	1	0	1	1	0	0	1	1	1	1	1	1	1	1	1	0	1	1	0	1	0	0	0	0	1	1	1	0	0	0	1	0	1	1	0	0	0	1	0	1	1	1	1	1	1	1	1	1	1	1	1	0	0	0	0	2	0	1	2	2	2	2	0	1	2	1	1	1	0	0	2	0	1	0	0	0	0	0	2	2	0	0	2	0	0	0	0	0	0	1	1	1	0	0	0	1	1	0	2	0	0	1	0	1	0	0	1	0	0	0	0	0	0	0	0	0	0	1	0	1	2	2	0	0	2	0	0	0	0	0	0	0	0	1	1	1	1	0	0	0	0	0	0	1	0	0	0	0	0	0	0	0	0	0	0	0	0	0	0	0	0
331	2	2	0	1	1	1	2	0	0	0	2	0	2	0	0	2	0	2	2	2	0	0	0	2	2	0	0	0	0	0	0	0	0	0	2	2	2	0	0	2	2	0	0	0	0	0	0	0	0	2	0	2	1	0	1	1	2	2	2	2	0	2	2	0	2	2	2	2	2	0	0	0	0	0	2	2	2	2	0	2	2	1	0	0	0	0	2	0	0	0	0	0	0	0	0	0	0	1	0	0	0	0	0	0	0	0	0	0	0	0	0	0	0	0	0	2	2	0	2	0	0	0	0	2	2	2	0	0	0	2	0	2	2	0	0	0	0	0	0	2	2	2	2	2	2	2	2	2	0	2	0	0	0	0	2	0	2	2	2	2	2	0	2	2	0	2	2	0	0	2	0	0	2	2	2	2	0	2	2	2	0	2	2	2	0	2	2	2	2	2	2	0	2	0	1	1	2	2	2	2	2	2	2	2	2	2	0	0	0	0	0	0	0	0	0	0	0	0	0	0	0	0	0	2	0	0	0	0	0	0	0	2	0	0	0	0	0	0	0	0	0	0	0	0	0	0	0	0	0	0	0	0	0	0	0	0	0	0	0	0
332	1	2	1	0	0	0	1	0	1	1	1	1	1	1	0	1	0	2	2	2	0	0	0	2	1	0	1	1	0	0	0	0	0	0	1	1	1	0	0	1	2	0	0	0	0	0	1	0	0	1	0	1	0	0	1	1	0	1	1	1	0	1	1	0	1	1	1	1	1	1	1	0	0	0	0	1	1	0	0	1	1	0	1	0	0	0	0	0	0	0	0	0	1	0	1	1	0	0	1	1	0	1	0	0	0	1	2	1	2	2	2	2	2	2	0	2	1	1	1	1	1	0	0	1	1	1	0	0	0	2	0	2	1	1	0	0	0	0	0	2	0	1	0	0	0	0	0	0	0	0	0	0	0	2	0	0	0	0	0	0	0	2	0	0	0	1	0	0	0	0	0	0	1	1	1	1	0	0	1	1	0	2	1	1	0	1	1	1	1	1	1	0	1	1	0	0	1	0	1	1	1	1	1	1	1	1	0	1	1	0	0	0	0	0	0	0	0	1	0	1	1	0	0	1	1	0	0	0	0	0	0	0	0	0	0	0	0	0	0	0	0	0	1	0	0	0	0	0	0	0	0	0	0	0	0	0	0	0	0	0
333	1	1	1	0	0	0	1	1	1	1	1	1	1	1	1	1	1	1	1	1	1	1	1	1	1	1	1	1	1	1	1	1	1	1	0	0	1	0	1	1	1	0	0	0	0	0	1	1	1	1	1	1	1	1	1	0	0	1	1	1	0	1	1	0	1	1	1	0	1	1	1	0	0	1	0	1	1	0	0	1	1	0	1	0	0	0	0	0	0	0	0	0	1	0	1	1	0	1	1	1	0	1	0	0	0	1	2	1	2	2	2	2	2	1	0	1	0	0	0	1	1	1	0	0	0	1	1	1	1	1	1	1	1	1	1	1	0	1	0	1	1	1	1	1	1	1	1	1	1	1	0	0	0	1	1	0	1	1	1	1	1	1	1	1	0	1	1	0	0	1	0	1	1	1	1	1	0	2	1	1	1	2	1	1	1	1	1	1	2	2	2	1	1	0	2	2	1	0	1	1	2	1	2	1	1	1	0	1	1	0	0	0	0	0	0	0	0	2	0	2	2	0	2	2	2	1	0	1	1	1	0	0	0	0	0	0	0	0	0	0	0	0	1	0	0	0	0	0	0	0	0	0	0	0	0	0	0	0	0	0
334	0	0	0	0	1	1	1	0	0	0	1	0	1	0	0	1	0	1	1	1	0	0	0	1	1	0	0	0	0	0	0	0	0	0	2	2	2	0	0	1	2	0	0	0	0	0	1	0	0	1	0	1	0	0	1	1	1	1	1	1	0	1	1	0	2	2	2	1	2	0	0	0	0	0	1	1	1	1	0	1	1	0	0	0	0	0	1	0	0	0	1	0	0	0	0	0	0	0	0	0	0	0	0	0	0	0	1	0	1	1	0	1	1	0	1	2	1	1	1	1	1	1	0	1	1	2	1	1	1	2	1	2	2	1	1	1	0	1	0	2	2	2	2	2	2	2	2	2	0	2	0	0	0	0	2	0	2	0	0	0	0	0	0	0	0	0	0	0	0	0	0	0	0	0	0	0	0	0	0	0	0	2	0	0	0	0	0	0	0	0	0	0	0	2	0	0	0	0	0	0	0	0	0	0	0	0	0	0	1	1	1	1	1	1	1	1	0	1	0	2	2	1	0	2	1	1	0	1	1	1	0	0	0	0	0	0	0	0	0	0	0	0	0	0	0	0	0	0	0	0	0	0	0	1	0	0	0	0	0	0
335	0	0	0	0	0	0	0	0	0	0	0	0	0	0	0	0	0	0	0	0	0	0	0	0	0	0	0	0	0	0	0	0	0	0	2	2	2	0	2	0	0	0	0	2	0	0	2	2	2	0	2	0	2	2	0	0	0	0	0	0	0	0	0	0	0	0	0	0	0	2	2	0	0	2	0	0	0	0	0	0	0	0	2	2	0	0	0	0	0	0	0	0	2	0	2	2	0	2	2	2	0	2	2	0	0	2	2	2	2	2	2	2	2	2	1	1	0	1	0	1	1	1	0	0	0	1	1	1	1	1	1	1	1	1	1	1	1	1	1	1	1	1	1	1	1	1	1	1	2	1	0	0	0	0	2	0	1	1	1	1	1	0	0	1	1	0	0	0	0	1	0	0	0	0	0	0	0	1	1	0	0	2	0	0	0	0	0	0	1	1	1	0	0	1	1	1	0	1	0	0	1	0	1	0	0	1	0	0	0	0	0	0	0	0	0	0	0	0	0	1	1	0	0	1	0	0	0	0	0	0	0	0	0	0	0	0	0	0	0	0	0	0	1	0	0	0	0	0	0	0	0	0	0	0	0	0	0	0	0	0
336	1	2	1	0	0	0	1	0	1	1	1	1	1	1	0	1	0	2	2	2	0	0	0	2	1	0	1	1	0	0	0	0	0	0	0	0	0	0	0	0	1	0	0	0	0	0	1	0	0	0	0	0	0	0	0	0	0	0	0	0	0	0	0	0	1	1	1	1	1	0	0	0	0	0	0	0	0	0	0	0	0	0	0	0	0	0	0	0	0	0	0	0	0	0	0	0	0	0	0	0	0	0	0	0	0	0	2	0	1	1	1	1	1	0	0	2	1	0	1	1	1	1	0	1	1	2	1	1	1	2	1	2	2	1	1	1	0	1	0	2	2	2	1	2	2	2	2	2	0	2	0	0	0	1	1	0	1	1	1	1	1	1	1	1	0	1	1	0	0	1	0	1	1	1	1	1	0	1	0	0	0	2	1	0	0	0	1	0	1	1	1	0	0	1	1	1	0	0	0	0	0	0	0	0	0	0	0	0	1	1	1	1	1	1	1	1	0	0	0	1	1	1	0	2	0	0	0	0	0	0	0	1	0	0	0	0	0	0	0	0	0	0	1	0	0	0	0	0	0	0	0	0	0	0	0	0	0	0	0	0
337	2	2	0	2	2	1	2	0	0	0	2	0	2	0	0	2	0	2	2	1	0	0	0	2	1	0	1	1	0	0	0	0	0	0	0	0	0	0	0	0	0	0	0	2	0	0	1	1	1	1	1	1	0	1	0	1	0	1	1	1	0	1	1	0	1	1	1	1	1	1	1	0	0	1	0	1	1	0	0	1	1	0	0	0	0	0	0	0	0	0	0	0	0	0	0	0	0	0	0	0	0	0	0	0	0	0	2	0	2	2	2	2	2	0	2	2	0	2	0	2	2	1	0	0	0	1	1	1	1	2	1	2	0	2	1	1	0	1	0	2	1	2	1	0	0	0	0	1	0	1	0	0	0	0	1	0	1	0	0	0	0	0	0	0	1	0	0	0	0	0	0	0	0	0	0	0	0	0	0	0	0	2	0	0	0	0	0	0	0	0	0	0	0	2	0	0	0	1	0	0	0	0	0	0	0	0	0	0	0	2	2	2	2	2	2	2	0	0	0	2	2	2	1	2	0	0	0	0	0	0	0	1	0	0	0	0	0	0	0	0	0	0	1	0	1	0	0	0	0	0	0	0	0	0	0	0	0	0	0	0
338	0	0	2	0	0	0	0	2	2	2	0	2	0	2	2	0	2	0	0	0	2	2	2	0	0	2	2	2	2	2	2	2	2	2	0	0	0	0	1	0	0	0	0	1	0	0	2	1	1	0	1	0	1	1	0	0	0	0	0	0	0	0	0	0	0	0	0	0	0	2	2	0	0	2	0	0	0	0	0	0	0	0	2	1	0	0	0	0	0	0	0	0	2	0	2	2	0	2	2	2	0	2	1	0	0	2	2	2	2	2	2	2	2	1	1	2	0	2	0	2	2	1	0	0	0	1	1	1	1	2	1	2	1	2	1	1	0	1	0	2	1	2	1	1	1	1	1	1	0	1	0	0	0	0	1	0	1	0	0	0	0	0	0	0	0	0	0	0	0	1	0	0	0	0	0	0	0	0	0	0	0	2	0	0	0	0	0	0	0	0	0	0	0	2	0	0	0	0	0	0	0	0	0	0	0	0	0	0	0	1	0	0	0	0	0	0	0	1	0	1	1	0	1	1	1	0	0	0	0	0	0	1	0	0	0	0	0	0	0	0	0	0	0	0	0	0	0	0	0	0	0	0	0	0	0	0	0	0	0	0
339	0	1	2	0	0	0	0	1	2	2	0	2	0	2	1	0	1	0	0	0	1	1	1	1	0	1	2	2	1	1	1	1	1	1	1	1	0	0	1	0	0	0	0	1	0	0	2	1	1	0	1	0	2	1	0	1	0	0	1	1	1	1	1	0	1	1	1	0	0	1	1	0	0	1	0	0	0	0	0	0	0	0	1	1	0	0	0	0	0	0	0	0	1	0	1	1	0	2	1	1	0	1	1	0	0	1	1	1	1	1	1	1	1	0	1	2	2	0	2	0	0	0	0	2	2	2	0	0	0	2	0	2	2	0	0	0	0	0	0	2	2	2	1	2	2	2	2	2	0	2	0	1	0	1	0	0	0	0	0	0	0	1	0	0	0	0	0	0	0	1	0	0	1	1	1	1	0	2	2	1	1	2	1	1	1	1	1	1	1	1	1	1	1	0	1	1	1	2	1	1	1	1	1	1	1	1	0	1	0	0	0	0	0	0	0	0	1	0	1	1	1	0	0	1	0	0	0	1	1	1	0	0	0	0	0	0	0	0	0	0	0	0	0	0	0	0	0	0	0	0	0	0	0	0	0	0	0	0	0	0
340	2	2	0	1	1	1	2	0	0	0	2	0	2	0	0	2	0	2	2	2	0	0	0	2	2	0	0	0	0	0	0	0	0	0	2	2	2	0	0	1	1	0	1	0	1	1	0	0	0	1	0	1	0	0	1	1	1	1	1	1	0	1	1	0	1	1	1	1	1	0	0	0	0	0	1	1	1	1	0	1	1	0	0	0	0	0	1	0	0	0	0	0	0	0	0	0	0	1	0	0	0	0	0	0	0	0	1	0	1	1	1	1	1	0	0	2	2	0	2	0	0	0	0	2	2	2	0	0	0	2	0	2	2	0	0	0	0	0	0	2	0	0	0	0	0	0	0	0	0	2	0	0	0	0	2	0	2	2	2	2	2	0	2	2	0	2	2	0	0	2	0	2	2	2	2	2	0	2	2	2	1	2	2	2	1	2	2	2	2	2	2	1	2	0	2	2	2	2	2	2	2	2	2	2	2	2	0	2	2	0	0	0	0	0	0	0	0	2	0	2	2	0	0	2	2	1	0	1	1	1	0	0	0	0	0	0	0	0	0	0	0	0	1	0	0	0	0	0	0	0	0	0	0	0	0	0	0	0	0	0
341	0	0	0	0	0	0	0	0	0	0	0	0	0	0	0	0	0	0	0	0	0	0	0	0	0	0	0	0	0	0	0	0	0	0	2	2	2	0	0	0	2	0	0	0	0	0	2	0	0	2	0	2	1	0	2	2	0	2	2	2	0	2	2	0	2	2	2	2	2	0	0	0	0	0	0	2	2	0	0	2	2	0	0	0	0	0	0	0	0	0	0	0	0	0	0	0	0	1	0	0	0	0	0	0	0	0	1	0	0	0	0	0	0	0	0	2	1	0	1	1	1	1	0	1	1	2	1	1	1	2	1	2	2	1	1	1	0	1	0	2	2	2	1	2	2	2	2	2	0	2	0	0	1	0	2	0	2	2	2	1	2	0	1	1	0	1	1	0	0	2	0	0	1	1	1	1	0	1	1	1	0	2	1	1	0	1	1	1	1	1	1	0	1	1	1	1	1	1	1	1	1	1	1	1	1	1	0	0	0	0	0	0	0	0	0	0	0	0	0	0	0	0	0	1	0	0	0	0	1	1	0	0	0	0	0	0	0	0	0	0	0	0	1	0	0	0	0	0	0	0	0	0	0	0	0	0	0	0	0	0
342	1	1	1	0	0	1	0	0	1	1	0	1	0	1	0	0	0	1	1	1	0	0	0	1	0	0	1	1	0	0	0	0	0	0	1	1	1	0	2	0	0	0	0	1	0	0	2	1	1	0	1	0	1	1	0	0	0	0	0	0	0	0	0	0	0	0	0	0	0	1	1	0	0	1	0	0	0	0	0	0	0	0	1	0	0	0	0	0	0	0	0	0	1	0	1	1	0	1	1	1	0	1	1	0	0	1	2	1	2	2	2	2	2	1	0	2	1	0	1	1	1	1	0	1	1	2	1	1	1	2	1	2	2	1	1	1	0	1	0	2	1	1	0	1	0	1	1	1	0	1	0	1	1	0	1	0	1	1	1	1	1	0	1	1	0	0	0	0	0	2	0	0	0	0	0	0	0	2	2	0	0	2	0	0	0	0	0	0	0	0	0	0	0	0	0	0	0	1	0	0	0	0	0	0	0	0	0	0	0	0	0	0	0	0	0	0	1	0	1	1	1	0	0	1	0	0	0	0	0	0	0	1	0	0	0	0	0	0	0	0	0	0	0	0	0	0	0	0	0	0	0	0	0	0	0	0	0	0	0	0
343	0	1	2	0	0	0	0	1	2	2	0	2	0	2	1	0	1	1	1	1	1	1	1	1	0	1	2	2	1	1	1	1	1	1	0	0	0	0	1	0	1	0	0	1	0	0	2	1	1	0	1	0	1	1	0	0	0	0	0	0	0	0	0	0	0	0	0	0	0	1	1	0	0	1	0	0	0	0	0	0	0	0	1	0	0	0	0	0	0	0	0	0	1	0	1	1	0	0	0	1	0	1	0	0	0	1	2	1	2	2	2	2	2	0	0	2	1	1	1	1	1	0	0	1	1	1	0	0	0	2	0	2	1	1	0	0	0	0	0	2	1	2	0	0	0	0	0	1	0	1	0	0	0	1	1	0	1	1	1	1	1	1	1	1	0	1	1	0	0	1	0	0	1	1	1	1	0	1	1	1	0	2	1	1	0	1	1	1	1	1	1	0	1	1	1	1	1	1	1	1	1	1	1	1	1	2	0	0	1	0	0	0	0	0	0	0	0	1	0	1	1	0	1	2	1	1	0	1	1	1	0	1	0	0	0	0	0	0	0	0	0	0	0	0	0	0	0	0	0	0	0	0	0	0	0	0	0	0	0	0
344	1	1	0	1	1	1	1	0	0	0	1	0	1	0	0	1	0	1	1	1	0	0	0	1	1	0	0	0	0	0	0	0	0	0	2	2	2	0	0	0	1	0	0	1	0	0	2	1	1	0	1	0	1	1	0	0	0	0	0	0	0	0	0	0	1	1	1	0	1	1	1	0	0	1	0	0	0	0	0	0	0	0	1	0	0	0	0	0	0	0	0	0	1	0	1	1	0	1	0	1	0	1	1	0	0	1	2	1	2	2	2	2	2	0	0	2	1	0	1	0	0	0	0	1	1	1	0	0	0	2	0	2	1	0	0	0	0	0	0	2	2	2	2	2	1	2	2	2	0	0	0	0	0	1	1	0	0	1	1	1	1	1	0	1	1	0	0	0	0	1	0	0	0	0	0	0	0	1	1	0	0	2	0	0	0	0	0	0	0	0	0	0	0	1	0	0	0	1	0	0	0	0	0	0	0	0	0	0	1	0	0	0	0	0	0	0	1	1	1	2	2	0	1	2	1	1	0	1	1	1	0	0	1	1	1	1	1	1	1	1	1	1	1	1	1	1	1	1	1	1	1	1	1	1	1	1	1	1	1	1
345	0	1	0	1	1	1	1	0	0	0	1	0	0	0	0	0	0	1	1	1	0	0	0	1	0	0	0	0	0	0	0	0	0	0	2	2	2	0	0	0	1	0	0	1	0	0	1	0	0	2	0	2	1	0	1	2	0	2	2	2	0	2	2	0	2	2	2	2	2	0	0	0	0	0	0	2	2	0	0	2	2	0	0	0	0	0	0	0	0	0	0	0	0	0	0	0	0	2	0	0	0	0	0	0	0	0	1	0	1	1	1	1	1	0	0	1	1	0	2	0	0	0	0	2	2	2	0	0	0	2	0	2	2	0	0	0	0	0	0	2	1	1	0	0	0	0	0	0	0	1	0	0	0	0	1	0	1	1	1	1	1	0	1	1	0	1	1	0	0	1	0	1	1	1	1	1	0	1	1	1	0	2	1	1	0	1	1	1	1	1	1	0	1	1	0	0	1	0	1	1	1	1	1	1	1	1	0	1	1	1	1	1	1	1	1	1	0	1	0	2	2	1	0	2	1	0	0	0	0	0	0	1	0	0	0	0	0	0	0	0	0	0	0	0	0	0	0	0	0	0	0	0	0	0	0	0	0	0	0	0
346	1	1	1	1	1	1	1	1	1	1	1	1	1	1	1	1	1	1	1	1	1	1	1	1	1	1	1	0	0	1	1	1	1	1	0	0	0	0	1	0	1	0	0	0	0	0	2	1	1	0	1	0	1	1	0	0	0	0	0	0	0	0	0	0	0	0	0	0	0	1	1	0	0	1	0	0	0	0	0	0	0	0	1	0	0	0	0	0	0	0	0	0	1	0	1	1	0	1	1	1	0	1	0	0	0	1	2	1	2	2	2	2	2	1	0	2	1	0	1	1	0	0	0	1	1	2	1	1	1	2	1	2	2	1	1	1	0	1	0	2	2	2	2	2	2	2	2	2	0	2	0	0	1	0	2	0	2	2	1	1	1	0	1	1	0	1	1	0	0	2	0	1	1	1	1	1	0	2	2	1	1	2	2	1	1	1	2	1	2	2	2	1	1	0	1	2	1	2	1	1	2	1	2	1	1	2	0	1	1	0	0	0	0	0	0	0	0	1	0	1	1	0	1	1	1	1	0	1	1	1	0	0	0	0	0	0	0	0	0	0	0	0	1	0	0	0	0	0	0	0	0	0	0	0	0	0	0	0	0	0
347	0	1	2	0	0	0	0	1	2	2	0	2	0	2	1	0	1	0	0	0	1	1	0	2	1	0	1	1	0	0	0	0	0	0	1	1	0	0	0	0	0	0	0	1	0	0	2	1	1	0	1	0	1	1	0	1	0	0	1	1	1	1	1	0	1	1	1	0	0	1	1	0	0	1	0	0	0	0	0	0	0	0	0	0	0	0	0	0	0	0	0	0	0	0	0	0	0	1	0	0	0	0	0	0	0	0	1	0	1	1	1	1	1	0	2	2	1	1	1	1	1	1	0	1	1	2	1	1	1	2	1	2	2	1	1	1	0	1	0	2	2	2	1	1	1	1	1	2	0	2	0	0	0	0	1	0	1	0	0	0	0	0	0	0	1	0	0	0	0	0	0	0	1	1	1	1	0	1	1	1	1	2	1	1	1	1	1	1	1	1	1	0	1	1	1	1	1	2	1	1	1	1	1	1	1	1	0	1	1	1	1	1	1	1	1	1	0	1	0	2	2	1	1	2	1	1	0	1	1	1	0	0	0	0	0	0	0	0	0	0	0	0	0	0	0	0	0	0	0	0	0	0	0	0	0	0	0	0	0	0
348	0	0	0	0	0	0	0	0	0	0	0	0	0	0	0	0	0	0	0	0	0	0	0	0	0	0	0	0	0	0	0	0	0	0	2	2	2	0	1	0	1	0	0	1	0	0	2	1	1	1	1	1	1	1	0	1	0	1	1	1	0	1	1	0	1	1	1	1	1	1	1	0	0	1	0	1	1	0	0	1	1	0	1	1	0	0	0	0	0	0	0	1	1	0	1	1	0	1	1	1	0	1	1	0	0	1	1	1	1	1	1	1	1	1	0	1	1	0	1	0	0	0	0	1	1	0	0	0	0	1	0	1	1	0	0	0	1	0	1	1	1	1	0	0	0	0	1	1	1	1	0	0	0	0	2	0	1	2	2	2	2	0	1	2	1	1	1	0	0	2	0	0	1	1	1	1	0	2	2	1	0	2	1	1	0	1	1	1	2	2	2	0	1	0	1	1	1	1	0	1	2	1	2	1	1	1	0	0	0	0	0	0	0	0	0	0	0	0	0	1	1	0	0	2	0	0	0	0	0	0	0	0	0	0	0	0	0	0	0	0	0	0	2	0	0	0	0	0	0	0	0	0	0	0	0	0	0	0	0	0
349	1	1	1	0	0	0	1	1	1	1	1	1	1	1	1	1	1	1	1	1	1	1	1	1	1	1	1	0	0	1	1	1	1	1	1	1	1	0	1	0	0	0	1	0	1	1	1	1	1	0	1	0	1	1	0	0	0	0	0	0	0	0	0	0	0	0	0	0	0	1	1	0	0	1	0	0	0	0	0	0	0	0	1	0	0	0	0	0	0	0	0	0	1	0	1	1	0	1	1	1	0	1	0	0	0	1	2	1	2	2	2	2	2	1	0	1	0	1	0	1	1	0	0	0	0	0	0	0	0	2	0	2	0	1	0	0	0	0	0	2	1	2	1	1	1	1	1	1	0	0	0	0	0	0	2	0	1	2	2	2	2	0	1	2	1	1	1	0	0	2	0	1	1	1	1	1	1	1	0	0	0	2	1	0	0	0	1	0	1	1	1	0	0	1	0	1	0	1	0	0	1	0	1	0	0	1	0	0	0	1	1	1	1	1	1	1	1	0	1	2	2	2	1	2	0	0	0	0	0	0	0	0	0	0	0	0	0	0	0	0	0	0	1	0	0	0	0	0	0	0	0	0	0	0	0	0	0	0	0	0
350	1	1	0	0	0	0	1	0	0	0	1	0	1	0	0	1	0	1	1	1	0	0	0	1	1	0	0	0	0	0	0	0	0	0	2	2	2	0	0	0	2	0	0	0	0	0	2	0	0	1	0	1	0	0	1	1	0	1	1	1	0	1	1	0	1	1	1	1	1	0	0	0	0	0	0	1	1	0	0	1	1	0	0	0	0	0	0	0	0	0	0	0	0	0	0	0	0	0	0	0	0	0	0	0	0	0	1	0	1	1	1	1	1	0	0	2	2	0	2	0	0	0	0	2	2	2	0	0	0	2	0	2	2	0	0	0	0	0	0	2	1	2	1	2	2	2	2	2	0	2	0	0	0	0	1	0	1	1	1	1	1	0	1	1	0	1	1	0	0	1	0	0	2	2	2	2	0	2	2	2	0	2	2	2	0	2	2	2	2	2	2	0	2	0	1	1	2	1	2	2	2	2	2	2	2	2	0	1	1	0	0	0	0	0	0	0	0	1	0	1	1	0	1	2	1	0	0	0	0	0	0	0	0	0	0	0	0	0	0	0	0	0	2	0	0	0	0	0	0	0	0	0	0	0	0	0	0	0	0	0
351	1	1	0	0	0	0	2	0	0	0	2	0	1	0	0	1	0	1	1	2	0	0	0	2	1	0	0	0	0	0	0	0	0	0	0	0	0	0	0	0	2	0	0	1	0	0	2	1	0	0	1	0	1	1	0	0	0	0	0	0	0	0	0	0	0	0	0	0	0	0	0	0	0	0	0	0	0	0	0	0	0	0	0	0	0	0	0	0	0	0	0	0	0	0	0	0	0	0	0	0	0	1	1	0	0	1	2	0	2	2	2	2	2	0	1	1	1	0	1	0	0	0	0	1	1	1	0	0	0	1	0	1	1	0	0	0	0	0	0	1	0	0	0	0	0	0	0	0	0	0	0	0	0	0	2	0	1	2	2	2	2	0	1	2	1	1	1	0	0	2	0	1	1	1	1	1	0	2	2	1	1	2	1	1	1	1	1	1	2	2	2	1	1	0	2	2	1	2	1	1	2	1	2	1	1	2	0	1	1	0	0	0	0	0	0	0	0	1	0	2	2	0	1	2	1	1	0	1	1	1	0	0	0	0	0	0	0	0	0	0	0	0	1	0	0	0	0	0	0	0	0	0	0	0	0	0	0	0	0	0
352	1	1	1	0	0	0	1	1	1	1	1	1	1	1	1	1	1	1	1	1	1	1	1	1	1	1	1	1	1	1	1	1	1	1	1	1	1	0	1	0	0	0	1	0	1	1	1	1	1	0	1	0	1	1	0	0	0	0	0	0	0	0	0	0	0	0	0	0	0	1	1	0	0	0	0	0	0	0	0	0	0	0	1	0	0	0	0	0	0	0	0	0	1	0	1	1	0	2	1	1	0	1	0	0	0	1	1	1	1	1	1	1	1	1	0	2	2	0	1	1	1	1	0	1	1	2	1	1	1	2	1	2	2	1	1	1	0	1	0	2	2	2	2	2	2	2	2	2	0	2	0	0	1	0	2	0	2	2	1	1	1	0	1	1	0	1	1	0	0	2	0	0	1	1	1	1	0	1	1	1	0	2	1	1	0	1	1	1	1	1	1	0	1	1	1	1	1	1	0	1	1	1	1	1	1	1	0	0	1	0	0	0	0	0	0	0	0	1	0	1	1	0	1	2	1	1	0	1	1	1	0	1	0	0	0	0	0	0	0	0	0	0	0	0	0	0	0	0	0	0	0	0	0	0	0	0	0	0	0	0
353	1	0	1	0	0	0	0	1	1	1	0	1	0	1	1	0	1	0	0	0	1	1	1	0	0	1	1	1	1	1	1	1	1	1	0	0	0	0	1	0	1	0	0	1	0	0	1	1	1	1	1	1	1	1	1	1	0	1	1	1	0	1	1	0	0	0	1	1	1	1	1	0	0	1	0	1	1	0	0	1	1	0	1	1	0	1	0	0	0	1	1	1	1	0	1	1	0	2	1	1	0	1	1	0	0	1	1	1	1	2	2	2	2	0	0	1	1	0	1	0	0	0	0	1	1	1	0	0	0	1	0	1	1	0	0	0	0	0	0	1	1	1	0	0	0	0	0	0	0	2	0	0	0	0	2	0	2	1	1	1	1	0	1	1	0	1	0	0	0	1	0	0	2	2	2	2	0	2	2	2	0	2	2	2	0	2	2	2	2	2	2	0	2	0	1	1	2	1	2	2	2	2	2	2	2	1	0	1	1	0	0	0	0	0	0	0	0	1	0	1	1	0	1	2	1	0	0	0	0	0	0	0	0	0	0	0	0	0	0	0	0	0	1	0	0	0	0	0	0	0	0	0	0	0	0	0	0	0	0	0
354	0	0	1	0	0	0	0	1	1	1	0	1	0	1	1	0	1	0	0	0	1	1	1	0	0	1	1	2	0	1	1	1	1	1	1	1	1	0	1	0	1	0	0	1	0	0	2	1	1	1	1	1	1	1	1	1	0	1	1	1	0	1	1	0	1	1	1	1	1	1	1	0	0	1	0	1	1	0	0	1	1	0	1	1	0	0	0	0	0	0	0	0	1	0	1	1	0	2	1	1	0	1	1	0	0	1	0	1	0	1	1	1	1	0	0	2	1	0	1	1	1	1	0	1	1	2	1	1	1	2	1	2	2	1	1	1	0	1	0	2	2	2	1	1	1	1	1	1	0	2	0	0	1	0	2	0	2	2	2	1	2	0	1	1	0	1	0	0	0	2	0	0	2	1	1	1	1	2	2	1	0	2	2	1	0	1	2	1	2	2	2	0	1	0	0	1	1	0	1	1	2	1	2	1	1	0	0	1	1	0	0	0	0	0	0	0	1	1	1	2	2	0	0	2	1	0	0	0	0	0	0	0	0	0	0	0	0	0	0	0	0	0	0	0	0	0	0	0	0	0	0	0	0	0	0	0	0	0	0	0
355	0	0	0	0	0	0	1	0	0	0	1	0	0	0	0	0	0	0	0	1	0	0	0	1	0	0	0	0	0	0	0	0	0	0	2	2	2	0	0	0	1	0	0	0	0	0	1	0	0	2	0	2	2	0	2	2	0	2	2	2	0	2	2	0	2	2	2	1	2	0	0	0	0	0	0	1	1	0	0	1	1	0	0	0	0	0	0	0	0	1	0	0	0	0	0	0	0	2	0	0	0	0	0	0	0	0	1	0	0	0	0	0	0	1	0	1	0	0	0	1	1	1	0	0	0	1	1	1	1	1	1	1	1	1	1	1	1	1	0	1	1	1	1	1	1	1	1	1	1	1	0	0	0	1	0	0	0	0	0	0	0	1	0	0	0	0	0	0	0	0	0	0	0	0	0	0	0	0	0	0	0	2	0	0	0	0	0	0	0	0	0	0	0	2	0	0	0	0	0	0	0	0	0	0	0	0	0	0	0	0	0	0	0	0	0	0	0	0	0	0	0	0	0	0	0	0	0	0	0	0	0	0	0	0	0	0	1	1	1	1	1	1	1	1	1	1	1	1	1	1	1	1	1	1	1	1	0	1	1	0
356	0	0	1	0	0	0	0	1	1	1	0	1	0	1	1	0	1	0	0	0	2	2	2	0	0	2	2	2	2	2	2	2	2	2	0	0	0	0	2	0	0	0	0	1	0	0	2	2	2	0	2	0	1	2	0	0	0	0	0	0	0	0	0	0	0	0	0	0	0	2	2	0	0	2	0	0	0	0	0	0	0	0	2	1	0	0	0	0	0	0	0	0	2	0	2	2	0	1	2	2	0	2	1	0	0	2	1	2	2	2	2	2	2	2	0	2	2	0	2	0	0	0	0	2	2	2	0	0	0	2	0	2	2	0	0	0	0	0	0	2	1	2	2	2	2	2	2	2	0	2	0	0	0	0	0	0	0	0	0	0	0	0	0	0	0	0	0	0	0	0	0	0	0	0	0	0	0	1	1	0	0	2	0	0	0	0	0	0	1	1	1	0	0	1	1	1	0	0	0	0	1	0	1	0	0	0	0	0	0	0	0	0	0	0	0	0	0	0	0	1	1	0	0	1	0	0	0	0	1	1	0	0	0	0	0	0	0	0	0	0	0	0	1	0	0	0	0	0	0	0	0	0	0	0	0	0	0	0	0	0
357	1	1	0	1	1	1	1	0	0	0	1	0	1	0	0	1	0	1	1	1	0	0	0	1	1	0	0	0	0	0	0	0	0	0	0	0	0	0	0	0	2	0	0	0	0	0	2	0	0	0	0	0	0	0	0	0	0	0	0	0	0	0	0	0	0	0	0	0	0	0	0	0	0	0	0	0	0	0	0	0	0	0	0	0	0	0	0	0	0	0	0	0	0	0	0	0	0	0	0	0	0	0	0	0	0	0	1	0	1	1	1	1	1	0	1	2	0	1	0	2	2	2	0	0	0	2	2	2	2	2	2	2	2	2	2	2	1	2	0	2	2	2	2	2	2	2	2	2	0	2	0	0	1	0	2	0	2	1	1	0	1	0	0	0	0	0	0	0	0	1	0	0	0	0	0	0	0	0	0	0	0	2	0	0	0	0	0	0	0	0	0	0	0	2	0	0	0	0	0	0	0	0	0	0	0	0	0	0	1	0	0	0	0	0	0	0	0	1	0	2	2	1	1	2	1	1	0	1	1	1	0	1	0	0	0	0	0	0	0	0	0	0	1	0	0	0	0	0	0	0	0	0	0	0	0	0	0	0	0	0
358	0	0	2	0	0	0	0	1	2	2	0	2	0	2	2	0	1	1	1	1	1	1	1	1	0	1	2	2	1	1	1	1	1	1	0	0	0	0	1	0	1	0	0	0	0	0	1	1	1	1	1	1	1	1	1	1	0	1	1	1	0	1	1	0	1	1	1	1	1	1	1	0	0	1	0	1	1	0	0	1	1	0	1	0	0	1	0	0	0	1	1	1	1	0	1	1	0	2	1	1	0	1	0	0	0	1	2	1	2	2	2	2	2	1	1	2	1	1	1	1	1	0	0	1	1	1	0	0	0	2	0	2	1	1	0	0	0	0	0	2	1	2	1	1	1	1	1	1	0	1	0	0	0	0	1	0	1	1	1	1	1	0	1	1	0	1	1	0	0	1	0	0	1	1	1	1	0	1	1	1	0	2	1	1	0	1	1	1	1	1	1	0	1	1	1	1	1	1	1	1	1	1	1	1	1	1	0	0	0	1	1	1	1	1	1	1	0	0	0	1	1	1	1	2	0	0	0	0	0	0	0	1	0	0	0	0	0	0	0	0	0	0	1	0	0	0	0	0	0	0	0	0	0	0	0	0	0	0	0	0
359	0	0	2	0	0	0	0	2	2	2	0	2	0	2	2	0	2	0	0	0	2	2	2	0	0	2	2	1	2	2	2	2	2	2	0	0	0	0	1	0	1	0	0	0	0	0	1	1	1	1	1	1	1	1	1	0	1	1	1	1	0	1	1	0	1	1	1	1	1	1	1	0	0	2	1	1	1	1	0	1	1	1	1	0	0	0	1	0	0	0	0	0	1	0	1	1	0	1	1	1	0	1	0	0	0	1	1	1	1	1	1	1	1	1	1	2	1	1	1	1	1	1	0	1	1	2	1	1	1	2	1	2	2	1	1	1	0	1	0	2	1	1	0	0	0	0	0	1	0	2	0	0	0	0	2	0	2	1	1	1	1	0	1	1	0	1	1	0	0	1	0	1	1	1	1	1	0	1	1	1	0	2	1	1	0	1	1	1	1	1	1	0	1	1	1	1	1	1	1	1	1	1	1	1	1	1	0	0	1	0	0	0	0	0	0	0	0	1	0	1	1	0	1	2	1	1	0	1	1	1	0	1	0	0	0	0	0	0	0	0	0	0	1	0	0	0	0	0	0	0	0	0	0	0	0	0	0	0	0	0
360	0	0	1	0	0	0	0	1	1	1	0	1	0	1	1	0	1	0	0	0	1	1	1	0	0	1	1	1	1	1	1	1	1	1	1	1	1	0	1	1	1	0	0	1	0	0	1	1	1	1	1	1	1	1	1	1	0	1	1	1	0	1	1	0	1	1	1	1	1	1	1	0	0	1	0	1	1	0	0	1	1	0	1	0	0	0	0	0	0	0	0	0	1	0	1	1	0	0	0	1	0	1	0	0	0	1	2	1	2	2	2	2	2	0	0	2	0	1	0	2	2	1	0	0	0	1	1	1	1	2	1	2	1	2	1	1	0	1	0	2	1	2	1	1	1	1	1	1	0	1	0	0	1	1	1	0	1	1	1	0	1	1	0	0	0	0	0	0	0	1	0	0	0	0	0	0	1	1	1	0	0	2	1	0	0	0	1	0	1	1	1	0	0	1	0	1	0	1	0	0	1	0	1	0	0	1	0	0	1	0	0	0	0	0	0	0	1	1	1	2	2	0	0	2	1	1	0	1	1	1	0	0	0	0	0	0	0	0	0	0	0	0	0	0	0	0	0	0	0	0	0	0	0	0	0	0	0	0	0	0
361	1	1	1	1	1	1	1	1	1	1	1	1	1	1	1	1	1	1	1	1	1	1	1	1	1	1	1	1	1	1	1	1	1	1	1	1	1	0	1	1	1	0	0	1	0	0	1	1	1	1	1	1	1	1	1	1	0	1	1	1	0	1	1	1	1	1	1	1	1	1	1	0	0	1	0	1	1	0	0	1	1	0	1	1	0	0	0	0	0	0	0	0	1	0	1	1	0	1	1	1	0	1	1	0	0	1	2	1	2	2	2	2	2	1	0	1	1	0	1	0	0	0	0	1	1	1	0	0	0	1	0	1	1	0	0	0	0	0	1	1	1	1	0	0	1	1	1	1	1	1	0	0	0	2	0	0	0	0	0	0	0	2	0	0	0	0	0	0	0	0	0	0	1	1	1	1	0	2	2	1	1	2	1	1	1	1	1	0	1	1	1	0	0	1	1	1	0	0	0	0	1	0	1	0	0	1	0	0	0	0	0	0	0	0	0	0	0	1	0	1	1	0	1	1	1	0	0	0	0	0	0	0	0	0	0	0	0	0	0	0	0	0	1	0	0	0	0	0	0	0	0	0	0	0	0	0	0	0	0	0
362	1	2	1	1	1	0	1	0	1	1	1	1	1	1	0	1	0	2	2	2	0	0	0	2	1	0	1	1	0	0	0	0	0	0	0	0	0	0	1	0	1	0	0	1	0	0	1	1	1	1	1	1	0	1	2	2	0	1	1	1	0	1	1	0	1	1	1	1	1	0	1	0	0	1	0	1	1	0	0	1	1	0	0	0	0	1	0	0	0	1	1	1	0	0	0	0	0	1	0	0	0	0	0	0	0	0	2	0	2	2	2	2	2	0	2	2	0	2	0	2	2	1	0	0	0	1	1	1	1	2	1	1	1	2	1	1	0	1	0	2	1	1	0	1	1	1	1	1	0	1	0	0	0	0	1	0	1	0	0	0	0	0	0	0	0	0	0	0	0	1	0	0	0	0	0	0	0	1	1	0	0	2	0	0	0	0	0	0	0	0	0	0	0	1	0	0	0	1	0	0	0	0	0	0	0	0	0	0	0	1	1	1	1	1	1	1	1	0	1	2	2	1	0	2	0	0	0	0	0	0	0	0	0	0	0	0	0	0	0	0	0	0	0	0	0	0	0	0	0	0	0	0	0	0	0	0	0	0	0	0
363	0	0	0	0	0	0	0	0	0	0	0	0	0	0	0	0	0	0	0	0	0	0	0	0	0	0	0	0	0	0	0	0	0	0	2	2	2	0	0	0	2	0	0	0	0	0	2	0	0	1	0	1	1	0	1	1	0	1	1	1	0	1	1	0	2	2	2	1	2	0	0	0	0	0	0	1	1	0	0	1	1	0	0	0	0	0	0	0	0	0	0	0	0	0	0	0	0	0	0	0	0	0	0	0	0	0	1	0	1	1	1	1	1	0	0	2	2	0	2	0	0	0	0	2	2	2	0	0	0	2	0	2	2	0	0	0	0	0	0	2	2	2	1	2	1	2	2	2	0	1	0	0	0	1	1	0	1	1	1	1	1	1	1	1	0	1	1	0	0	1	0	0	1	1	1	1	0	1	1	1	0	2	1	1	0	1	1	1	1	1	1	0	1	1	1	1	1	1	1	1	1	1	1	1	1	1	0	0	1	0	0	0	0	0	0	0	0	1	0	1	1	0	0	2	1	1	0	1	1	1	0	0	0	0	0	0	0	0	0	0	0	0	1	0	0	0	0	0	0	0	0	0	0	0	0	0	0	0	0	0
364	0	2	1	1	1	0	1	0	1	1	1	1	0	1	0	0	0	1	1	1	1	0	0	2	0	0	2	1	0	0	0	0	0	0	0	0	0	0	1	0	1	0	0	0	0	0	2	0	0	0	0	0	0	0	0	0	0	0	0	0	0	0	0	0	0	0	0	0	1	0	0	0	0	0	0	1	1	0	0	1	1	0	0	0	0	0	0	0	0	0	0	0	0	0	0	0	0	0	0	0	0	0	0	0	0	0	1	0	1	1	1	1	1	0	0	2	0	0	0	1	1	1	0	1	1	2	1	1	1	2	1	2	2	1	1	1	0	1	0	2	2	2	1	1	2	1	1	1	0	2	0	0	0	0	1	0	1	1	1	1	1	0	1	1	0	1	1	0	0	1	0	0	1	1	1	1	0	2	1	1	0	2	1	1	0	1	1	1	2	2	2	0	1	0	1	1	1	1	1	1	2	0	2	1	1	2	0	0	0	0	0	0	0	0	0	0	0	0	0	1	1	0	0	2	0	0	0	0	0	0	0	1	0	0	0	0	0	0	0	0	0	0	1	0	0	0	0	0	0	0	0	0	0	0	0	0	0	0	0	0
365	0	0	1	0	0	0	0	0	1	2	0	1	0	1	1	0	0	1	1	1	0	0	0	1	0	0	1	1	0	0	0	0	0	0	1	1	1	0	0	0	2	0	0	0	0	0	2	0	0	0	0	0	0	0	0	0	0	0	0	0	0	0	0	0	1	1	1	0	1	0	0	0	0	0	0	0	0	0	0	0	0	0	0	0	0	0	0	0	0	0	0	0	0	0	0	0	0	0	0	0	0	0	0	0	0	0	2	0	2	2	1	2	2	0	0	1	0	0	0	1	1	1	0	0	0	1	1	1	1	1	1	1	1	1	1	1	0	1	1	1	1	1	1	1	1	1	1	1	1	1	0	0	0	1	0	0	0	0	0	0	0	1	0	0	0	0	0	0	0	0	0	0	0	0	0	0	0	1	1	0	0	2	0	0	0	0	0	0	1	1	1	0	0	1	1	0	0	1	0	0	1	0	1	0	0	1	0	0	0	0	0	0	0	0	0	0	0	0	0	1	1	0	1	1	0	0	0	0	0	0	0	0	0	0	0	0	0	0	0	0	0	0	0	0	0	0	0	0	0	0	0	0	0	0	0	0	0	0	0	0
366	1	2	1	0	0	0	1	0	1	1	1	1	1	1	0	1	0	2	2	2	0	0	0	2	0	0	1	1	0	0	1	1	0	0	1	1	0	0	0	0	1	0	0	0	0	0	2	0	0	0	0	0	1	0	0	0	0	0	0	0	0	0	0	0	1	1	0	0	0	1	1	0	0	1	0	0	0	0	0	0	0	0	1	0	0	0	0	0	0	0	0	0	1	0	1	1	0	2	1	1	0	1	0	0	0	1	2	1	2	2	2	2	2	2	0	2	2	0	2	0	0	0	0	2	2	2	0	0	0	2	0	2	2	0	0	0	0	0	0	2	1	1	1	1	1	1	1	1	0	1	0	0	0	1	0	0	0	0	0	0	0	1	0	0	0	1	0	0	0	0	0	0	1	1	1	1	0	0	1	1	0	2	1	1	0	1	1	1	2	2	2	0	1	0	0	1	1	1	1	1	2	1	2	1	1	2	0	1	2	0	0	0	0	0	0	0	0	2	0	2	2	0	0	2	2	1	0	1	1	1	0	0	0	0	0	0	0	0	0	0	0	0	1	0	0	0	0	0	0	0	0	0	0	0	0	0	0	0	0	0
367	1	0	1	0	0	0	0	1	1	1	0	1	0	1	1	0	1	0	0	0	1	1	1	0	0	1	1	1	1	1	1	1	1	1	0	0	0	0	1	0	1	0	0	0	0	0	0	0	0	2	0	2	1	0	1	1	1	2	2	2	0	2	2	0	2	2	2	2	2	0	0	0	0	1	1	2	2	1	0	2	2	1	0	0	0	1	1	0	0	1	1	1	0	0	0	0	0	1	0	0	0	0	0	0	0	0	1	0	1	1	1	1	1	0	2	2	0	2	1	2	2	1	0	0	0	1	1	1	1	2	1	2	1	2	1	1	0	1	0	2	1	2	0	0	0	0	0	1	0	1	0	0	0	0	1	0	1	0	0	0	0	0	0	0	0	0	0	0	0	0	0	0	1	1	1	1	0	1	1	1	1	2	1	1	1	1	1	1	1	1	1	0	1	1	1	1	1	1	0	1	1	0	1	0	0	1	0	0	1	1	1	1	1	1	1	1	0	1	0	2	2	1	1	2	1	1	0	1	1	1	0	0	0	0	0	0	0	0	0	0	0	0	1	0	0	0	0	0	0	0	0	0	0	0	0	0	0	0	0	0
368	1	1	1	1	1	1	1	1	1	1	1	1	1	1	1	1	1	1	1	1	1	1	1	1	1	1	1	1	1	1	1	1	1	1	1	1	1	0	1	1	1	0	0	0	0	0	1	1	1	1	1	1	1	1	1	1	1	1	1	1	0	1	1	0	1	1	1	1	1	1	1	0	0	1	1	1	1	1	0	1	1	0	1	0	0	0	1	0	0	0	0	0	1	0	1	1	0	2	1	1	0	1	0	0	0	1	1	1	1	1	1	1	1	1	1	1	0	1	0	1	1	1	0	0	0	1	1	1	1	1	1	1	1	1	1	1	1	1	1	1	1	1	1	1	1	1	1	1	1	1	0	0	0	1	1	0	1	0	0	0	0	1	0	0	0	0	0	0	0	0	0	0	0	0	0	0	0	1	1	0	0	2	0	0	0	0	0	0	0	0	0	0	0	1	0	0	0	1	0	0	0	0	0	0	0	0	0	0	1	0	0	0	0	0	0	0	0	1	0	2	2	0	0	2	1	1	0	1	1	1	0	0	0	0	0	0	0	0	0	0	0	0	1	0	0	0	0	0	0	0	0	0	0	1	0	0	0	0	0	0
369	0	0	2	0	0	0	0	2	2	2	0	2	0	2	2	0	2	0	0	0	2	2	2	0	0	2	2	2	2	2	2	2	2	2	0	0	0	0	2	0	0	0	0	2	0	0	2	2	2	0	2	0	2	2	0	0	0	0	0	0	0	0	0	0	0	0	0	0	0	2	2	0	0	2	0	0	0	0	0	0	0	0	2	0	0	0	0	0	0	0	0	0	2	0	2	2	0	2	0	2	0	2	0	0	0	2	2	2	2	2	2	2	2	2	0	2	1	1	1	1	1	0	0	1	1	1	0	0	0	2	0	2	1	1	0	0	0	0	0	2	1	2	1	1	1	1	1	1	0	1	0	0	0	1	0	0	0	0	0	0	0	1	0	0	0	0	0	0	0	0	0	0	0	0	0	0	0	1	1	0	0	2	0	0	0	0	0	0	1	1	1	0	0	1	1	1	0	1	0	0	1	0	1	0	0	1	0	0	1	0	0	0	0	0	0	0	0	1	0	2	2	0	1	2	1	1	0	1	1	1	0	0	0	0	0	0	0	0	0	0	0	0	1	0	0	0	0	0	0	0	0	0	0	0	0	0	0	0	0	0
370	0	1	2	0	0	0	0	1	2	2	0	2	0	2	1	0	1	0	0	0	1	1	1	1	0	1	2	2	1	1	1	1	1	1	1	1	0	0	0	0	0	0	0	0	0	0	2	0	0	0	0	0	0	0	0	0	0	0	1	1	0	1	1	0	1	1	1	0	0	1	1	0	0	1	0	0	0	0	0	0	0	0	1	0	0	0	0	0	0	0	0	0	1	0	1	1	0	2	1	1	0	1	0	0	0	1	1	1	1	1	1	1	1	1	1	2	1	1	1	1	1	0	0	1	1	1	0	0	0	2	0	2	0	1	0	0	0	0	0	2	1	2	1	1	1	1	1	2	0	1	0	0	0	0	0	0	0	0	0	0	0	0	0	0	0	0	0	0	0	1	0	0	0	0	0	0	0	1	1	0	0	2	1	0	0	0	1	0	1	1	1	0	0	1	1	1	0	0	0	0	0	0	0	1	0	1	0	0	0	1	0	0	0	0	0	0	0	1	0	1	1	0	1	2	1	0	0	0	0	0	0	2	0	0	0	0	0	0	0	0	0	0	0	0	0	0	0	0	0	0	0	0	0	0	0	0	0	0	0	0
371	0	1	2	0	0	0	0	1	2	2	0	2	0	2	1	0	1	1	1	1	1	1	1	1	0	1	2	2	1	1	1	1	1	1	1	1	1	0	1	0	1	0	0	1	0	0	2	1	1	0	1	0	1	1	0	0	0	0	0	0	0	0	0	0	0	0	0	0	0	1	1	0	0	1	0	0	0	0	0	0	0	0	1	1	0	0	0	0	0	0	0	0	1	0	1	1	0	0	0	0	0	0	0	0	0	0	2	0	2	2	2	2	2	0	0	1	0	0	0	1	1	1	0	0	0	1	1	1	1	1	1	1	1	1	1	1	1	1	1	1	1	1	1	1	1	1	1	0	1	1	0	0	0	1	1	0	1	1	1	1	1	1	1	1	0	1	1	0	0	1	0	1	1	1	1	1	0	2	2	1	0	2	1	1	0	1	1	1	1	1	1	0	1	0	1	1	1	2	1	1	1	1	1	1	1	1	0	0	0	1	1	1	0	1	1	1	0	0	0	2	2	1	0	2	0	0	0	0	0	0	0	1	0	0	0	0	0	0	0	0	0	0	1	0	0	0	0	0	0	0	0	0	0	0	0	0	0	0	0	0
372	0	0	0	0	0	0	1	0	0	0	1	0	0	0	0	0	0	0	0	1	0	0	0	1	0	0	0	0	0	0	0	0	0	0	1	1	1	0	0	0	2	0	0	1	0	0	2	1	0	1	1	1	2	1	1	1	0	1	1	1	0	1	1	0	1	1	1	1	1	0	0	0	0	0	0	1	1	0	0	1	1	0	0	0	0	0	0	0	0	0	0	0	0	0	0	0	0	0	0	0	0	0	0	0	0	0	1	0	1	1	1	1	1	0	0	2	1	0	1	1	1	1	0	1	1	2	1	1	1	2	1	2	2	1	1	1	0	1	0	2	2	2	1	2	2	2	2	2	0	2	0	0	0	0	2	0	2	2	2	2	2	0	2	2	0	2	2	0	0	2	0	1	2	2	2	2	0	2	2	2	1	2	2	2	1	2	2	2	2	2	2	1	2	0	2	2	2	2	2	2	2	2	2	2	2	2	0	1	1	0	0	0	0	0	0	0	0	1	0	1	1	0	1	2	1	1	0	1	1	1	0	0	0	0	0	0	0	0	0	0	0	0	1	0	0	0	0	0	0	0	0	0	0	0	0	0	0	0	0	0
