29	0	1
30	1	1
31	0	0
32	0	0
33	0	1
34	0	1
35	0	0
36	0	0
37	1	1
38	0	0
39	1	1
40	0	0
296	1	1
297	1	1
298	1	1
299	0	0
300	1	1
301	0	0
302	2	2
303	0	0
304	0	0
305	0	1
306	0	0
307	1	1
308	1	2
309	0	1
310	0	0
311	0	0
312	0	1
313	0	0
314	0	1
315	0	0
316	1	0
317	0	0
318	0	0
319	1	1
320	1	0
321	1	0
322	0	1
323	1	1
324	0	0
325	0	0
326	0	0
327	0	0
328	0	1
329	0	0
330	0	0
331	1	1
332	0	0
333	0	0
334	0	0
335	0	1
336	0	0
337	1	0
338	1	1
339	0	1
340	0	0
341	0	0
342	1	2
343	1	1
344	1	1
345	0	0
346	0	1
347	0	1
348	1	1
349	0	1
350	1	1
351	1	1
352	1	1
353	0	0
354	0	0
355	0	0
356	1	1
357	0	0
358	1	1
359	0	0
360	0	0
361	0	2
362	2	1
363	1	1
364	0	0
365	0	0
366	1	1
367	1	1
368	1	1
369	0	0
370	0	0
371	1	1
372	2	2
