0	1	2
2	1	1
3	2	2
4	1	1
5	1	1
6	0	0
7	2	2
8	2	2
9	2	2
10	1	1
11	2	2
12	2	2
13	1	1
14	1	2
15	2	2
16	1	1
17	0	0
18	2	2
19	2	2
20	2	2
21	1	1
22	2	2
23	2	1
24	0	0
25	1	1
26	2	2
27	2	2
28	2	2
41	0	0
42	2	1
43	2	2
44	0	0
45	1	0
46	1	0
47	0	0
48	2	2
49	1	1
50	1	2
51	2	2
52	2	1
53	2	2
54	1	1
55	2	2
56	1	1
57	1	1
58	0	0
59	1	1
60	1	1
61	2	2
62	2	2
63	2	2
64	1	1
65	2	1
66	2	1
67	2	2
68	2	2
69	0	0
70	2	2
71	2	2
72	2	1
73	1	1
74	1	1
75	1	1
76	1	1
77	1	2
78	1	1
79	2	2
80	0	0
81	2	2
82	1	0
83	0	0
84	2	1
85	1	1
86	2	2
87	2	2
88	1	1
89	2	2
90	2	1
91	2	1
92	2	2
93	1	1
94	1	1
95	1	1
96	1	1
97	1	1
98	1	1
99	1	1
100	2	1
101	2	2
102	2	1
103	1	1
104	2	2
105	2	2
106	1	2
107	0	0
108	2	2
109	2	2
110	1	1
111	0	0
112	1	1
113	2	1
114	1	1
115	1	1
117	0	0
118	1	1
119	0	0
120	1	1
121	0	0
122	1	1
123	1	1
124	0	0
125	2	1
126	1	0
127	2	2
128	2	1
129	1	1
130	1	1
131	2	1
132	1	0
133	1	0
134	1	1
135	1	1
136	1	1
137	1	1
138	0	0
139	2	2
140	1	0
141	2	1
142	2	2
143	1	1
144	2	1
145	0	0
146	0	0
147	1	0
148	1	1
149	1	2
150	1	1
151	1	1
152	2	2
153	1	1
154	2	2
155	1	1
156	1	1
157	1	1
158	2	2
159	1	1
160	1	1
161	1	1
162	1	1
163	1	1
164	1	1
165	0	0
166	1	2
167	2	2
168	1	1
169	2	1
170	2	2
171	2	2
172	2	2
173	2	2
174	1	1
175	1	1
176	1	1
177	0	0
178	0	0
179	2	2
180	1	1
181	1	1
182	2	2
183	1	2
184	1	1
185	1	1
186	1	1
187	1	1
188	1	1
189	2	2
190	0	0
191	2	2
192	2	2
193	1	1
194	1	1
195	2	2
196	2	2
197	2	2
198	0	0
199	2	2
200	1	1
201	2	1
202	2	2
203	2	2
204	0	0
205	0	0
206	2	2
207	1	1
208	1	1
209	2	2
210	1	1
211	1	1
212	1	1
213	1	1
214	1	1
215	0	0
216	1	2
217	2	2
218	2	2
219	2	2
220	1	1
222	1	0
223	2	1
224	1	1
225	2	2
226	2	2
227	1	1
228	1	1
229	1	1
230	2	2
231	2	2
232	2	2
233	1	1
234	2	2
235	1	1
236	1	0
237	0	1
238	2	2
239	2	2
240	1	1
241	1	1
242	2	2
243	1	1
244	2	2
245	1	1
246	1	0
247	2	2
248	0	0
249	2	2
250	2	1
251	1	1
252	1	1
253	2	1
254	2	1
255	0	0
256	1	2
257	1	1
258	1	0
259	1	1
260	2	2
261	2	2
262	1	2
263	1	1
264	1	1
265	1	0
266	0	0
267	1	1
268	0	0
269	1	1
270	0	0
271	1	1
272	0	0
273	2	1
274	1	1
275	0	0
276	1	0
277	1	1
278	1	1
279	2	2
280	1	1
281	2	2
282	1	0
283	2	2
284	1	1
285	0	0
286	1	1
287	2	2
288	1	1
289	2	2
290	1	0
291	2	2
292	1	1
293	1	1
294	1	1
295	1	1
373	1	0
374	0	0
375	2	2
376	1	1
377	1	1
378	1	1
379	1	1
380	1	1
381	1	1
382	1	0
383	1	1
384	2	2
385	2	2
386	2	2
387	1	1
388	1	2
389	1	1
390	0	0
391	2	2
392	0	1
393	1	1
394	0	0
395	0	0
396	0	0
397	2	2
398	1	1
399	1	1
400	1	1
401	1	1
402	0	0
403	2	2
404	1	1
405	2	1
406	1	0
407	2	2
408	0	0
409	0	1
410	0	1
411	1	1
412	1	1
413	1	1
414	1	1
415	2	2
416	1	1
417	1	0
418	2	1
419	1	1
420	0	0
421	1	1
422	2	2
423	1	1
424	1	1
425	2	2
426	1	1
427	1	1
428	1	2
429	0	1
430	1	2
431	0	0
432	1	1
433	1	0
434	2	2
435	1	1
436	2	2
437	2	2
438	1	0
439	0	1
440	2	1
441	2	2
442	2	2
443	1	1
444	1	1
445	1	1
446	0	0
447	1	0
448	1	1
449	2	2
450	2	2
451	1	0
452	1	1
453	0	0
454	2	2
455	0	0
456	1	1
457	2	1
458	1	1
459	1	1
460	1	1
461	1	1
462	2	2
463	2	1
464	1	0
