29	2	2	2	2	2	2	2	1	1	1	0	0	1	1	1	1	0	0	2	0	2	0	0	0	2	0	2	0	0	2	2	2	2	2	2	2	2	1	1	2	2	2	2	2	2	2	2	2	2	2	0	1	2	0	0	2	1	1	0	2	1	1	2	2	2	0	0	2	2	2	2	1	2	0	0	1	0	0	0	1	1	0	0	1	0	1	1	1	0	1	2	0	2	0	0	1	0	0	0	2	0	2	0	0	2	1	1	0	0	0
30	2	2	2	2	2	2	2	1	1	1	0	0	1	1	1	1	0	0	2	0	2	0	0	0	2	0	2	0	0	2	2	2	2	2	2	2	2	0	1	2	2	2	2	2	2	2	2	2	2	2	0	1	2	0	0	2	1	1	0	2	1	1	2	2	2	0	0	2	2	2	2	1	2	0	0	1	0	0	0	1	1	0	0	1	0	1	1	1	0	1	2	0	2	0	0	0	0	0	0	2	0	2	0	0	2	2	0	0	0	0
31	2	2	2	2	2	2	2	1	2	1	1	0	2	2	1	2	1	2	2	1	2	1	1	1	2	1	2	1	1	2	2	2	2	2	2	2	2	1	1	2	2	2	2	2	2	2	2	2	2	2	1	2	2	1	1	2	2	1	1	2	1	1	2	2	2	1	1	2	2	2	2	2	2	1	1	2	0	1	1	2	2	1	1	2	1	2	2	2	1	0	1	1	1	1	2	2	1	1	1	2	0	1	0	0	2	2	0	0	0	0
32	2	2	2	2	2	2	2	2	2	2	1	0	1	1	2	2	1	1	2	1	2	1	1	1	2	1	2	1	1	2	2	2	2	2	2	2	2	2	2	2	2	2	2	2	2	2	2	2	2	2	1	2	2	1	1	2	2	2	1	2	1	1	2	2	2	1	1	2	2	2	2	1	2	1	1	1	0	1	1	2	1	1	1	2	1	1	1	1	1	1	1	1	1	1	1	1	1	1	1	2	0	1	0	0	2	1	0	0	0	0
33	2	2	2	2	2	2	1	0	2	0	0	0	2	2	1	2	0	1	2	0	2	0	0	0	2	1	2	0	0	2	2	2	2	2	2	2	2	1	1	2	2	2	2	2	2	2	2	2	2	2	0	2	2	0	0	2	2	1	0	2	2	1	2	1	2	0	0	2	2	2	2	1	2	0	0	1	0	0	0	2	1	0	0	1	0	1	1	1	0	1	2	0	2	0	2	2	1	0	0	1	1	2	1	1	2	2	0	0	0	0
34	2	2	2	2	2	2	1	1	2	1	0	0	1	1	1	2	0	1	2	0	2	0	0	0	2	0	2	0	0	2	2	2	2	2	2	2	2	1	1	2	2	2	1	2	2	2	2	2	2	2	0	2	2	0	0	2	2	1	0	2	2	2	2	2	2	0	0	2	2	2	2	1	2	0	0	1	0	0	0	2	1	0	0	2	0	0	1	1	0	1	2	0	2	0	1	1	0	0	0	2	0	2	0	0	2	2	0	0	0	0
35	2	2	2	2	2	2	2	2	2	2	2	0	2	2	2	2	2	2	2	2	2	2	2	2	2	2	2	2	2	2	2	2	2	2	2	2	2	2	2	2	2	2	2	2	2	2	2	2	2	2	2	2	2	2	2	2	2	2	2	2	0	0	2	2	2	2	2	2	2	2	2	2	2	2	2	2	0	2	2	2	2	2	2	2	2	2	2	2	2	0	0	2	0	2	2	2	2	2	2	2	0	0	0	0	2	2	0	0	0	0
36	1	1	1	1	1	1	0	0	2	0	0	0	2	2	1	2	0	1	2	0	2	0	0	0	2	0	2	0	0	2	2	2	2	2	2	2	2	1	1	2	2	2	2	2	2	2	2	2	2	2	0	2	2	0	0	2	2	1	0	2	1	1	2	1	2	0	0	2	2	2	2	1	2	0	0	1	0	0	0	2	1	0	0	1	0	0	1	1	0	1	2	0	2	0	2	2	0	0	0	1	1	2	1	1	2	2	0	0	0	0
37	2	2	2	2	2	2	2	1	2	1	0	0	1	1	1	2	0	1	2	0	2	0	0	0	2	0	2	0	0	2	2	2	2	2	2	2	2	1	1	2	2	2	2	2	2	2	2	2	2	2	0	2	2	0	0	2	2	1	0	2	1	1	2	2	2	0	0	2	2	2	2	1	2	0	0	1	0	0	0	2	1	0	0	2	0	1	1	1	0	1	2	0	2	0	1	1	0	0	0	2	0	2	0	0	2	2	0	0	0	0
38	1	2	2	2	2	2	1	1	2	1	0	0	2	2	0	2	0	2	2	0	2	0	0	0	2	1	2	0	0	2	2	2	2	2	2	2	2	0	0	2	2	2	2	2	2	2	2	2	2	2	0	2	2	0	0	2	2	0	0	2	2	1	2	2	2	0	0	2	2	2	2	2	2	0	0	2	0	0	0	2	2	0	0	2	0	1	2	2	0	0	2	0	2	0	2	2	0	0	0	2	0	2	0	0	2	2	0	0	0	0
39	2	2	2	2	2	2	1	2	2	2	0	0	1	1	1	2	0	1	2	1	2	0	0	0	2	0	2	0	0	2	2	2	2	2	2	2	2	1	1	2	2	2	2	2	2	2	2	2	2	2	0	1	2	0	0	2	1	1	0	2	2	2	2	2	2	0	0	2	2	2	2	1	2	0	0	1	0	0	0	2	1	0	0	2	0	1	1	1	0	1	2	0	2	0	1	1	0	0	0	2	0	2	0	0	2	1	0	0	0	0
40	2	2	2	2	2	2	0	0	2	0	0	0	2	2	2	2	0	0	2	0	2	0	0	0	2	0	2	0	0	2	2	2	2	2	2	2	2	2	2	2	2	2	2	2	2	2	2	2	2	2	0	2	2	0	0	2	2	2	0	2	1	1	2	2	2	0	0	2	2	2	2	0	2	0	0	0	0	0	0	2	0	0	0	0	0	0	0	0	0	2	2	0	2	0	2	2	0	0	0	0	2	2	2	2	2	2	0	0	0	0
296	2	2	2	2	2	2	1	0	2	0	0	0	2	2	1	2	0	1	2	0	2	0	0	0	2	0	2	0	0	2	2	2	2	2	2	2	2	0	0	2	2	2	2	2	2	2	2	2	2	2	0	2	2	0	0	2	2	0	0	2	1	1	2	2	2	0	0	2	2	2	2	2	2	0	0	2	0	0	0	2	2	0	0	2	0	2	2	2	0	0	2	0	2	0	1	1	0	0	0	2	0	2	0	0	2	0	0	0	0	0
297	2	2	2	2	2	2	2	2	2	2	0	0	1	1	1	2	0	1	2	0	2	0	0	0	2	0	2	0	0	2	2	2	2	2	2	2	2	1	1	2	2	2	2	2	2	2	2	2	2	2	0	2	2	0	0	2	2	1	0	2	1	1	2	2	2	0	0	2	2	2	2	1	2	0	0	1	0	0	0	2	1	0	0	2	0	1	1	1	0	1	2	0	2	0	0	0	0	0	0	2	0	2	0	0	2	1	0	0	0	0
298	2	2	2	2	2	2	1	1	2	1	1	0	2	2	2	2	1	1	2	1	2	1	1	1	2	1	2	1	1	2	2	2	2	2	2	2	2	2	2	2	2	2	2	2	2	2	2	2	2	2	1	2	2	1	1	2	2	2	1	2	1	1	2	2	2	1	1	2	2	2	2	1	2	1	1	1	1	1	1	2	1	1	1	1	1	1	1	1	1	1	1	1	1	1	2	2	1	1	1	1	1	1	1	1	1	1	0	0	0	0
299	2	2	2	2	2	2	1	1	2	1	0	0	1	1	2	2	0	0	2	0	2	0	0	0	2	0	2	0	0	2	2	2	2	2	2	2	2	2	2	2	2	2	2	2	2	2	2	2	2	2	0	2	2	0	0	2	2	2	0	2	1	1	2	2	2	0	0	2	2	2	2	0	2	0	0	0	0	0	0	2	0	0	0	1	0	0	0	0	0	2	2	0	2	0	1	1	0	0	0	1	1	2	1	1	2	2	0	0	0	0
300	2	2	2	2	2	2	1	1	2	1	1	0	2	2	2	2	1	1	2	1	2	1	1	1	2	1	2	1	1	2	2	2	2	2	2	2	2	1	2	2	2	2	2	2	2	2	2	2	2	2	1	2	2	1	1	2	2	2	1	2	1	1	2	2	2	1	1	2	2	2	2	1	2	1	1	1	0	1	1	2	1	1	1	1	1	1	1	1	1	1	1	1	1	1	2	2	1	1	1	1	1	1	1	1	2	1	0	0	0	0
301	2	2	2	2	2	2	0	0	2	0	0	0	2	2	1	2	0	1	2	0	2	0	0	0	2	0	2	0	0	2	2	2	2	2	2	2	2	0	1	2	2	2	2	2	2	2	2	2	2	2	0	2	2	0	0	2	2	1	0	2	1	1	2	1	2	0	0	2	2	2	2	1	2	0	0	1	0	0	0	2	1	0	0	1	0	0	1	1	0	1	2	0	2	0	2	2	0	0	0	1	1	2	1	1	2	2	0	0	0	0
302	2	2	2	2	2	2	1	1	2	1	0	0	2	2	1	2	0	1	2	0	2	0	0	0	2	0	2	0	0	2	2	2	2	2	2	2	2	1	1	2	2	2	2	2	2	2	2	2	2	2	0	2	2	0	0	2	2	1	0	2	1	1	2	2	2	0	0	2	2	2	2	1	2	0	0	1	0	0	0	2	1	0	0	1	0	1	1	1	0	1	2	0	2	0	1	1	0	0	0	1	1	2	1	1	2	1	0	0	0	0
303	2	2	2	1	1	1	2	2	2	2	1	0	1	1	2	2	1	1	2	1	2	1	1	1	2	1	2	1	1	2	2	2	2	2	2	2	2	2	2	2	2	2	2	2	2	2	2	2	2	2	1	2	2	1	1	2	2	2	1	2	1	1	2	2	2	1	1	2	2	2	2	1	2	1	1	1	0	1	1	2	1	1	1	2	1	1	1	1	1	1	1	1	1	1	1	1	1	1	1	2	0	1	0	0	2	2	0	0	0	0
304	2	2	2	2	2	2	2	1	2	1	0	0	2	2	1	1	0	2	2	0	2	0	0	0	2	0	2	0	0	1	2	2	2	2	2	1	2	0	0	1	2	2	1	2	2	2	1	2	2	2	0	1	2	1	0	1	1	0	0	2	1	1	1	2	2	0	0	2	1	1	1	2	2	0	0	2	0	0	0	2	2	0	0	2	0	2	2	2	0	0	2	0	2	0	2	2	0	0	0	2	0	2	0	0	2	1	0	0	0	0
305	2	2	2	2	2	2	1	1	2	1	1	0	2	2	2	2	1	1	2	1	2	1	1	1	2	1	2	1	1	2	2	2	2	2	2	2	2	1	2	2	2	2	2	2	2	2	2	2	2	2	1	2	2	1	1	2	2	2	1	2	1	1	2	2	2	1	1	2	2	2	2	1	2	1	1	1	0	1	1	2	1	1	1	1	1	1	1	1	1	1	1	1	1	1	2	2	1	1	1	1	1	1	1	1	2	2	0	0	0	0
306	2	2	2	2	2	2	0	0	2	0	0	0	2	2	2	2	0	0	2	0	2	0	0	0	2	0	1	0	0	2	2	2	2	2	2	2	2	2	2	2	2	2	2	2	2	2	2	2	2	2	0	2	2	0	0	2	2	2	0	2	1	1	2	2	2	0	0	2	2	2	2	0	2	0	0	0	0	0	0	2	0	0	0	0	0	0	0	0	0	2	2	0	2	0	2	2	0	0	0	0	2	2	2	2	2	2	0	0	0	0
307	2	2	2	1	0	0	2	2	2	2	0	0	1	1	1	2	0	1	2	0	2	0	0	0	2	0	2	0	0	2	2	2	2	2	2	2	2	0	1	2	2	2	2	2	2	2	2	2	2	2	0	2	2	0	0	2	2	1	0	2	1	1	2	2	2	0	0	2	2	2	2	1	2	0	0	1	0	0	0	2	1	0	0	2	0	1	1	1	0	1	2	0	2	0	1	1	0	0	0	2	0	2	0	0	2	1	0	0	0	0
308	2	2	2	2	2	2	0	0	2	0	0	0	2	2	2	2	0	0	2	0	2	0	0	0	2	0	2	0	0	2	2	2	2	2	2	2	2	2	2	2	2	2	2	2	2	2	2	2	2	2	0	2	2	0	0	2	2	2	0	2	1	1	2	2	2	0	0	2	2	2	2	0	2	0	0	0	0	0	0	2	0	0	0	0	0	0	0	0	0	2	2	0	2	0	2	2	0	0	0	0	2	2	2	2	2	2	0	0	0	0
309	2	2	2	2	2	2	2	1	2	1	1	0	2	2	1	2	1	2	2	1	2	1	1	1	2	1	2	1	1	2	2	2	2	2	2	2	2	1	1	2	2	2	2	2	2	2	2	2	2	2	1	2	2	1	1	2	2	1	1	2	1	1	2	2	2	1	1	2	2	2	2	1	2	1	1	1	0	1	1	2	1	1	1	1	1	1	1	1	1	1	1	1	1	1	2	2	1	1	1	1	1	1	1	1	2	2	0	0	0	0
310	2	2	2	2	2	2	2	1	2	1	0	0	2	2	1	2	0	1	2	1	2	1	1	0	2	1	2	0	0	2	2	2	2	2	2	2	2	2	2	2	2	2	2	2	2	2	2	2	1	2	0	2	2	0	0	2	2	2	0	2	1	1	2	2	2	0	1	2	2	2	2	1	2	0	1	1	0	0	0	2	1	1	1	1	0	1	1	1	0	1	1	0	2	0	2	2	1	0	0	0	1	2	1	1	2	2	0	0	0	0
311	2	2	2	2	2	2	0	0	2	0	0	0	2	2	2	2	0	0	2	0	2	0	0	0	2	0	2	0	0	2	2	2	2	2	2	2	2	2	2	2	2	2	2	2	2	2	2	2	2	2	0	2	2	0	0	2	2	2	0	2	1	1	2	2	2	0	0	2	2	2	2	0	2	0	0	0	0	0	0	2	0	0	0	0	0	0	0	0	0	2	2	0	2	0	2	2	0	0	0	0	2	2	2	2	2	2	0	0	0	0
312	2	2	2	2	2	2	2	1	2	1	1	0	2	2	1	2	1	2	2	1	2	1	1	1	2	1	2	1	1	2	2	2	2	2	2	2	2	1	1	2	2	2	2	2	2	2	2	2	2	2	1	2	2	1	1	2	2	1	1	2	1	1	1	2	2	1	1	2	2	2	2	2	2	1	1	2	0	1	1	2	2	1	1	2	1	2	2	2	1	0	1	1	1	1	2	2	1	1	1	2	0	1	0	0	2	1	1	1	1	1
313	1	2	2	2	2	2	2	1	2	1	0	0	2	2	0	2	0	2	2	0	2	0	0	0	2	0	2	0	0	2	2	2	2	2	2	2	2	0	0	2	2	2	2	2	2	2	2	2	2	2	0	2	2	0	0	2	2	0	0	2	1	1	2	2	2	0	0	2	2	2	2	2	2	0	0	2	0	0	0	2	2	0	0	2	0	2	2	2	0	0	2	0	2	0	2	2	0	0	0	1	0	2	0	0	2	0	0	0	0	0
314	1	1	1	1	1	1	1	1	2	1	1	0	2	2	1	2	1	2	2	1	2	1	1	1	2	1	2	1	1	2	2	2	2	2	2	2	2	1	1	2	2	2	2	2	2	2	2	2	2	2	1	2	2	1	1	2	2	1	1	2	1	1	2	1	2	1	1	2	2	2	2	2	2	1	1	2	0	1	1	2	2	1	1	2	1	2	2	2	1	0	1	1	1	1	2	2	1	1	1	2	0	1	0	0	2	1	0	0	0	0
315	2	2	2	2	2	2	0	1	2	1	1	0	2	2	2	2	1	1	2	1	2	1	1	1	2	2	2	1	1	2	2	2	2	2	2	2	2	2	2	2	2	2	2	2	2	2	2	2	2	2	1	2	2	1	1	2	2	2	1	2	1	1	2	2	2	1	1	2	2	2	2	1	2	1	1	1	1	1	1	2	1	1	1	1	1	1	1	1	1	1	1	1	1	1	2	2	1	1	1	1	1	1	1	1	2	1	0	0	0	0
316	2	2	2	2	2	2	1	1	2	1	0	0	1	1	2	2	0	0	2	0	2	0	0	0	2	1	2	0	0	2	2	2	2	2	2	2	2	2	2	2	2	2	2	2	2	2	2	2	2	2	0	2	2	0	0	2	2	2	0	2	1	1	1	2	2	0	0	2	2	2	2	0	2	0	0	0	0	0	0	2	0	0	0	1	0	0	0	0	0	2	2	0	2	0	1	1	0	0	0	1	1	2	1	1	2	1	0	0	0	0
317	2	2	2	1	1	1	2	2	2	2	0	0	1	1	1	1	0	0	2	0	2	0	0	0	2	1	2	0	0	2	2	2	2	2	2	2	2	1	1	2	2	2	2	2	2	2	2	2	2	2	0	1	2	0	0	2	1	1	0	2	1	1	2	2	2	0	0	2	2	2	2	1	2	0	0	1	0	0	0	2	1	0	0	2	0	1	1	1	0	1	2	0	2	0	0	1	0	0	0	2	0	2	0	0	2	1	1	0	0	0
318	2	2	2	2	2	2	1	1	2	1	1	0	2	2	2	2	1	1	2	1	2	1	1	1	2	1	2	1	1	2	2	2	2	2	2	2	2	2	2	2	2	2	2	2	2	2	2	2	2	2	1	2	2	1	1	2	2	2	1	2	1	1	2	2	2	1	1	2	2	2	2	1	2	1	1	1	0	1	1	2	1	1	1	1	1	1	1	1	1	1	1	1	1	1	2	2	1	1	1	1	1	1	1	1	2	1	0	0	0	0
319	2	2	2	2	2	2	2	2	2	2	0	0	1	1	1	2	0	1	2	0	2	0	0	0	2	0	2	0	0	2	2	2	2	2	2	2	2	1	1	2	2	2	2	2	2	2	2	2	2	2	0	2	2	0	0	2	2	1	0	2	2	2	2	2	2	0	0	2	2	2	2	1	2	0	0	1	0	0	0	2	1	0	0	2	0	1	1	1	0	1	2	0	2	0	0	0	0	0	0	2	0	2	0	0	2	2	0	0	0	0
320	2	2	2	2	2	2	1	1	2	1	1	0	2	2	2	2	1	1	2	1	2	1	1	1	2	1	2	1	1	2	2	2	2	2	2	2	2	2	2	2	2	2	2	2	2	2	2	2	2	2	1	2	2	1	1	2	2	2	1	2	1	1	2	2	2	1	1	2	2	2	2	1	2	1	1	1	0	1	1	2	1	1	1	1	1	1	1	1	1	1	1	1	1	1	2	2	1	1	1	1	1	1	1	1	2	2	0	0	0	0
321	2	2	2	2	2	2	1	2	2	2	1	0	2	2	1	2	1	2	2	1	2	1	1	1	2	1	2	1	1	2	2	2	2	2	2	2	2	1	1	2	2	2	2	2	2	2	2	2	2	2	1	2	2	1	1	2	2	1	1	2	2	2	2	2	2	1	1	2	2	2	2	2	2	1	1	2	0	1	1	2	2	1	2	2	1	2	2	2	1	0	1	1	1	1	1	2	1	1	1	2	0	1	0	0	1	1	0	0	0	0
322	2	2	2	2	2	2	2	1	1	1	0	0	1	1	1	1	0	0	2	0	2	0	0	0	2	1	2	0	0	2	2	2	2	2	2	2	2	0	1	2	2	2	2	2	2	2	2	2	2	2	0	1	2	0	0	2	1	1	0	2	1	1	2	2	2	0	0	2	2	2	2	1	2	0	0	1	0	0	0	1	1	0	0	1	0	1	1	1	0	1	2	0	2	0	0	1	0	0	0	2	0	2	0	0	2	1	0	0	0	0
323	1	2	2	2	2	2	2	2	2	2	0	0	2	2	0	2	0	2	2	0	2	0	0	0	2	0	2	0	0	2	2	2	2	2	2	2	2	0	0	2	2	2	2	2	2	2	2	2	2	2	0	2	2	0	0	2	2	0	0	2	1	1	2	2	2	0	0	2	2	2	2	2	2	0	0	2	0	0	0	2	2	0	0	2	0	2	2	2	0	0	2	0	2	0	1	1	0	0	0	2	0	2	0	0	2	0	0	0	0	0
324	2	2	2	2	2	2	2	2	2	2	1	0	1	1	2	2	1	1	2	1	2	1	1	1	2	1	2	1	1	2	2	2	2	2	2	2	2	2	2	2	2	2	2	2	2	2	2	2	2	2	1	2	2	1	1	2	2	2	1	2	1	1	2	2	2	1	1	2	2	2	2	1	2	1	1	1	0	1	1	2	1	1	1	2	1	1	1	1	1	1	1	1	1	1	1	1	1	1	1	2	0	1	0	0	2	2	0	0	0	0
325	2	2	2	2	2	2	2	1	1	1	0	0	1	1	1	2	0	1	2	1	2	0	0	0	2	0	2	0	0	2	2	2	2	2	2	2	2	1	1	2	2	2	2	1	2	2	2	2	2	2	0	1	2	0	0	2	1	1	0	2	1	1	2	2	2	0	0	2	2	2	2	1	2	0	0	1	0	0	0	1	1	0	0	1	0	1	1	1	0	1	2	0	2	0	1	1	0	0	0	2	0	2	0	0	2	1	0	0	0	0
326	2	2	2	1	1	1	2	1	1	1	0	0	0	0	2	2	0	0	2	0	2	0	0	0	2	0	2	0	0	2	2	2	2	2	2	2	2	1	2	2	2	2	2	2	2	2	2	2	2	2	0	2	2	0	0	2	2	2	0	2	1	1	2	2	2	0	0	2	2	2	2	0	2	0	0	0	0	0	0	1	0	0	0	1	0	0	0	0	0	2	2	0	2	0	1	0	0	0	0	2	0	2	0	0	1	2	1	0	0	0
327	2	2	2	2	2	2	2	2	2	2	1	0	2	2	1	2	1	2	2	2	2	1	1	1	2	1	2	1	1	2	2	2	2	2	2	2	2	1	1	2	2	2	2	2	2	2	2	2	2	2	1	1	2	1	1	2	1	1	1	2	0	0	2	2	2	1	1	2	2	2	2	2	2	1	1	2	0	1	1	2	2	1	1	2	1	2	2	2	1	0	1	1	1	1	1	2	1	1	1	2	0	1	0	0	2	0	0	0	0	0
328	2	2	2	2	2	2	1	2	2	2	0	0	1	1	1	2	0	1	2	0	2	0	0	0	2	0	2	0	0	2	2	2	2	2	2	2	2	1	1	2	2	2	2	2	2	2	2	2	2	2	0	2	2	0	0	2	2	1	0	2	2	1	2	2	2	0	0	2	2	2	2	1	2	0	0	1	0	0	0	2	1	0	0	2	0	1	1	1	0	1	2	0	2	0	0	0	0	0	0	2	0	2	0	0	2	1	0	0	0	0
329	2	2	2	2	2	2	1	0	2	0	0	0	2	2	2	2	0	0	2	0	2	0	0	0	2	0	2	0	0	2	2	2	2	2	2	2	2	2	2	2	2	2	2	2	2	2	2	2	2	2	0	2	2	0	0	2	2	2	0	2	1	1	2	2	2	0	0	2	2	2	2	0	2	0	0	0	0	0	0	2	0	0	0	0	0	0	0	0	0	2	2	0	2	0	2	2	0	0	0	0	2	2	2	2	2	2	0	0	0	0
330	2	2	2	2	2	2	2	1	2	1	0	0	2	2	0	1	0	1	2	0	2	0	0	0	2	0	2	0	0	2	2	2	2	2	2	2	2	0	0	2	2	2	2	2	2	2	2	2	2	2	0	1	2	0	0	2	1	0	0	2	1	1	2	2	2	0	0	2	2	2	2	2	2	0	0	2	0	0	0	2	2	0	0	2	0	1	2	2	0	0	2	0	2	0	1	2	0	0	0	1	0	2	0	0	1	0	1	0	0	0
331	2	2	2	2	2	2	2	1	1	1	0	0	1	1	1	2	0	1	2	1	2	0	0	0	2	0	2	0	0	2	2	2	2	2	2	2	2	0	1	2	2	2	2	2	2	2	2	2	2	2	0	1	2	0	0	2	1	1	0	2	1	1	2	2	2	0	0	2	2	2	2	1	2	0	0	1	0	0	0	1	1	0	0	1	0	1	1	1	0	1	2	0	2	0	1	1	0	0	0	1	0	2	0	0	2	1	0	0	0	0
332	2	2	2	2	2	2	2	1	1	1	0	0	0	0	2	2	0	0	2	0	2	0	0	0	2	0	2	0	0	2	2	2	2	2	2	2	2	2	2	2	2	2	2	2	2	2	2	2	2	2	0	2	2	0	0	2	2	2	0	2	1	1	2	2	2	0	0	2	2	2	2	0	2	0	0	0	0	0	0	1	0	0	0	1	0	0	0	0	0	2	2	0	2	0	0	0	0	0	0	2	0	2	0	0	2	2	1	0	0	0
333	2	2	2	2	2	2	0	1	2	1	1	0	2	2	2	2	1	1	2	1	2	1	1	1	2	1	2	1	1	2	2	2	2	2	2	2	2	2	2	2	2	2	2	2	2	2	2	2	2	2	1	2	2	1	1	2	2	2	1	2	0	1	2	2	2	1	1	2	2	2	2	1	2	1	1	1	1	1	1	2	1	1	1	1	1	1	1	1	1	1	1	1	1	1	2	2	1	1	1	1	1	1	1	1	2	1	0	0	0	0
334	2	2	2	0	0	0	2	2	2	2	1	0	1	1	2	2	1	1	2	1	2	1	1	1	2	1	2	1	1	2	2	2	2	2	2	2	2	2	2	2	2	2	2	2	2	2	2	2	2	2	1	2	2	1	1	2	2	2	1	2	1	1	2	2	2	1	1	2	2	2	2	1	2	1	1	1	0	1	1	2	1	1	1	2	1	1	1	1	1	1	1	1	1	1	1	1	1	1	1	2	0	1	0	0	2	2	0	0	0	0
335	2	2	2	2	2	2	1	1	2	1	0	0	2	2	1	1	0	0	2	0	2	0	0	0	2	0	2	0	0	2	2	2	2	2	2	2	2	1	1	2	2	2	2	2	2	2	2	2	2	2	0	1	2	0	0	2	1	1	0	2	1	1	2	2	2	0	0	2	2	2	2	1	2	0	0	1	0	0	0	2	1	0	0	1	0	1	1	1	0	1	2	0	2	0	1	2	0	0	0	1	1	2	1	1	2	1	0	0	0	0
336	1	1	1	1	1	1	1	1	2	1	0	0	2	2	0	2	0	2	2	0	2	0	0	0	2	0	2	0	0	2	2	2	2	2	2	2	2	0	0	2	2	2	2	2	2	2	2	2	2	2	0	2	2	0	0	2	2	0	0	2	1	0	2	1	2	0	0	2	2	2	2	2	2	0	0	2	0	0	0	2	2	0	0	2	0	2	2	2	0	0	2	0	2	0	1	1	0	0	0	2	0	2	0	0	2	1	0	0	0	0
337	2	2	2	2	2	2	2	1	2	1	1	0	2	2	1	2	1	2	2	1	2	1	1	1	2	1	2	1	1	2	2	2	2	2	2	2	2	1	1	2	2	2	2	2	2	2	2	2	2	2	1	2	2	1	1	2	2	1	1	2	0	0	2	2	2	1	1	2	2	2	2	2	2	1	1	2	0	1	1	2	2	1	1	2	1	2	2	2	1	0	1	1	1	1	2	2	1	1	1	2	0	1	0	0	2	1	0	0	0	0
338	2	2	2	2	2	2	2	1	2	1	1	0	2	2	0	2	0	1	2	0	2	0	0	0	2	1	2	0	0	2	2	2	2	2	2	2	2	0	0	2	2	2	2	2	2	2	2	2	2	2	0	2	2	0	0	2	2	0	0	2	1	1	2	2	2	0	0	2	2	2	2	2	2	0	0	2	0	0	0	2	2	0	0	2	0	2	2	2	0	0	2	0	2	0	1	2	0	0	0	2	0	2	0	0	2	1	0	0	0	0
339	2	2	2	2	2	2	1	1	2	1	1	0	2	2	2	1	1	1	2	1	2	1	1	1	2	1	2	1	1	2	2	2	2	2	2	2	2	2	2	1	2	2	2	2	2	2	2	2	2	2	1	2	2	1	1	2	2	2	1	2	0	0	2	2	2	1	1	2	2	2	2	1	2	1	1	1	0	1	1	2	1	1	1	1	1	1	1	1	1	1	1	1	1	1	1	2	1	1	1	1	1	1	1	1	2	2	0	0	0	0
340	2	2	2	2	2	2	0	1	2	1	0	0	1	1	2	2	0	0	2	0	2	0	0	0	2	0	2	0	0	2	2	2	2	2	2	2	2	2	2	2	2	2	2	2	2	2	2	2	2	2	0	2	2	0	0	2	2	2	0	2	1	1	2	2	2	0	0	2	2	2	2	0	2	0	0	0	0	0	0	2	0	0	0	1	0	0	0	0	0	2	2	0	2	0	1	1	0	0	0	1	1	2	1	1	2	2	0	0	0	0
341	2	2	2	2	2	2	2	1	1	1	1	0	1	1	2	2	1	1	2	1	2	1	1	1	2	1	2	1	1	2	2	2	2	2	2	2	2	2	2	2	2	2	2	2	2	2	2	2	2	2	1	2	2	1	1	2	2	2	1	2	1	1	2	2	2	1	1	2	2	2	2	1	2	1	1	1	0	1	1	1	1	1	1	1	1	1	1	1	1	1	1	1	1	1	1	1	1	1	1	2	0	1	0	0	2	2	0	0	0	0
342	2	2	2	1	0	0	2	1	2	1	0	0	1	1	1	2	0	1	2	0	2	0	0	0	2	0	2	0	0	2	2	2	2	2	2	2	2	0	1	2	2	2	2	2	2	2	2	2	2	2	0	2	2	0	0	2	2	1	0	2	1	1	2	2	2	0	0	2	2	2	2	1	2	0	0	1	0	0	0	2	1	0	0	1	0	1	1	1	0	1	2	0	2	0	1	1	0	0	0	2	0	2	0	0	2	1	0	0	0	0
343	2	2	2	2	2	2	2	2	2	2	0	0	1	1	1	2	0	1	2	1	2	0	0	0	2	0	2	0	0	2	2	2	2	2	2	2	2	1	1	2	2	2	2	2	2	2	2	2	2	2	0	1	2	0	0	2	1	1	0	2	1	1	2	2	2	0	0	2	2	2	2	1	2	0	0	1	0	0	0	2	1	0	0	2	0	1	1	1	0	1	2	0	2	0	1	1	0	0	0	2	0	2	0	0	2	1	0	0	0	0
344	2	2	2	2	2	2	2	1	2	1	1	0	2	2	2	2	1	1	2	1	2	1	1	1	2	1	2	1	1	2	2	2	2	2	2	2	2	2	2	2	2	2	2	2	2	2	2	2	2	2	1	2	2	1	1	2	2	2	1	2	2	1	2	2	2	1	1	2	2	2	2	1	2	1	1	1	0	1	1	2	1	1	1	1	1	0	1	1	1	1	1	1	1	1	2	2	1	1	1	1	1	1	1	1	2	2	0	0	0	0
345	2	2	2	2	2	2	1	1	2	1	1	0	2	2	2	2	1	1	2	1	2	1	1	1	2	1	1	1	1	2	2	2	2	2	2	2	2	2	2	2	2	2	2	2	2	2	2	2	2	2	1	2	2	1	1	2	2	2	1	2	0	0	2	2	2	1	1	2	2	2	2	1	2	1	1	1	0	1	1	2	1	1	1	1	1	1	1	1	1	1	1	1	0	1	2	2	1	1	1	1	1	1	1	1	2	2	0	0	0	0
346	0	1	1	1	2	2	1	1	2	1	0	0	1	1	1	2	0	0	2	0	2	0	0	0	2	0	2	0	0	2	2	2	2	2	2	1	2	1	1	2	2	2	2	2	2	2	2	2	2	2	0	1	2	0	0	2	1	1	0	2	2	1	2	2	2	0	0	2	2	2	2	1	2	0	0	1	0	0	0	2	1	0	0	2	0	1	1	1	0	2	2	0	2	0	1	1	0	0	0	2	0	2	0	0	2	1	1	0	0	0
347	2	2	2	2	1	1	1	1	2	1	0	0	2	2	1	2	0	1	2	0	2	0	0	0	2	0	2	0	0	2	2	2	2	2	2	2	2	1	1	2	2	2	2	2	2	2	2	2	2	2	0	2	2	0	0	2	2	1	0	2	1	1	2	2	2	0	0	2	2	2	2	1	2	0	0	1	0	0	0	2	1	0	0	1	0	1	1	1	0	1	2	0	2	0	2	2	0	0	0	1	1	2	1	1	2	1	0	0	0	0
348	2	2	2	2	2	2	2	2	2	2	0	0	2	2	1	0	0	1	2	0	2	0	0	0	2	1	2	0	0	1	2	2	2	2	2	1	2	0	0	1	2	2	1	2	2	2	1	2	2	2	0	0	2	1	0	1	0	0	0	2	0	0	1	2	2	0	0	2	1	1	2	2	2	0	0	2	0	0	0	2	2	0	0	2	0	1	2	2	0	0	2	0	2	0	1	2	0	0	0	1	0	2	0	0	2	0	0	0	0	0
349	2	2	2	2	2	2	2	1	2	1	1	0	2	2	1	2	1	2	2	1	2	1	1	1	2	1	2	1	1	2	2	2	2	2	2	2	2	1	1	2	2	2	2	2	2	2	2	2	2	2	1	2	2	1	1	2	2	1	1	2	1	1	2	2	2	1	1	2	2	2	2	2	2	1	1	2	0	1	1	2	2	1	1	2	1	1	2	2	1	0	1	1	1	1	2	2	1	1	1	1	0	1	0	0	2	1	0	0	0	0
350	2	2	2	2	2	2	2	2	2	2	1	0	1	1	2	2	1	1	2	1	2	1	1	1	2	1	2	1	1	2	2	2	2	2	2	2	2	2	2	2	2	2	2	2	2	2	2	2	2	2	1	2	2	1	1	2	2	2	1	2	1	1	2	2	2	1	1	2	2	2	2	1	2	1	1	1	0	1	1	2	1	1	1	2	1	2	1	1	1	1	1	1	1	1	0	1	1	1	1	2	0	1	0	0	2	2	0	0	0	0
351	2	2	2	2	2	2	2	1	2	1	0	0	1	1	2	2	0	0	2	0	2	0	0	0	1	0	1	0	0	1	1	1	2	2	1	1	2	0	0	1	1	2	2	2	2	1	1	2	1	1	0	1	1	0	0	1	1	0	0	1	1	1	1	2	1	0	0	2	1	1	1	1	2	0	0	1	0	0	0	2	1	0	0	1	0	1	1	1	0	1	2	0	1	0	1	2	0	0	0	1	1	2	1	1	2	2	0	0	0	0
352	1	2	2	2	2	2	2	0	2	0	0	0	2	2	0	2	0	2	2	0	2	0	0	0	2	0	2	0	0	2	2	2	2	2	2	2	2	0	0	2	2	2	2	2	2	2	2	2	2	2	0	2	2	0	0	2	2	0	0	2	1	1	2	2	2	0	0	2	2	2	2	2	2	0	0	2	0	0	0	2	2	0	0	2	0	2	2	2	0	0	2	0	2	0	2	2	0	0	0	2	0	2	0	0	2	1	0	0	0	0
353	2	2	2	2	2	2	1	1	2	1	1	0	2	2	2	2	1	1	2	1	2	1	1	1	2	1	2	1	1	2	2	2	2	2	2	2	2	2	2	2	2	2	2	2	2	2	2	2	2	2	1	2	2	1	1	2	2	1	1	2	0	0	2	2	2	1	1	2	2	2	2	1	2	1	1	1	0	1	1	2	1	1	1	1	1	1	1	1	1	1	1	1	1	1	2	2	1	1	1	1	1	1	1	1	1	1	0	0	0	0
354	2	2	2	2	2	2	1	2	2	2	1	0	2	2	1	2	1	2	2	2	2	1	1	1	2	1	2	1	1	2	2	2	2	2	2	2	2	1	1	1	2	2	2	2	2	2	2	2	2	2	1	1	2	1	1	2	1	1	1	2	0	0	2	2	2	1	1	2	2	2	2	2	2	1	1	2	0	1	1	2	2	1	1	2	1	2	2	2	1	0	1	1	1	1	2	2	1	1	1	2	0	1	0	0	2	2	0	0	0	0
355	2	2	2	2	2	2	2	1	2	1	1	0	2	2	2	2	1	1	2	1	2	1	1	1	2	1	2	1	1	2	2	2	2	2	2	2	2	2	2	2	2	2	2	2	2	2	2	2	2	2	1	2	2	1	1	2	2	2	1	2	1	1	2	2	2	1	1	2	2	2	2	1	2	1	1	1	0	1	1	2	1	1	1	1	1	1	1	1	1	1	1	1	1	1	2	2	1	1	1	1	1	1	1	1	2	2	0	0	0	0
356	2	2	2	2	2	2	0	1	2	1	1	0	2	2	2	2	1	1	2	1	2	1	1	1	2	1	2	1	1	2	2	2	2	2	2	2	2	2	2	2	2	2	2	2	2	2	2	2	2	2	1	2	2	1	1	2	2	2	1	2	1	1	2	2	2	1	1	2	2	2	2	1	2	1	1	1	0	1	1	2	1	1	1	1	1	1	1	1	1	1	1	1	1	1	2	2	1	1	1	1	1	1	1	1	2	2	0	0	0	0
357	2	2	2	2	2	2	2	2	2	2	0	0	0	0	2	2	0	0	2	0	2	0	0	0	2	1	2	0	0	2	2	2	2	2	2	2	2	2	2	2	2	2	2	2	2	2	2	2	2	2	0	2	2	0	0	2	2	2	0	2	2	2	2	2	2	0	0	2	2	2	2	0	2	0	0	0	0	0	0	2	0	0	0	2	0	0	0	0	0	2	2	0	2	0	0	0	0	0	0	2	0	2	0	0	2	2	0	0	0	0
358	2	2	2	1	1	1	2	1	2	1	0	0	1	1	2	2	0	0	2	0	2	0	0	0	2	0	2	0	0	2	2	2	2	2	2	2	2	2	2	2	2	2	2	2	2	2	2	2	2	2	0	2	2	0	0	2	2	2	0	2	2	2	2	2	2	0	0	2	2	2	2	0	2	0	0	0	0	0	0	2	0	0	0	1	0	0	0	0	0	2	2	0	2	0	1	1	0	0	0	1	1	2	1	1	2	2	0	0	0	0
359	2	2	2	2	2	2	2	2	2	2	0	0	2	2	0	2	0	2	2	0	2	0	0	0	2	0	2	0	0	2	2	2	2	2	2	2	2	0	0	2	2	2	2	2	2	2	2	2	2	2	0	2	2	0	0	2	2	0	0	2	1	1	2	2	2	0	0	2	2	2	2	2	2	0	0	2	0	0	0	2	2	0	0	2	0	1	2	2	0	0	2	0	2	0	1	1	0	0	0	2	0	2	0	0	2	0	0	0	0	0
360	2	2	2	1	1	1	1	1	2	1	0	0	1	1	2	2	0	0	2	0	2	0	0	0	2	0	2	0	0	2	2	2	2	2	2	2	2	1	2	2	2	2	2	2	2	2	2	2	2	2	0	2	2	0	0	2	2	2	0	2	1	1	2	2	2	0	0	2	2	2	2	0	2	0	0	0	0	0	0	2	0	0	0	1	0	0	0	0	0	2	2	0	2	0	1	1	0	0	0	1	1	2	1	1	2	2	0	0	0	0
361	2	2	2	2	2	2	2	1	2	1	1	0	2	2	2	2	1	1	2	1	2	1	1	1	2	1	2	1	1	2	2	2	2	2	2	2	2	2	2	2	2	2	2	2	2	2	2	2	2	2	1	2	2	1	1	2	2	2	1	2	1	1	2	2	2	1	1	2	2	2	2	1	2	1	1	1	0	1	1	2	1	1	1	1	1	1	1	1	1	1	1	1	1	1	2	2	1	1	1	1	1	1	1	1	2	1	0	0	0	0
362	2	2	2	2	2	2	2	1	2	1	1	0	2	2	1	2	1	2	2	1	2	1	1	1	2	2	2	1	1	2	2	2	2	2	2	2	2	1	1	2	2	2	2	2	2	2	2	2	2	2	1	2	2	1	1	2	2	1	1	2	1	0	2	1	2	1	1	2	2	2	2	2	2	1	1	2	0	1	1	2	2	1	1	2	1	2	2	2	1	0	1	1	1	1	2	2	2	1	1	2	0	1	0	0	2	2	0	0	0	0
363	1	1	1	1	1	1	1	0	2	0	0	0	2	2	0	2	0	2	2	0	2	0	0	0	2	0	2	0	0	2	2	2	2	2	2	2	2	0	0	2	2	2	2	2	2	2	2	2	2	2	0	2	2	0	0	2	2	0	0	2	1	1	2	1	2	0	0	2	2	2	2	1	2	0	0	1	0	0	0	2	1	0	0	1	0	0	1	1	0	1	2	0	2	0	2	2	0	0	0	1	1	2	1	1	2	2	0	0	0	0
364	2	2	2	1	1	1	1	1	2	1	0	0	1	1	2	2	0	0	2	0	2	0	0	0	2	0	1	0	0	2	2	2	2	2	2	2	2	2	2	2	2	2	2	2	2	2	2	2	2	2	0	2	2	0	0	2	2	2	0	2	1	1	2	2	2	0	0	2	2	2	2	0	2	0	0	0	0	0	0	2	0	0	0	1	0	0	0	0	0	2	2	0	1	0	2	1	0	0	0	1	1	2	1	1	1	2	0	0	0	0
365	2	2	2	2	2	2	2	0	1	0	0	0	1	1	1	2	0	1	2	0	2	0	0	0	2	0	2	0	0	2	2	2	2	2	2	2	2	0	1	2	2	2	2	2	2	2	2	2	2	2	0	2	2	0	0	2	2	1	0	2	1	2	2	2	2	0	0	2	2	2	2	1	2	0	0	1	0	0	0	1	1	0	0	1	0	0	1	1	0	1	2	0	2	0	1	1	0	0	0	1	0	2	0	0	2	1	1	0	0	0
366	2	2	2	2	2	2	0	1	2	1	0	0	1	1	2	2	0	0	2	0	2	0	0	0	2	0	2	0	0	2	2	2	2	2	2	2	2	2	2	2	2	2	2	2	2	2	2	2	2	2	0	2	2	0	0	2	2	2	0	2	1	1	2	2	2	0	0	2	2	2	2	0	2	0	0	0	0	0	0	2	0	0	0	1	0	0	0	0	0	2	2	0	2	0	1	1	0	0	0	1	1	2	1	1	2	2	0	0	0	0
367	2	2	2	2	2	2	1	1	2	1	1	0	2	2	2	2	1	1	2	1	2	1	1	1	2	1	2	1	1	2	2	2	2	2	2	2	2	2	2	2	2	2	2	2	2	2	2	2	2	2	1	2	2	1	1	2	2	2	1	2	2	2	2	2	2	1	1	2	2	2	2	1	2	1	1	1	0	1	1	2	1	1	1	1	1	1	1	1	1	1	1	1	1	1	2	2	1	1	1	1	1	1	1	1	2	2	0	0	0	0
368	2	2	2	2	2	2	2	2	2	2	1	0	1	1	2	2	1	1	2	1	2	1	1	1	2	1	2	1	1	2	2	2	2	2	2	2	2	2	2	2	2	2	2	2	2	2	2	2	2	2	1	2	2	1	1	2	2	2	1	2	1	1	2	2	2	1	1	2	2	2	2	1	2	1	1	1	0	1	1	2	1	1	1	2	1	1	1	1	1	1	1	1	1	1	1	1	1	1	1	2	0	1	0	0	2	2	0	0	0	0
369	2	2	2	2	2	2	2	2	2	2	1	0	2	2	1	2	1	2	2	2	2	1	1	1	2	1	2	1	1	2	2	2	2	2	2	2	2	0	1	2	2	2	2	2	2	2	2	2	2	2	1	1	2	1	1	2	1	1	1	2	1	1	2	2	2	1	1	2	2	2	2	2	2	1	1	2	0	1	1	2	2	0	1	2	1	2	2	2	1	0	1	1	1	1	2	2	1	1	1	2	0	1	0	0	2	1	0	0	0	0
370	2	2	2	2	2	2	1	1	2	1	0	0	1	1	2	2	0	0	2	0	2	0	0	0	2	0	2	0	0	2	2	2	2	2	2	2	2	2	2	2	2	2	2	2	2	2	2	2	2	2	0	2	2	0	0	2	2	2	0	2	1	1	2	2	2	0	0	2	2	2	2	0	2	0	0	0	0	0	0	2	0	0	0	1	0	0	0	0	0	2	2	0	2	0	1	1	0	0	0	1	1	2	1	1	2	2	0	0	0	0
371	2	2	2	2	2	2	2	2	2	2	2	0	2	2	2	2	2	2	2	2	2	2	2	2	2	2	2	2	2	2	2	2	2	2	2	2	2	1	2	2	2	2	2	2	2	2	2	2	2	2	2	2	2	2	2	2	2	2	2	2	1	1	2	2	2	2	2	2	2	2	2	2	2	2	2	2	0	2	2	2	2	2	2	2	2	2	2	2	2	0	0	2	0	2	2	2	2	2	2	1	0	0	0	0	2	1	0	0	0	0
372	2	2	2	2	2	2	2	2	2	2	0	0	2	2	0	1	0	1	2	1	2	0	0	0	2	0	2	0	0	2	2	2	2	2	2	2	2	0	0	2	2	2	2	1	2	2	2	2	2	2	0	0	2	0	0	2	0	0	0	2	2	1	2	2	2	0	0	2	2	2	2	2	2	0	0	2	0	0	0	2	2	0	0	2	0	1	2	2	0	0	2	0	2	0	1	2	0	0	0	2	0	2	0	0	2	0	1	0	0	0
