0	2	2	2	2	2	2	2	2	2	2	2	0	2	2	2	2	2	2	2	2	2	2	2	2	2	2	2	2	2	2	2	2	2	2	2	2	2	2	2	2	2	2	2	2	2	2	2	2	2	2	2	2	2	2	2	2	2	2	2	2	1	1	2	2	2	2	2	2	2	2	2	2	2	2	2	2	2	2	2	2	2	2	2	2	2	2	2	2	2	0	0	2	0	2	2	2	2	2	2	2	0	0	0	0	0	1	1	1	1	1
2	2	2	2	2	2	2	2	2	2	2	2	0	2	2	2	2	2	2	2	2	2	2	2	2	2	2	2	2	2	2	2	2	2	2	2	2	2	2	2	2	2	2	2	2	2	2	2	2	2	2	2	2	2	2	2	2	2	2	2	2	1	1	2	2	2	2	2	2	2	2	2	2	2	2	2	2	2	2	2	2	2	2	2	2	2	1	2	2	2	0	0	2	0	2	2	2	2	2	2	2	0	0	0	0	0	0	2	2	2	2
3	1	1	0	0	0	0	0	0	0	0	0	0	0	0	0	0	0	0	0	0	0	0	0	0	0	0	0	0	0	0	0	0	0	0	0	0	0	0	0	0	0	0	0	0	0	0	0	0	0	0	0	0	0	0	0	0	0	0	0	0	0	0	0	0	0	0	0	0	0	0	0	0	0	0	0	0	0	0	0	0	0	0	0	0	0	0	0	0	0	2	2	0	2	0	0	0	0	0	0	1	1	2	1	1	2	2	0	0	0	0
4	1	1	1	1	1	1	1	1	1	1	0	0	0	0	1	1	0	0	1	0	1	0	0	0	1	0	1	0	0	1	1	1	1	1	1	1	1	1	1	1	1	1	1	1	1	1	1	1	1	1	0	1	1	0	0	1	1	1	0	1	1	1	1	1	1	0	0	1	1	1	1	0	1	0	0	0	0	0	0	1	0	0	0	1	0	0	0	0	0	2	2	0	2	0	0	0	0	0	0	1	1	2	1	1	2	2	0	0	0	0
5	2	2	2	2	2	2	2	2	2	2	2	0	2	2	2	2	2	2	2	2	2	2	2	2	2	2	2	2	2	2	2	2	2	2	2	2	2	2	2	2	2	2	2	2	2	2	2	2	2	2	2	2	2	2	2	2	2	2	2	2	2	2	2	2	2	2	2	2	2	2	2	2	2	2	2	2	2	2	2	2	2	2	2	2	2	2	2	2	2	0	0	2	0	2	1	2	2	2	2	2	0	0	0	0	0	0	2	2	2	2
6	1	1	1	1	1	1	1	1	1	1	1	1	1	1	1	1	1	1	1	1	1	1	1	1	1	1	1	1	1	1	1	1	1	1	1	1	1	1	1	1	1	1	1	1	1	1	1	1	1	1	1	1	1	1	1	1	1	1	1	1	1	1	1	1	1	1	1	1	1	1	1	1	1	1	1	1	1	1	1	1	1	1	1	1	1	2	1	1	1	1	1	1	1	1	1	1	1	1	1	1	1	1	1	1	1	1	0	0	0	0
7	2	2	2	2	2	2	2	2	2	2	2	1	2	2	2	2	2	2	2	2	2	2	2	2	2	2	2	2	2	2	2	2	2	2	2	2	2	2	2	2	2	2	2	2	2	2	2	2	2	2	2	2	2	2	2	2	2	2	2	2	2	2	2	2	2	2	2	2	2	2	2	2	2	2	2	2	2	2	2	2	2	2	2	2	2	1	2	2	2	0	0	2	0	2	2	2	2	2	2	2	0	0	0	0	0	0	0	0	0	0
8	2	2	2	2	2	2	2	2	2	2	2	1	2	2	2	2	2	2	2	2	2	2	2	2	2	2	2	2	2	2	2	2	2	2	2	2	2	2	2	2	2	2	2	2	2	2	2	2	2	2	2	2	2	2	2	2	2	2	2	2	1	1	2	2	2	2	2	2	2	2	2	2	2	2	2	2	2	2	2	2	2	2	2	2	2	2	2	2	2	0	0	2	0	1	2	2	1	1	1	2	0	1	0	0	1	0	1	1	1	1
9	1	2	1	1	1	1	1	1	1	1	0	0	1	1	1	0	0	1	1	0	1	0	0	0	1	0	1	0	0	0	1	1	1	1	1	0	1	0	0	0	1	1	0	1	1	1	0	1	1	1	0	0	1	1	0	0	0	0	0	1	0	0	0	1	1	0	0	1	0	0	1	1	1	0	0	1	1	0	0	1	1	0	0	1	0	1	1	1	0	1	2	0	2	0	1	1	0	0	0	1	1	2	1	1	2	1	0	0	0	0
10	1	1	1	1	1	1	0	1	1	1	1	0	1	1	1	1	1	1	1	1	1	1	1	1	1	1	1	1	1	1	1	1	1	1	1	1	1	1	1	1	1	1	1	1	1	1	1	1	1	1	1	1	1	1	1	1	1	1	1	1	1	1	1	1	1	1	1	1	1	1	1	1	1	1	1	1	1	1	1	1	1	1	1	1	1	0	1	1	1	1	1	1	1	1	1	1	1	1	1	1	0	1	0	0	1	1	1	1	1	1
11	2	2	2	2	2	2	2	2	2	2	2	0	2	2	2	2	2	2	2	2	2	2	2	2	2	2	2	2	2	2	2	2	2	2	2	2	2	2	2	2	2	2	2	2	2	2	2	2	2	2	2	2	2	2	2	2	2	2	2	2	1	1	2	2	2	2	2	2	2	2	2	2	2	2	2	2	2	2	2	2	2	2	2	2	2	1	2	2	2	1	0	2	0	2	2	2	2	2	2	2	0	0	0	0	0	0	1	1	1	1
12	1	1	1	1	1	1	1	1	1	1	1	1	1	1	2	2	2	2	2	2	2	2	2	2	2	2	2	2	2	2	2	2	2	2	2	2	2	1	2	2	2	2	2	2	2	2	2	2	2	2	2	2	2	2	2	2	2	2	2	2	2	2	2	2	2	2	2	2	2	2	2	2	2	2	2	2	2	2	2	2	2	2	2	2	2	1	2	2	2	0	0	2	0	2	2	2	2	2	2	2	0	0	0	0	0	0	2	2	2	2
13	1	1	1	1	1	1	1	2	2	2	0	0	2	2	2	0	0	2	2	0	2	0	0	0	2	0	2	0	0	0	2	2	2	2	2	0	2	0	0	0	2	2	0	2	2	2	0	2	2	2	0	0	2	2	0	0	0	0	0	2	1	1	0	2	2	0	0	2	0	0	0	2	2	0	0	2	2	0	0	2	2	0	0	2	0	2	2	2	0	0	2	0	2	0	2	2	0	0	0	2	0	2	0	0	2	0	0	0	0	0
14	2	2	2	2	2	2	2	2	2	2	2	0	2	2	2	2	2	2	2	2	2	2	2	2	2	2	2	2	2	2	2	2	2	2	2	2	2	2	2	2	2	2	2	2	2	2	2	2	2	2	2	2	2	2	2	2	2	2	2	2	1	2	2	2	2	2	2	2	2	2	2	2	2	2	2	2	2	2	2	2	2	2	2	2	2	2	2	2	2	0	0	2	0	2	2	2	2	2	2	2	0	0	0	0	0	0	1	1	1	1
15	0	0	0	0	0	0	1	1	1	1	1	0	1	1	1	0	0	1	1	0	1	0	0	0	1	0	1	0	0	0	1	1	1	1	1	0	1	0	0	0	1	1	0	1	1	1	0	1	1	1	0	0	1	1	0	0	0	0	0	1	1	1	0	1	1	0	0	1	0	0	0	1	1	0	0	1	1	0	0	1	1	0	0	1	0	1	1	1	0	1	2	0	2	0	1	1	0	0	0	2	0	2	0	0	2	1	0	0	0	0
16	2	2	2	2	2	2	2	1	2	1	0	0	2	1	1	1	0	2	2	1	2	0	0	0	2	1	2	0	0	0	2	2	2	2	2	0	2	0	0	0	2	2	0	2	2	2	0	2	2	2	0	0	2	1	0	1	0	0	0	2	1	1	0	2	1	0	0	2	0	0	1	2	2	0	0	2	1	0	0	2	2	0	0	2	0	2	2	2	0	0	2	0	2	0	2	2	0	0	0	2	0	2	1	0	2	0	0	0	0	0
17	1	1	1	1	1	1	2	2	2	2	2	0	2	2	2	2	2	2	2	2	2	2	2	2	2	2	2	2	2	2	2	2	2	2	2	2	2	2	2	2	2	2	2	2	2	2	2	2	2	2	2	2	2	2	2	2	2	2	2	2	2	2	2	2	2	2	2	2	2	2	2	2	2	2	2	2	2	2	2	2	2	2	2	2	2	2	2	2	2	0	0	2	0	2	2	2	2	2	2	2	0	0	0	0	0	0	1	1	1	1
18	1	1	1	1	1	1	0	2	2	2	1	0	2	2	2	1	1	2	2	1	2	1	1	1	2	1	2	1	1	1	2	2	2	2	2	1	2	1	1	1	2	2	1	2	2	2	1	2	2	2	1	1	2	2	1	1	1	1	1	2	2	1	1	2	2	1	1	2	1	1	1	2	2	1	1	2	2	2	1	2	2	1	1	2	1	2	1	2	1	0	1	1	1	1	2	2	1	1	1	2	0	1	0	0	1	0	1	1	1	1
19	2	2	2	2	2	2	2	2	2	2	1	0	1	1	2	2	1	1	2	1	2	1	1	1	2	1	2	1	1	2	2	2	2	2	2	2	2	2	2	2	2	2	2	2	2	2	2	2	2	2	1	2	2	1	1	2	2	2	1	2	2	2	2	2	2	1	1	2	2	2	2	1	2	1	1	1	1	1	1	2	1	1	1	2	1	1	1	1	1	1	1	1	1	1	0	1	1	1	1	2	0	1	0	0	1	1	1	1	1	1
20	2	2	2	2	2	2	2	2	2	2	1	0	2	2	2	1	1	2	2	1	2	1	1	1	2	1	2	1	1	1	2	2	2	2	2	1	2	1	1	1	2	2	1	2	2	2	1	2	2	2	1	1	2	2	1	1	1	1	1	2	2	2	1	2	2	1	1	2	1	1	1	2	2	1	1	2	2	1	1	2	2	1	1	2	1	2	2	2	1	0	1	1	1	1	2	2	1	1	1	2	0	1	0	0	1	0	1	1	1	1
21	1	1	1	1	1	1	1	1	1	1	1	0	1	1	1	1	1	1	1	1	1	1	1	1	1	1	1	1	1	1	1	1	1	1	1	1	1	1	1	1	1	1	1	1	1	1	1	1	1	1	1	1	1	1	1	1	1	1	1	1	0	0	1	1	1	1	1	1	1	1	1	1	1	1	1	1	1	1	1	1	1	1	1	1	1	0	1	1	1	1	1	1	1	1	1	1	1	1	1	1	1	1	1	1	1	1	1	1	1	1
22	1	1	1	1	1	1	2	1	1	1	1	0	1	1	1	1	1	1	1	1	1	1	1	1	1	1	1	1	1	1	1	1	1	1	1	1	1	1	1	1	1	1	1	1	1	1	1	1	1	1	1	1	1	1	1	1	1	1	1	1	1	1	1	1	1	1	1	1	1	1	1	1	1	1	1	1	1	1	1	1	1	1	1	1	1	1	1	1	1	1	1	1	1	1	1	1	1	1	1	2	0	1	0	0	1	1	1	1	1	1
23	1	1	0	0	0	0	0	1	1	1	0	0	1	1	0	1	0	1	1	1	1	1	1	0	1	2	1	0	0	1	1	1	1	1	1	1	1	1	1	1	1	1	1	1	1	1	1	1	1	1	0	1	1	0	0	1	1	1	0	1	1	1	1	1	1	0	0	1	1	1	1	1	1	0	0	1	0	0	0	1	1	0	0	1	0	1	1	1	0	1	2	0	2	0	0	1	0	0	0	2	0	2	1	1	2	1	0	0	0	0
24	0	0	0	0	0	0	0	1	1	1	1	0	1	1	1	1	1	1	1	1	1	1	1	1	1	1	1	1	1	1	1	1	1	1	1	1	1	1	1	1	1	1	1	1	1	1	1	1	1	1	1	1	1	1	1	1	1	1	1	1	1	1	1	1	1	1	1	1	1	1	1	1	1	1	1	1	1	1	1	1	1	1	1	1	1	1	1	1	1	1	1	1	1	1	1	1	1	1	1	1	1	1	1	1	1	1	1	1	1	1
25	2	2	2	2	2	2	1	1	1	1	0	0	1	1	1	0	0	1	1	0	1	0	0	0	1	0	1	0	0	0	1	1	1	1	1	0	1	0	0	0	1	1	0	1	1	1	0	1	1	1	0	0	1	1	0	0	0	0	0	1	0	0	0	1	0	0	0	1	0	0	0	1	1	0	0	1	1	0	0	1	1	0	0	1	0	1	1	1	0	1	2	0	2	0	1	1	0	0	0	2	0	2	0	0	2	1	0	0	0	0
26	0	0	0	0	0	0	0	1	1	1	0	0	1	1	1	0	0	1	1	0	1	0	0	0	1	0	1	0	0	1	1	1	1	1	1	0	1	0	0	0	1	1	0	1	1	1	0	1	1	1	0	0	1	1	0	0	0	0	0	1	1	1	0	1	1	0	0	1	0	0	0	1	1	0	0	1	1	0	0	1	1	0	0	1	0	1	1	1	0	1	2	0	2	0	1	1	0	0	0	1	1	2	1	1	2	1	0	0	0	0
27	0	0	0	0	0	0	0	1	1	1	0	0	1	1	1	0	0	1	1	0	1	0	0	0	1	0	1	0	0	0	1	1	1	1	1	0	1	0	0	0	1	1	0	1	1	1	0	1	1	1	0	0	1	1	0	0	0	0	0	1	1	0	0	1	1	0	0	1	0	0	0	1	1	0	0	1	1	1	0	1	1	0	0	1	0	1	0	1	0	1	2	0	2	0	1	1	0	0	0	1	1	2	1	1	2	1	0	0	0	0
28	2	2	2	2	2	2	2	2	2	2	2	1	2	2	2	2	2	2	2	2	2	2	2	2	2	2	2	2	2	2	2	2	2	2	2	2	2	2	2	2	2	2	2	2	2	2	2	2	2	2	2	2	2	2	2	2	2	2	2	2	1	1	2	2	2	2	2	2	2	2	2	2	2	2	2	2	2	2	2	2	2	2	2	2	2	2	2	2	2	0	0	2	0	2	2	2	2	2	2	2	0	0	0	0	0	0	1	1	1	1
41	2	2	2	2	2	2	2	2	2	2	2	1	2	2	2	2	2	2	2	2	2	2	2	2	2	1	2	2	2	2	2	2	2	2	2	2	2	2	2	2	2	2	2	2	2	2	2	2	2	2	2	2	2	2	2	2	2	2	2	2	2	2	2	2	2	2	2	2	2	2	2	2	2	2	2	2	2	2	2	2	2	2	2	2	2	2	2	2	2	0	0	2	0	2	1	2	2	2	2	2	0	0	0	0	0	0	2	2	2	2
42	1	1	1	1	1	1	1	1	1	1	1	0	1	1	1	1	1	1	1	1	1	1	1	1	1	1	1	1	1	1	1	1	1	1	1	1	1	1	1	1	1	1	1	1	1	1	1	1	1	1	1	1	1	1	1	1	1	1	1	1	1	1	1	1	1	1	1	1	1	1	1	1	1	1	1	1	1	1	1	1	1	1	1	1	1	1	1	1	1	1	1	1	1	1	1	1	1	1	1	1	0	1	0	0	1	1	1	1	1	1
43	1	1	1	1	1	1	1	1	1	1	1	0	1	1	1	1	1	1	1	1	1	1	1	1	1	1	1	1	1	1	1	2	1	1	1	1	1	1	1	1	1	1	1	1	1	1	1	1	1	1	1	1	1	1	1	1	1	1	1	1	1	1	1	1	1	1	1	1	1	1	1	0	0	0	0	0	0	0	0	0	0	0	0	0	0	0	0	0	0	2	2	0	2	0	0	0	0	0	0	0	2	2	2	2	1	1	2	2	2	2
44	2	2	2	2	2	2	2	1	1	1	1	1	1	1	1	1	1	1	1	1	1	1	1	1	1	1	1	1	1	1	1	1	1	1	1	1	1	1	1	1	1	1	1	1	1	1	1	1	1	1	1	1	1	1	1	1	1	1	1	1	0	1	1	1	1	1	1	1	1	1	1	1	1	1	1	1	1	1	1	1	1	1	1	1	1	1	1	1	1	1	1	1	1	1	1	1	1	1	1	2	0	1	0	0	1	1	0	0	0	0
45	1	1	1	1	1	1	1	0	1	0	0	0	1	1	0	1	0	1	1	0	1	0	0	0	1	0	1	0	0	1	1	2	1	1	1	1	1	0	0	1	1	1	1	1	1	1	1	1	1	1	0	1	1	0	0	1	1	0	0	1	1	0	1	1	1	0	0	1	1	1	1	1	1	0	0	1	0	0	0	1	1	0	0	1	0	0	1	1	0	1	2	0	2	0	1	1	0	0	0	1	1	2	1	1	2	1	1	1	1	1
46	2	2	2	2	2	2	2	2	2	2	2	0	2	2	2	2	2	2	2	2	2	2	2	2	2	2	2	2	2	2	2	2	2	2	2	2	2	1	2	2	2	2	2	2	2	2	2	2	2	2	2	2	2	2	2	2	2	2	2	2	1	0	2	2	2	2	2	2	2	2	2	2	2	2	2	2	2	2	2	2	2	2	2	2	2	2	2	2	2	0	0	2	0	2	2	2	2	2	2	2	0	0	0	0	0	0	2	2	2	2
47	2	2	2	2	2	2	2	1	2	1	1	0	2	2	1	2	1	2	2	1	2	1	1	1	2	1	2	1	1	2	2	2	2	2	2	2	2	1	1	2	2	2	2	2	2	2	2	2	2	2	1	2	2	1	1	2	2	1	1	2	0	0	2	2	2	1	1	2	2	2	2	2	2	1	1	2	1	1	1	2	2	1	1	2	1	1	2	2	1	0	1	1	1	1	2	2	1	1	1	2	0	1	0	0	1	0	1	1	1	1
48	2	2	2	2	2	2	1	1	1	1	1	1	1	1	1	1	1	1	1	1	1	1	1	1	1	1	1	1	1	1	1	1	1	1	1	1	1	1	1	1	1	1	1	1	1	1	1	1	1	1	1	1	1	1	1	1	1	1	1	1	1	1	1	1	1	1	1	1	1	1	1	1	1	1	1	1	1	1	1	1	1	1	1	1	1	1	1	1	1	1	1	1	1	1	1	1	1	1	1	2	0	1	0	0	1	1	1	1	1	1
49	2	2	2	2	2	2	2	2	2	2	1	1	2	2	2	1	1	2	2	1	2	1	1	1	2	1	2	1	1	1	2	2	2	2	2	1	2	1	1	1	2	2	1	2	2	2	1	2	2	2	1	1	2	2	1	1	1	1	1	2	1	1	1	2	1	1	1	2	1	1	1	2	2	1	1	2	2	1	1	2	2	1	1	2	1	2	2	2	1	0	1	1	1	1	2	2	1	1	1	2	0	1	0	0	1	0	0	0	0	0
50	2	2	2	2	2	2	2	1	1	1	1	0	1	1	1	1	1	1	1	1	1	1	1	1	1	1	1	1	1	1	1	1	1	1	1	1	1	1	1	1	1	1	1	1	1	1	1	1	1	1	1	1	1	1	1	1	1	1	1	1	0	0	1	1	1	1	1	1	1	1	1	1	1	1	1	1	1	1	1	1	1	1	1	1	1	0	1	1	1	1	1	1	1	1	1	1	1	1	1	2	0	1	0	0	1	1	1	1	1	1
51	2	2	2	2	2	2	2	0	1	0	0	0	1	1	0	1	0	1	1	0	1	0	0	0	1	0	1	0	0	1	1	1	1	1	1	1	1	0	0	1	1	1	1	1	1	1	1	1	1	1	0	1	1	0	0	1	1	0	0	1	0	0	1	1	1	0	0	1	1	1	1	1	1	0	0	1	0	0	0	1	1	0	0	1	0	1	1	1	0	1	2	0	2	0	1	1	0	0	0	2	0	2	0	0	1	0	1	1	1	1
52	1	1	1	1	1	1	0	2	2	2	2	0	2	2	2	2	2	2	2	2	2	2	2	2	2	2	2	2	2	2	2	2	2	2	2	2	2	2	2	2	2	2	2	2	2	2	2	2	2	2	2	2	2	2	2	2	2	2	2	2	1	1	2	2	2	2	2	2	2	2	2	2	2	2	2	2	2	2	2	2	2	2	2	2	2	2	2	2	2	0	0	2	0	2	2	2	2	2	2	2	0	0	0	0	1	0	1	1	1	1
53	2	2	2	2	2	2	2	1	2	1	0	0	2	1	0	2	0	2	2	2	2	1	1	0	2	2	2	0	0	1	2	2	2	2	2	1	2	1	1	1	2	2	1	2	2	2	1	2	2	2	0	1	2	0	0	2	1	1	0	2	2	1	1	2	2	0	0	2	1	1	2	2	2	0	0	2	0	0	0	2	2	0	0	2	0	2	2	2	0	0	2	0	2	0	1	2	0	0	0	2	0	2	2	1	2	0	0	0	0	0
54	1	1	1	1	1	1	1	1	1	1	1	1	1	1	2	2	2	2	2	2	2	2	2	2	2	2	2	2	2	2	2	2	2	2	2	2	2	2	2	2	2	2	2	2	2	2	2	2	2	2	2	2	2	2	2	2	2	2	2	2	2	2	2	2	2	2	2	2	2	2	2	2	2	2	2	2	2	2	2	2	2	2	2	2	2	2	2	2	2	0	0	2	0	2	2	2	2	2	2	2	0	0	0	0	0	0	2	2	2	2
55	2	2	2	2	2	2	1	1	2	1	1	0	2	2	1	2	1	2	2	1	2	1	1	1	2	1	2	1	1	2	2	2	2	2	2	2	2	1	1	2	2	2	2	2	2	2	2	2	2	2	1	2	2	1	1	2	2	1	1	2	1	1	1	2	2	1	1	2	2	2	2	2	2	1	1	2	1	1	1	2	2	1	1	2	1	1	2	2	1	0	1	1	1	1	2	2	1	1	1	2	0	1	0	0	1	0	2	2	2	2
56	1	1	1	1	1	1	1	1	1	1	1	0	1	1	1	1	1	1	1	1	1	1	1	1	1	1	1	1	1	1	1	1	1	1	1	1	1	1	1	1	1	1	1	1	1	1	1	1	1	1	1	1	1	1	1	1	1	1	1	1	1	0	1	1	1	1	1	1	1	1	1	1	1	1	1	1	1	1	1	1	1	1	1	1	1	1	1	1	1	1	1	1	1	1	1	1	1	1	1	1	1	1	1	1	1	1	1	1	1	1
57	2	2	2	2	2	2	2	2	2	2	1	0	2	2	1	2	1	2	2	2	2	2	2	1	2	2	2	1	1	2	2	2	2	2	2	2	2	2	2	2	2	2	2	2	2	2	2	1	2	2	1	2	2	1	1	2	2	2	1	2	1	1	2	2	2	1	1	2	2	2	2	2	2	1	1	2	1	1	1	2	2	1	1	2	1	1	2	2	1	0	1	1	1	1	0	2	1	1	1	2	0	1	1	1	1	1	0	0	0	0
58	2	2	2	2	2	2	2	2	2	2	1	0	1	1	2	2	1	1	2	1	2	1	1	1	2	1	2	1	1	2	2	2	2	2	2	2	2	2	2	2	2	2	2	2	2	2	2	2	2	2	1	2	2	1	1	2	2	2	1	2	1	1	2	2	2	1	1	2	2	2	2	1	2	1	1	1	1	1	1	2	1	1	1	2	1	1	1	1	1	1	1	1	1	1	1	1	1	1	1	2	0	1	0	0	1	0	1	1	1	1
59	2	2	2	2	2	2	2	1	1	1	0	0	1	1	0	1	0	1	2	2	2	2	2	1	2	2	2	1	1	2	2	2	2	2	2	2	2	1	2	2	2	2	2	2	2	2	2	2	2	2	1	2	2	1	1	2	2	2	1	2	0	1	2	2	2	1	1	2	2	2	2	2	2	1	1	2	1	1	1	2	2	1	1	2	1	2	2	2	1	0	1	1	1	1	1	2	1	1	1	2	0	1	1	1	0	1	0	0	0	0
60	2	2	2	2	2	2	2	1	1	1	1	0	1	1	1	1	1	1	1	1	1	1	1	1	1	1	1	1	1	1	1	1	1	1	1	1	1	1	1	1	1	1	1	1	1	1	1	1	1	1	1	1	1	1	1	1	1	1	1	1	1	1	1	1	1	1	1	1	1	1	1	1	1	1	1	1	1	1	1	1	1	1	1	1	1	1	1	1	1	1	1	1	1	1	1	1	1	1	1	2	0	1	0	0	1	1	1	1	1	1
61	2	2	2	2	2	2	2	1	1	1	0	0	1	1	0	1	0	1	1	1	1	1	1	0	1	1	1	0	0	1	1	1	1	1	1	1	1	1	1	1	1	1	1	1	1	1	1	1	1	1	0	1	1	0	0	1	1	1	0	1	1	1	1	1	1	0	0	1	1	1	1	1	1	0	0	1	0	0	0	1	1	0	0	1	0	0	1	1	0	1	2	0	2	0	0	1	0	0	0	2	0	2	1	1	2	1	0	0	0	0
62	1	1	1	1	1	1	1	0	0	0	0	0	0	0	0	0	0	0	0	0	0	0	0	0	0	0	0	0	0	0	0	0	0	0	0	0	0	0	0	0	0	0	0	0	0	0	0	0	0	0	0	0	0	0	0	0	0	0	0	0	0	0	0	0	0	0	0	0	0	0	0	0	0	0	0	0	0	0	0	0	0	0	0	0	0	0	0	0	0	2	2	0	2	0	0	0	0	0	0	1	1	2	1	1	2	2	0	0	0	0
63	2	2	2	2	2	2	2	1	1	1	1	1	1	1	1	1	1	1	1	1	1	1	1	1	1	1	1	0	1	1	1	1	1	1	1	1	1	1	1	1	1	1	1	1	1	1	1	1	1	1	1	1	1	1	1	1	1	1	1	1	1	1	1	1	1	1	1	1	1	1	1	1	1	1	1	1	1	1	1	1	1	1	1	1	1	1	1	1	1	1	1	1	1	1	1	1	1	1	1	2	0	1	0	0	0	0	1	1	1	1
64	2	2	2	2	2	2	1	2	2	2	2	2	2	2	2	2	2	2	2	2	2	2	2	2	2	2	2	2	2	2	2	2	2	2	2	2	2	2	2	2	2	2	2	2	2	2	2	2	2	2	2	2	2	2	2	2	2	2	2	2	1	1	2	2	2	2	2	2	2	2	2	2	2	2	2	2	2	2	2	2	2	2	2	2	2	2	2	2	2	0	0	2	0	2	2	2	2	2	2	2	0	0	0	0	0	0	2	2	2	2
65	2	2	2	2	2	2	2	1	2	1	1	0	2	2	1	2	1	2	2	1	2	1	1	1	2	1	2	1	1	2	2	2	2	2	2	2	2	1	1	2	2	2	2	2	2	2	2	2	2	2	1	2	2	1	1	2	2	1	1	2	1	1	2	2	2	1	1	2	2	2	2	2	2	1	1	2	1	1	1	2	2	1	1	2	1	2	2	2	1	0	1	1	1	1	2	2	1	1	1	2	0	1	0	0	1	0	1	1	1	1
66	0	0	0	0	0	0	0	0	0	0	0	0	0	0	0	0	0	0	0	0	0	0	0	0	0	0	0	0	0	0	0	0	0	0	0	0	0	0	0	0	0	0	0	0	0	0	0	0	0	0	0	0	0	0	0	0	0	0	0	0	0	0	0	0	0	0	0	0	0	0	0	0	0	0	0	0	0	0	0	0	0	0	0	0	0	0	0	0	0	2	2	0	2	1	1	1	1	1	1	1	1	1	1	1	1	1	0	0	0	0
67	0	0	0	0	0	0	0	0	0	0	0	0	0	0	1	1	1	1	1	1	1	1	1	1	1	1	1	1	1	1	1	1	1	1	1	1	1	0	1	1	1	1	1	1	1	1	1	1	1	1	1	1	1	1	1	1	1	1	1	1	1	1	1	1	1	1	1	1	1	1	1	1	1	1	1	1	1	1	1	1	1	1	1	1	1	0	1	1	1	1	1	1	1	2	2	2	2	2	2	2	0	0	0	0	0	0	2	2	2	2
68	1	1	0	0	0	0	0	0	0	0	0	0	0	0	0	0	0	0	0	0	0	0	0	0	0	0	0	0	0	0	0	0	0	0	0	0	0	0	0	0	0	0	0	0	0	0	0	0	0	0	0	0	0	0	0	0	0	0	0	0	0	0	0	0	0	0	0	0	0	0	0	0	0	0	0	0	0	0	0	0	0	0	0	0	0	0	0	0	0	2	2	0	2	0	0	0	0	0	0	1	1	2	1	1	2	2	0	0	0	0
69	2	2	2	2	2	2	2	1	1	1	1	0	1	1	1	1	1	1	1	1	1	1	1	1	1	1	1	1	1	1	1	1	1	1	1	1	1	1	1	1	1	1	1	1	1	1	1	1	1	1	1	1	1	1	1	1	1	1	1	1	0	1	1	1	1	1	1	1	1	1	1	1	1	1	1	1	1	1	1	1	1	1	1	1	1	1	1	1	1	1	1	1	1	1	1	1	1	1	1	2	0	1	0	0	1	0	1	1	1	1
70	2	2	1	1	1	1	1	0	1	0	0	0	1	1	0	1	0	1	1	0	1	0	0	0	1	0	1	0	0	1	1	1	1	1	1	1	1	0	0	1	1	1	1	1	1	1	1	1	1	1	0	1	1	0	0	1	1	0	0	1	0	0	1	1	1	0	0	1	1	1	1	1	1	0	0	1	0	0	0	1	1	0	0	1	0	1	1	1	0	1	2	0	2	0	1	1	0	0	0	2	0	2	0	0	2	1	0	0	0	0
71	1	1	1	1	1	1	1	1	1	1	1	0	1	1	1	1	1	1	1	1	1	1	1	1	1	1	1	1	1	1	1	1	1	1	1	1	1	1	1	1	1	1	1	1	1	1	1	1	1	1	1	1	1	1	1	1	1	1	1	1	0	0	1	1	1	1	1	1	1	1	1	1	1	1	1	1	1	1	1	1	1	1	1	1	1	1	1	1	1	1	1	1	1	1	1	1	1	1	1	1	0	1	0	0	1	1	0	0	0	0
72	0	0	0	0	0	0	0	0	0	0	0	0	0	0	0	0	0	0	0	0	0	0	0	0	0	0	0	0	0	0	0	1	0	0	0	0	0	0	0	0	0	0	0	0	0	0	0	0	0	0	0	0	0	0	0	0	0	0	0	0	0	0	0	0	0	0	0	0	0	0	0	0	0	0	0	0	0	0	0	0	0	0	0	0	0	0	0	0	0	2	2	0	2	0	0	0	0	0	0	0	2	2	2	2	2	2	2	2	2	2
73	1	1	1	1	1	1	1	1	1	1	1	0	1	1	1	1	1	1	1	1	1	1	1	1	1	1	1	1	1	1	1	1	1	1	1	1	1	1	1	1	1	1	1	1	1	1	1	1	1	1	1	1	1	1	1	1	1	1	1	1	1	1	1	1	1	1	1	1	1	1	1	1	1	1	1	1	1	1	1	1	1	1	1	1	1	1	1	1	1	1	1	1	1	1	1	1	1	1	1	1	0	1	0	0	1	2	0	0	0	0
74	1	1	1	1	1	1	1	1	1	1	0	0	1	1	1	0	0	1	1	0	1	0	0	0	1	0	1	0	0	0	1	1	1	1	1	0	1	0	0	0	1	1	0	1	1	1	0	1	1	1	0	0	1	1	0	0	0	0	0	1	0	0	0	1	0	0	0	1	0	0	0	1	1	0	0	1	0	0	0	1	1	0	0	1	0	1	1	1	0	1	2	0	2	0	1	1	0	0	0	2	0	2	0	0	2	1	0	0	0	0
75	2	2	2	2	2	2	2	2	2	2	2	0	2	2	2	2	2	2	2	2	2	2	2	2	2	2	2	2	2	2	2	2	2	2	2	2	2	2	2	2	2	2	2	2	2	2	2	2	2	2	2	2	2	2	2	2	2	2	2	2	1	1	2	2	2	2	2	2	2	2	2	2	2	2	2	2	2	2	2	2	2	2	2	2	2	2	2	2	2	0	0	2	0	2	2	2	2	2	2	2	0	0	0	0	0	0	1	1	1	1
76	2	2	2	2	2	2	2	2	2	2	1	1	1	1	2	2	1	1	2	1	2	1	1	1	2	1	2	1	1	2	2	2	2	2	2	2	2	2	2	2	2	2	2	2	2	2	2	2	2	2	1	2	2	1	1	2	2	2	1	2	2	2	2	2	2	1	1	2	2	2	2	1	2	1	1	1	1	1	1	2	1	1	1	2	1	1	1	1	1	1	1	1	1	1	1	1	1	1	1	2	0	1	0	0	1	1	1	1	1	1
77	2	2	2	2	2	2	2	2	2	2	2	1	2	2	2	2	2	2	2	2	2	2	2	2	2	2	2	2	2	2	2	2	2	2	2	2	2	2	2	2	2	2	2	2	2	2	2	2	2	2	2	2	2	2	2	2	2	2	2	2	2	2	2	2	2	2	2	2	2	2	2	2	2	2	2	2	2	2	2	2	2	2	2	2	2	2	2	2	2	0	0	2	0	2	2	2	2	2	2	2	0	0	0	0	1	1	1	1	1	1
78	1	1	1	1	1	1	1	1	1	1	1	1	1	1	1	1	1	1	1	1	1	1	1	1	1	1	1	0	1	1	1	1	1	1	1	1	1	1	1	1	1	1	1	1	1	1	1	1	1	1	1	1	1	1	1	1	1	1	1	1	1	1	1	1	1	1	1	1	1	1	1	1	1	1	1	1	1	1	1	1	1	1	1	1	1	1	1	1	1	1	1	1	1	1	1	1	1	1	1	2	0	1	0	0	2	2	0	0	0	0
79	2	2	2	2	2	2	2	1	2	1	1	0	2	2	1	2	1	2	2	1	2	1	1	1	2	1	2	1	1	2	2	2	2	2	2	2	2	1	1	2	2	2	2	2	2	2	2	2	2	2	1	2	2	1	1	2	2	1	1	2	1	1	2	2	2	1	1	2	2	2	2	2	2	1	1	2	1	1	1	2	2	1	1	2	1	2	2	2	1	0	1	1	1	1	2	2	1	1	1	2	0	1	0	0	1	0	0	0	0	0
80	1	1	1	1	1	1	1	0	1	0	0	0	1	1	0	1	0	1	1	1	1	1	1	0	1	1	1	0	0	1	1	1	1	1	1	1	1	1	1	1	1	1	1	1	1	1	1	1	1	1	0	1	1	0	0	1	1	1	0	1	0	0	1	1	1	0	0	1	1	1	1	1	1	0	0	1	0	0	0	1	1	0	0	1	0	1	1	1	0	1	2	0	2	0	1	1	0	0	0	2	0	2	1	1	2	1	1	1	1	1
81	0	0	0	0	0	0	0	0	0	0	0	0	0	0	0	0	0	0	0	0	0	0	0	0	0	0	0	0	0	0	0	0	0	0	0	0	0	0	0	0	0	0	0	0	0	0	0	0	0	0	0	0	0	0	0	0	0	0	0	0	0	0	0	0	0	0	0	0	0	0	0	0	0	0	0	0	0	0	0	0	0	0	0	0	0	0	0	0	0	2	2	0	2	0	0	0	1	1	1	1	1	1	1	1	1	1	1	1	1	1
82	1	1	1	1	1	1	1	0	0	0	0	0	0	0	0	0	0	0	0	0	0	0	0	0	0	0	0	0	0	0	0	0	0	0	0	0	0	0	0	0	0	0	0	0	0	0	0	0	0	0	0	0	0	0	0	0	0	0	0	0	0	0	0	0	0	0	0	0	0	0	0	0	0	0	0	0	0	0	0	0	0	0	0	0	0	0	0	0	0	2	2	0	2	0	0	0	0	0	0	2	0	2	0	0	2	2	0	0	0	0
83	1	1	1	1	1	1	1	2	2	2	1	0	2	2	2	1	1	2	2	1	2	1	1	1	2	1	2	1	1	1	2	2	2	2	2	1	2	1	1	1	2	2	1	2	2	2	1	2	2	2	1	1	2	2	1	1	1	1	1	2	2	1	1	2	2	1	1	2	1	1	1	2	2	1	1	2	2	2	1	2	2	1	1	2	1	2	1	2	1	0	1	1	1	1	2	2	1	1	1	2	0	1	0	0	1	0	1	1	1	1
84	2	2	2	2	2	2	1	1	1	1	0	0	1	1	1	0	0	1	1	0	1	0	0	0	1	0	1	0	0	0	1	1	1	1	1	0	1	0	0	0	1	1	0	1	1	1	0	1	1	1	0	0	1	1	0	0	0	0	0	1	1	1	0	1	1	0	0	1	0	0	0	1	1	0	0	1	0	0	0	1	1	0	0	1	0	1	1	1	0	1	2	0	2	0	1	1	0	0	0	1	1	2	1	1	2	1	0	0	0	0
85	1	1	1	1	1	1	2	1	1	1	1	1	1	1	1	1	1	1	1	1	1	1	1	1	1	1	1	1	1	1	1	1	1	1	1	1	1	1	1	1	1	1	1	1	1	1	1	1	1	1	1	1	1	1	1	1	1	1	1	1	0	1	1	1	1	1	1	1	1	1	1	1	1	1	1	1	1	1	1	1	1	1	1	1	1	1	1	1	1	1	1	1	1	1	1	1	1	1	1	1	1	1	1	1	1	1	1	1	1	1
86	1	1	1	1	1	1	1	1	1	1	1	0	1	1	1	1	1	1	1	1	1	1	1	1	1	1	1	1	1	1	1	1	1	1	1	1	1	1	1	1	1	1	1	1	1	1	1	1	1	1	1	1	1	1	1	1	1	1	1	1	1	1	1	1	1	1	1	1	1	1	1	1	1	1	1	1	1	1	1	1	1	1	1	1	1	1	1	1	1	1	1	1	1	1	1	1	1	1	1	2	0	1	0	0	1	1	1	1	1	1
87	2	2	1	1	1	1	1	0	1	0	0	0	1	1	0	1	0	1	1	0	1	0	0	0	1	0	1	0	0	1	1	1	1	1	1	1	1	0	0	1	1	1	1	1	1	1	1	1	1	1	0	1	1	0	0	1	1	0	0	1	1	1	1	1	1	0	0	1	1	1	1	1	1	0	0	1	0	0	0	1	1	0	0	1	0	1	1	1	0	1	2	0	2	0	1	1	0	0	0	2	0	2	0	0	2	1	1	1	1	1
88	1	1	1	1	1	1	0	1	1	1	1	0	1	1	1	1	1	1	1	1	1	1	1	1	1	1	1	1	1	1	1	1	1	1	1	1	1	1	1	1	1	1	1	1	1	1	1	1	1	1	1	1	1	1	1	1	1	1	1	1	1	1	1	1	1	1	1	1	1	1	1	1	1	1	1	1	1	1	1	1	1	1	1	1	1	1	1	1	1	1	1	1	1	1	1	1	1	1	1	1	1	1	1	1	1	1	1	1	1	1
89	2	2	2	2	2	2	2	2	2	2	2	1	2	2	2	2	2	2	2	2	2	2	2	2	2	2	2	2	2	2	2	2	2	2	2	2	2	2	2	2	2	2	2	2	2	2	2	2	2	2	2	2	2	2	2	2	2	2	2	2	1	1	2	2	2	2	2	2	2	2	2	2	2	2	2	2	2	2	2	2	2	2	2	2	2	2	2	2	2	0	0	2	0	2	2	2	2	2	2	2	0	0	0	0	0	0	2	2	2	2
90	1	1	0	0	0	0	0	0	0	0	0	0	0	0	0	0	0	0	0	0	0	0	0	0	0	0	0	0	0	0	0	0	0	0	0	0	0	0	0	0	0	0	0	0	0	0	0	0	0	0	0	0	0	0	0	0	0	0	0	0	0	0	0	0	0	0	0	0	0	0	0	0	0	0	0	0	0	0	0	0	0	0	0	0	0	0	1	0	0	2	2	0	2	0	0	0	0	0	0	2	0	2	0	0	2	2	0	0	0	0
91	2	2	2	2	2	2	2	2	2	2	2	0	2	2	2	2	2	2	2	2	2	2	2	2	2	2	2	2	2	2	2	2	2	2	2	2	2	2	2	2	2	2	2	2	2	2	2	2	2	2	2	2	2	2	2	2	2	2	2	2	1	1	2	2	2	2	2	2	2	2	2	2	2	2	2	2	2	2	2	2	2	2	2	2	2	2	2	2	2	0	0	2	0	2	2	2	2	2	2	2	0	0	0	0	1	1	0	0	0	0
92	2	2	2	2	2	2	2	1	2	1	1	0	2	2	1	2	1	2	2	1	2	1	1	1	2	1	2	1	1	2	2	2	2	2	2	2	2	1	1	2	2	2	2	2	2	2	2	2	2	2	1	2	2	1	1	2	2	1	1	2	2	2	2	2	2	1	1	2	2	2	2	2	2	1	1	2	1	1	1	2	2	1	1	2	1	2	2	2	1	0	1	1	1	1	2	2	1	1	1	2	0	1	0	0	1	0	1	1	1	1
93	0	0	0	0	0	0	0	0	0	0	0	0	0	0	1	1	1	1	1	1	1	1	1	1	1	1	1	1	1	1	1	2	1	1	1	1	1	1	1	1	1	1	1	1	1	1	1	1	1	1	1	1	1	1	1	1	1	1	1	1	1	1	1	1	1	1	1	1	1	1	1	1	1	1	1	1	1	1	1	1	1	1	1	1	1	1	1	1	1	1	1	1	1	1	1	1	1	1	1	1	1	1	1	1	1	1	2	2	2	2
94	1	1	1	1	1	1	1	1	1	1	0	0	1	1	1	0	0	1	1	0	1	0	0	0	1	0	1	0	0	0	1	1	1	1	1	0	1	0	0	0	1	1	0	1	1	1	0	1	1	1	0	0	1	1	0	0	0	0	0	1	1	1	0	1	1	0	0	1	0	0	0	1	1	0	0	1	0	0	0	1	1	0	0	1	0	1	1	1	0	1	2	0	2	0	1	1	0	0	0	1	1	2	1	1	2	1	0	0	0	0
95	2	2	1	1	1	1	1	1	1	1	1	0	1	1	1	1	1	1	1	1	1	1	1	1	1	1	1	1	1	1	1	1	1	1	1	1	1	1	1	1	1	1	1	1	1	1	1	1	1	1	1	1	1	1	1	1	1	1	1	1	1	1	1	1	1	1	1	1	1	1	1	1	1	1	1	1	1	1	1	1	1	1	1	1	1	1	1	1	1	1	1	1	1	1	1	1	1	1	1	1	1	1	1	1	1	1	1	1	1	1
96	1	1	1	1	1	1	1	1	1	1	1	1	1	1	1	1	1	1	1	1	1	1	1	1	1	1	1	1	1	1	1	1	1	1	1	1	1	1	1	1	1	1	1	1	1	1	1	1	1	1	1	1	1	1	1	1	1	1	1	1	1	1	1	1	1	1	1	1	1	1	1	1	1	1	1	1	1	1	1	1	1	1	1	1	1	1	1	1	1	1	1	1	1	1	1	1	1	1	1	2	0	1	0	0	1	1	0	0	0	0
97	1	1	1	1	1	1	1	0	0	0	0	0	0	0	0	0	0	0	0	0	0	0	0	0	0	0	0	0	0	0	0	0	0	0	0	0	0	0	0	0	0	0	0	0	0	0	0	0	0	0	0	0	0	0	0	0	0	0	0	0	0	0	0	0	0	0	0	0	0	0	0	0	0	0	0	0	0	0	0	0	0	0	0	0	0	0	0	0	0	2	2	0	2	1	1	1	1	1	1	1	1	1	1	1	1	1	1	1	1	1
98	1	1	1	1	1	1	1	1	1	1	0	0	1	1	1	0	0	1	1	0	1	0	0	0	1	0	1	0	0	0	1	1	1	1	1	0	1	0	0	0	1	1	0	1	1	1	0	1	1	1	0	0	1	1	0	0	0	0	0	1	0	0	0	1	1	0	0	1	0	0	0	1	1	0	0	1	0	0	0	1	1	0	0	1	0	1	1	1	0	1	2	0	2	0	0	1	0	0	0	1	1	2	1	1	2	1	0	0	0	0
99	2	2	2	2	2	2	2	0	0	0	0	0	0	0	0	0	0	0	0	0	0	0	0	0	0	0	0	0	0	0	0	0	0	0	0	0	0	0	0	0	0	0	0	0	0	0	0	0	0	0	0	0	0	0	0	0	0	0	0	0	0	0	0	0	0	0	0	0	0	0	0	0	0	0	0	0	0	0	0	0	0	0	0	0	0	0	0	0	0	2	2	0	2	0	0	0	0	0	0	1	1	2	1	1	2	2	0	0	0	0
100	2	2	2	2	2	2	2	2	2	2	2	2	2	2	2	2	2	2	2	2	2	2	2	2	2	2	2	2	2	2	2	2	2	2	2	2	2	2	2	2	2	2	2	2	2	2	2	2	2	2	2	2	2	2	2	2	2	2	2	2	1	2	2	2	2	2	2	2	2	2	2	2	2	2	2	2	2	2	2	2	2	2	2	2	2	2	2	2	2	0	0	2	0	2	2	2	2	2	2	2	0	0	0	0	0	0	0	0	0	0
101	2	2	2	2	2	2	2	2	2	2	0	0	0	0	2	2	0	0	2	0	2	0	0	0	2	0	2	0	0	2	2	2	2	2	2	2	2	2	2	2	2	2	2	2	2	2	2	2	2	2	0	2	2	0	0	2	2	2	0	2	1	1	2	2	2	0	0	2	2	2	2	0	2	0	0	0	0	0	0	2	0	0	0	2	0	0	0	0	0	2	2	0	2	0	0	0	0	0	0	2	0	2	0	0	2	2	0	0	0	0
102	1	1	1	1	1	1	1	1	1	1	1	1	1	1	1	1	1	1	1	1	1	1	1	1	1	1	1	1	1	1	1	1	1	1	1	1	1	0	1	1	1	1	1	1	1	1	1	1	1	1	1	1	1	1	1	1	1	1	1	1	1	1	1	1	1	1	1	1	1	1	1	1	1	1	1	1	1	1	1	1	1	1	1	1	1	2	1	1	1	1	1	1	1	1	1	1	1	1	1	1	1	1	1	1	1	1	0	0	0	0
103	2	2	2	2	2	2	2	1	2	1	0	0	2	2	1	1	0	2	2	0	2	0	0	0	2	1	2	0	0	1	2	2	2	2	2	1	2	0	0	1	2	2	1	2	2	2	1	2	2	2	0	1	2	1	0	1	1	0	0	2	0	1	1	2	2	0	0	2	1	1	2	2	2	0	0	2	0	0	0	2	2	0	0	2	0	2	2	2	0	0	2	0	2	0	2	2	0	0	0	2	0	2	0	0	2	0	0	0	0	0
104	1	1	1	1	1	1	1	0	2	1	0	0	2	2	0	2	0	2	2	1	2	1	1	0	2	1	2	0	0	2	2	2	2	2	2	2	2	1	1	2	2	2	2	2	2	2	2	2	2	2	0	2	2	0	0	2	2	1	0	2	2	2	2	2	2	0	0	2	2	2	2	2	2	0	0	2	0	0	0	2	2	0	0	2	0	2	2	2	0	0	2	0	2	0	1	2	0	0	0	2	0	2	1	1	2	0	0	0	0	0
105	1	1	1	1	1	1	1	0	1	0	0	0	1	1	0	1	0	1	1	0	1	0	0	0	1	0	1	0	0	1	1	1	1	1	1	1	1	0	0	1	1	1	1	1	1	1	1	1	1	1	0	1	1	0	0	1	1	0	0	1	1	1	1	1	1	0	0	1	1	1	1	1	1	0	0	1	0	0	0	1	1	0	0	1	0	1	1	1	0	1	2	0	2	0	1	1	0	0	0	1	1	2	1	1	2	1	0	0	0	0
106	1	1	1	1	1	1	1	1	1	1	1	0	1	1	1	1	1	1	1	1	1	1	1	1	1	1	1	1	1	1	1	1	1	1	1	1	1	1	1	1	1	1	1	1	1	1	1	1	1	1	1	1	1	1	1	1	1	1	1	1	1	1	1	1	1	1	1	1	1	1	1	1	1	1	1	1	1	1	1	1	1	1	1	1	1	1	1	1	1	1	1	1	1	1	1	1	1	1	1	1	1	1	1	1	1	1	1	1	1	1
107	2	2	2	2	2	2	2	2	2	2	2	1	2	2	2	2	2	2	2	2	2	2	2	2	2	2	2	2	2	2	2	2	2	2	2	2	2	2	2	2	2	2	2	2	2	2	2	2	2	2	2	2	2	2	2	2	2	2	2	2	1	1	2	2	2	2	2	2	2	2	2	2	2	2	2	2	2	2	2	2	2	2	2	2	2	2	2	2	2	0	0	2	0	2	2	2	2	2	2	2	0	0	0	0	0	0	1	1	1	1
108	2	2	2	2	2	2	2	2	2	2	2	0	2	2	2	2	2	2	2	2	2	2	2	2	2	2	2	2	2	2	2	2	2	2	2	2	2	1	2	2	2	2	2	2	2	2	2	2	2	2	2	2	2	2	2	2	2	2	2	2	2	2	1	2	2	2	2	2	2	2	2	2	2	2	2	2	2	2	2	2	2	2	2	2	2	2	2	2	2	0	0	2	0	2	2	2	2	2	2	2	0	0	0	0	0	0	1	1	1	1
109	1	1	1	1	1	1	1	1	1	1	1	0	1	1	1	1	1	1	1	1	1	1	1	1	1	2	1	1	1	1	1	1	1	1	1	1	1	0	1	1	1	1	1	1	1	1	1	1	1	1	1	1	1	1	1	1	1	1	1	1	1	1	1	1	1	1	1	1	1	1	1	1	1	1	1	1	1	1	1	1	1	1	1	1	1	1	1	1	1	1	1	1	1	1	1	1	1	1	1	1	1	1	1	1	1	1	0	0	0	0
110	2	2	2	2	2	2	2	2	2	2	1	0	1	1	2	2	1	1	2	1	2	1	1	1	2	1	2	1	1	2	2	2	2	2	2	2	2	2	2	2	2	2	2	2	2	2	2	2	2	2	1	2	2	1	1	2	2	2	1	2	2	2	2	2	2	1	1	2	2	2	2	1	2	1	1	1	1	1	1	2	1	1	1	2	1	0	1	1	1	1	1	1	1	1	1	1	1	1	1	1	1	1	1	1	1	1	1	1	1	1
111	2	2	2	2	2	2	2	2	2	2	2	0	2	2	2	2	2	2	2	2	2	2	2	2	2	2	2	2	2	2	2	2	2	2	2	2	2	2	2	2	2	2	2	2	2	2	2	2	2	2	2	2	2	2	2	2	2	2	2	2	1	1	2	2	2	2	2	2	2	2	2	2	2	2	2	2	2	2	2	2	2	2	2	2	2	2	2	2	2	0	0	2	0	2	2	2	2	2	2	2	0	0	0	0	0	0	2	2	2	2
112	1	1	1	1	1	1	1	1	1	1	1	1	1	1	1	1	1	1	1	1	1	1	1	1	1	1	1	1	1	1	1	1	1	1	1	1	1	1	1	1	1	1	1	1	1	1	1	1	1	1	1	1	1	1	1	1	1	1	1	1	1	1	1	1	1	1	1	1	1	1	1	1	1	1	1	1	1	1	1	1	1	1	1	1	1	1	1	1	1	1	1	1	1	1	1	1	1	1	1	2	0	1	0	0	1	1	0	0	0	0
113	2	2	2	2	2	2	1	1	2	1	1	0	2	2	1	2	1	2	2	1	2	1	1	1	2	1	2	1	1	2	2	2	2	2	2	2	2	1	1	1	2	2	2	2	2	2	2	2	2	2	1	2	2	1	1	2	2	1	1	2	1	1	2	2	2	1	1	2	2	2	2	2	2	1	1	2	1	1	1	2	2	1	1	2	1	2	2	2	1	0	1	1	1	1	2	2	1	1	1	2	0	1	0	0	1	0	1	1	1	1
114	2	2	2	2	2	2	1	2	2	2	2	0	2	2	2	2	2	2	2	2	2	2	2	2	2	2	2	2	2	2	2	2	2	2	2	2	2	2	2	2	2	2	2	2	2	2	2	2	2	2	2	2	2	2	2	2	2	2	2	2	0	0	2	2	2	2	2	2	2	2	2	2	2	2	2	2	2	2	2	2	2	2	2	2	2	1	2	2	2	0	0	2	0	2	2	2	2	2	2	2	0	0	0	0	0	0	1	2	2	2
115	2	2	2	2	2	2	2	1	1	1	1	0	1	1	1	1	1	1	1	1	1	1	1	1	1	1	1	1	1	1	1	1	1	1	1	1	1	0	1	1	1	1	1	1	1	1	1	1	1	1	1	1	1	1	1	1	1	1	1	1	1	1	1	1	1	1	1	1	1	1	1	1	1	1	1	1	1	1	1	1	1	1	1	1	1	1	1	1	1	1	1	1	1	1	1	1	1	1	1	0	1	1	1	1	2	1	0	0	0	0
117	2	2	2	2	2	2	1	1	1	1	1	0	1	1	1	1	1	1	1	1	1	1	1	1	1	1	1	1	1	1	1	1	1	1	1	1	1	1	1	1	1	1	1	1	1	1	1	1	1	1	1	1	1	1	1	1	1	1	1	1	1	1	1	1	1	1	1	1	1	1	1	1	1	1	1	1	1	1	1	1	1	1	1	1	1	1	1	1	1	1	1	1	1	1	1	1	1	1	1	2	0	1	0	0	0	1	1	1	1	1
118	2	2	2	2	2	2	2	2	2	2	2	2	2	2	2	2	2	2	2	2	2	2	2	2	2	2	2	2	2	2	2	2	2	2	2	2	2	2	2	2	2	2	2	2	2	2	2	2	2	2	2	2	2	2	2	2	2	2	2	2	1	1	2	2	2	2	2	2	2	2	2	2	2	2	2	2	2	2	2	2	2	2	2	2	2	2	2	2	2	0	0	2	0	2	2	2	2	2	2	2	0	0	0	0	0	0	1	1	1	1
119	2	2	2	2	2	2	1	1	1	1	1	0	1	1	1	1	1	1	1	1	1	1	1	1	1	1	1	1	1	1	1	1	1	1	1	1	1	1	1	1	1	1	1	1	1	1	1	1	1	1	1	1	1	1	1	1	1	1	1	1	0	0	1	1	1	1	1	1	1	1	1	1	1	1	1	1	1	1	1	1	1	1	1	1	1	1	1	1	1	1	1	1	1	1	1	1	1	1	1	2	0	1	0	0	0	1	1	1	1	1
120	2	2	2	2	2	2	2	2	2	2	2	1	2	2	2	2	2	2	2	2	2	2	2	2	2	2	2	1	2	2	2	2	2	2	2	2	2	2	2	2	2	2	2	2	2	2	2	2	2	2	2	2	2	2	2	2	2	2	2	2	1	1	1	2	2	2	2	2	2	2	2	2	2	2	2	2	2	2	2	2	2	2	2	2	2	2	2	2	2	0	0	2	0	2	2	2	2	2	2	2	0	0	0	0	0	0	1	1	1	1
121	1	1	1	1	1	1	1	0	0	0	0	0	0	0	0	0	0	0	0	0	0	0	0	0	0	0	0	0	0	0	0	0	0	0	0	0	0	0	0	0	0	0	0	0	0	0	0	0	0	0	0	0	0	0	0	0	0	0	0	0	0	1	0	0	0	0	0	0	0	0	0	0	0	0	0	0	0	0	0	0	0	0	0	0	0	0	0	0	0	2	2	0	2	0	0	0	0	0	0	0	2	2	2	2	1	1	1	1	1	1
122	2	2	2	2	2	2	2	0	0	0	0	0	0	0	0	0	0	0	0	0	0	0	0	0	0	0	0	0	0	0	0	0	0	0	0	0	0	0	0	0	0	0	0	0	0	0	0	0	0	0	0	0	0	0	0	0	1	0	0	0	0	0	0	0	0	0	0	0	0	0	0	0	0	0	0	0	0	0	0	0	0	0	0	0	0	0	0	0	0	2	2	0	2	0	0	0	0	0	0	2	0	2	0	0	2	2	0	0	0	0
123	2	2	2	2	2	2	2	1	1	1	1	1	1	1	1	1	1	1	2	2	2	2	2	2	2	2	2	2	2	2	2	2	2	2	2	2	2	2	2	2	2	2	2	2	2	2	2	2	2	2	2	2	2	2	2	2	2	2	2	2	1	1	2	2	2	2	2	2	2	2	2	2	2	2	2	2	2	2	2	2	2	2	2	2	2	1	2	2	2	0	0	2	0	2	2	2	2	2	2	2	0	0	0	0	0	0	1	1	1	1
124	1	1	0	0	0	0	0	1	1	1	0	0	1	1	1	0	0	1	1	0	1	0	0	0	1	0	1	0	0	0	1	1	1	1	1	0	1	0	0	0	1	1	0	1	1	1	0	1	1	1	0	0	1	1	0	0	0	0	0	1	1	1	0	1	1	0	0	1	0	0	0	1	1	0	0	1	0	0	0	1	1	0	0	1	0	0	0	1	0	1	2	0	2	0	1	1	0	0	0	1	1	2	1	1	2	2	0	0	0	0
125	1	1	1	1	1	1	1	0	0	0	0	0	0	0	0	0	0	0	0	0	0	0	0	0	0	0	0	0	0	0	0	0	0	0	0	0	0	0	0	0	0	0	0	0	0	0	0	0	0	0	0	0	0	0	0	0	0	0	0	0	0	0	0	0	0	0	0	0	0	0	0	0	0	0	0	0	0	0	0	0	0	0	0	0	0	0	0	0	0	2	2	0	2	0	0	0	0	0	0	1	1	2	1	1	2	2	0	0	0	0
126	2	2	2	2	2	2	0	1	1	1	1	1	1	1	1	1	1	1	1	1	1	1	1	1	1	1	1	1	1	1	1	1	1	1	1	1	1	1	1	1	1	1	1	1	1	1	1	1	1	1	1	1	1	1	1	1	1	1	1	1	1	1	1	1	1	1	1	1	1	1	1	1	1	1	1	1	1	1	1	1	1	1	1	1	1	1	1	1	1	1	1	1	1	1	1	1	1	1	1	2	0	1	0	0	1	1	1	1	1	1
127	2	2	2	2	2	2	2	1	1	1	1	0	1	1	1	1	1	1	1	1	1	1	1	1	2	1	1	1	1	1	1	1	1	1	1	1	1	0	1	1	1	1	1	1	1	1	1	1	1	1	1	1	1	1	1	1	1	1	1	1	1	1	1	1	1	1	1	1	1	1	1	1	1	1	1	1	1	1	1	1	1	1	1	1	1	0	1	1	1	1	1	1	1	1	1	1	1	1	1	2	0	1	0	0	1	1	1	1	1	1
128	1	1	1	1	1	1	1	1	1	1	1	0	1	1	1	1	1	1	1	1	1	1	1	1	1	1	1	1	1	1	1	2	1	1	1	1	1	1	1	1	1	1	1	1	1	1	1	1	1	1	1	1	1	1	1	1	1	1	1	1	0	0	1	1	1	1	1	1	1	1	1	1	1	1	1	1	1	1	1	1	1	1	1	1	1	0	1	1	1	1	1	1	1	1	1	1	1	1	1	1	1	1	1	1	1	1	2	2	2	2
129	1	1	1	1	1	1	1	1	1	1	1	0	1	1	1	1	1	1	1	1	1	1	1	1	1	1	1	1	1	1	1	1	1	1	1	1	1	1	1	1	1	1	1	1	1	1	1	1	1	1	1	1	1	1	1	1	1	1	1	1	1	1	1	1	1	1	1	1	1	1	1	1	1	1	1	1	1	1	1	1	1	1	1	1	1	1	1	1	1	1	1	1	1	1	1	1	2	1	1	1	1	1	1	1	1	1	1	1	1	1
130	1	1	1	1	1	1	1	1	1	1	1	0	1	1	1	1	1	1	1	1	1	1	1	1	1	1	1	1	1	1	1	1	1	1	1	1	1	1	1	1	1	1	1	1	1	1	1	1	1	1	1	1	1	1	1	1	1	1	1	1	1	1	1	1	1	1	1	1	1	1	1	1	1	1	1	1	1	1	1	1	1	1	1	1	1	1	1	1	1	1	1	1	1	1	1	1	1	1	1	2	0	1	0	0	1	1	1	1	1	1
131	1	1	1	1	1	1	1	1	1	1	1	0	1	1	2	2	1	1	2	1	2	1	1	1	2	1	2	1	1	2	2	2	2	2	2	2	2	2	2	2	2	2	2	2	2	2	2	2	2	2	1	2	2	1	1	2	2	2	1	2	1	2	2	2	2	1	1	2	2	2	2	1	2	1	1	1	1	1	1	2	1	1	1	2	1	1	1	1	1	1	1	1	1	1	1	1	1	1	1	2	0	1	0	0	1	1	1	1	1	1
132	1	1	1	1	1	1	1	1	1	1	1	0	1	1	1	1	1	1	1	1	1	1	1	1	1	1	1	1	1	1	1	1	1	1	1	1	1	1	1	1	1	1	1	1	1	1	1	1	1	1	1	1	1	1	1	1	1	1	1	1	0	0	1	1	1	1	1	1	1	1	1	1	1	1	1	1	1	1	1	1	1	1	1	1	1	1	1	1	1	1	1	1	1	1	1	1	1	1	1	2	0	1	0	0	2	2	0	0	0	0
133	1	1	1	1	1	1	1	0	1	0	0	0	1	1	0	1	0	1	1	0	1	0	0	0	1	0	1	0	0	1	1	1	1	1	1	1	1	0	0	1	1	1	1	1	1	1	1	1	1	1	0	1	1	0	0	1	1	0	0	1	1	2	1	1	1	0	0	1	1	1	1	1	1	0	0	1	0	0	0	1	1	0	0	1	0	1	1	1	0	1	2	0	2	0	1	1	0	0	0	1	1	2	1	1	2	1	0	0	0	0
134	1	1	1	1	1	1	1	1	1	1	1	0	1	1	1	1	1	1	1	1	1	1	1	1	1	1	1	1	1	1	1	1	1	1	1	1	1	1	1	1	1	1	1	1	1	1	1	1	1	1	1	1	1	1	1	1	1	1	1	1	1	2	1	1	1	1	1	1	1	1	1	1	1	1	1	1	1	1	1	1	1	1	1	1	1	1	1	1	1	1	1	1	1	1	1	1	1	1	1	1	1	1	1	1	1	1	1	1	1	1
135	2	2	2	2	2	2	1	2	2	2	1	0	2	2	2	1	1	2	2	1	2	1	1	1	2	1	2	1	1	1	2	2	2	2	2	1	2	1	1	1	2	2	1	2	2	2	1	2	2	2	1	1	2	2	1	1	1	1	1	2	1	1	1	2	2	1	1	2	1	1	1	2	2	0	0	2	0	0	0	2	2	0	0	2	0	2	2	2	0	0	2	0	2	0	2	2	0	0	0	2	0	2	1	0	1	0	0	0	0	0
136	2	2	2	2	2	2	2	0	1	0	0	0	1	1	0	1	0	1	1	0	1	0	0	0	1	0	1	0	0	1	1	1	1	1	1	1	1	0	0	1	1	1	1	1	1	1	1	1	1	1	0	1	1	0	0	1	1	0	0	1	1	1	1	1	1	0	0	1	1	1	1	1	1	0	0	1	0	0	0	1	1	0	0	1	0	1	1	1	0	1	2	0	2	0	1	1	0	0	0	2	0	2	0	0	2	1	0	0	0	0
137	1	1	1	1	1	1	1	1	1	1	1	0	1	1	1	1	1	1	1	1	1	1	1	1	1	1	1	1	1	1	1	1	1	1	1	1	1	1	1	1	1	1	1	1	1	1	1	1	1	1	1	1	1	1	1	1	1	1	1	1	1	1	1	1	1	1	1	1	1	1	1	1	1	1	1	1	1	1	1	1	1	1	1	1	1	1	1	1	1	1	1	1	1	1	1	1	1	1	1	1	1	1	1	1	1	0	2	2	2	2
138	2	2	2	2	2	2	2	2	2	2	2	0	2	2	2	2	2	2	2	2	2	2	2	2	2	2	2	2	2	2	2	2	2	2	2	2	2	2	2	2	2	2	2	2	2	2	2	2	2	2	2	2	2	2	2	2	2	2	2	2	1	1	2	2	2	2	2	2	2	2	2	2	2	2	2	2	2	2	2	2	2	2	2	2	2	1	2	2	2	0	0	2	0	2	2	2	2	2	2	2	0	0	0	0	0	0	2	2	2	2
139	2	2	2	2	2	2	1	1	1	1	1	1	1	1	1	1	1	1	1	1	1	1	1	1	1	1	1	1	1	1	1	1	1	1	1	1	1	1	1	1	1	1	1	1	1	1	1	1	1	1	1	1	1	1	1	1	1	1	1	1	0	0	1	1	1	1	1	1	1	1	1	1	1	1	1	1	1	1	1	1	1	1	1	1	1	1	1	1	1	1	1	1	1	1	1	1	1	1	1	2	0	1	0	0	1	1	1	1	1	1
140	2	2	2	2	2	2	2	1	1	1	1	0	1	1	1	1	1	1	1	1	1	1	1	1	1	1	1	1	1	1	1	1	1	1	1	1	1	0	1	1	1	1	1	1	1	1	1	1	1	1	1	1	1	1	1	1	1	1	1	1	1	1	1	1	1	1	1	1	1	1	1	1	1	1	1	1	1	1	1	1	1	1	1	1	1	1	1	1	1	1	1	1	1	1	1	1	1	1	1	1	0	1	0	0	2	1	0	0	0	0
141	2	2	2	2	2	2	2	2	2	2	2	0	2	2	2	2	2	2	2	2	2	2	2	2	2	2	2	2	2	2	2	2	2	2	2	2	2	2	2	2	2	2	2	2	2	2	2	2	2	2	2	2	2	2	2	2	2	2	2	2	1	1	2	2	2	2	2	2	2	2	2	2	2	2	2	2	2	2	2	2	2	2	2	2	2	2	2	2	2	0	0	2	0	2	2	2	2	2	2	2	0	0	0	0	0	0	2	2	2	2
142	2	2	2	2	2	2	2	2	2	2	1	0	2	2	2	1	1	2	2	1	2	1	1	1	2	2	2	1	1	1	2	2	2	2	2	1	2	1	1	1	2	2	1	2	2	2	1	2	2	2	1	1	2	2	1	1	1	1	1	2	1	1	1	2	2	1	1	2	1	1	1	2	2	1	1	2	2	1	1	2	2	1	1	2	1	2	2	2	1	0	1	1	1	1	2	2	1	1	1	2	0	1	0	0	1	0	1	1	1	1
143	1	1	1	1	1	1	0	1	1	1	1	0	1	1	2	2	1	1	2	1	2	1	1	1	2	1	2	1	1	2	2	2	2	2	2	2	2	2	2	2	2	2	2	2	2	2	2	2	2	2	1	2	2	1	1	2	2	2	1	2	2	2	2	2	2	1	1	2	2	2	2	1	2	1	1	1	1	1	1	2	1	1	1	2	1	1	1	1	1	1	1	1	0	1	1	1	1	1	1	2	0	1	0	0	1	1	1	1	1	1
144	1	1	1	1	0	0	1	1	1	1	0	0	0	0	1	1	1	1	0	1	0	0	0	0	0	1	1	1	1	1	0	1	1	1	1	1	0	0	0	0	0	0	1	1	1	1	1	1	1	1	0	0	0	0	0	0	0	0	0	0	0	1	0	0	0	0	0	0	0	0	0	0	0	0	0	0	0	0	0	0	0	0	0	0	0	0	0	0	0	2	2	0	2	0	0	0	0	0	0	0	2	2	2	2	2	2	0	0	0	0
145	1	1	1	1	1	1	1	1	1	1	1	0	1	1	1	1	1	1	1	1	1	1	1	1	1	1	1	1	1	1	1	1	1	1	1	1	1	1	1	1	1	1	1	1	1	1	1	1	1	1	1	1	1	1	1	1	1	1	1	1	1	1	1	1	1	1	1	1	1	1	1	1	1	1	1	1	1	1	1	1	1	1	1	1	1	1	1	1	1	1	1	1	1	1	1	1	1	1	1	1	1	1	1	1	1	1	1	1	1	1
146	2	2	2	2	2	2	2	2	2	2	0	0	0	0	2	2	0	0	2	0	2	0	0	0	2	0	2	0	0	2	2	2	2	2	2	2	2	2	2	2	2	2	2	2	2	2	2	2	2	2	0	2	2	0	0	2	2	2	0	2	2	2	2	2	2	0	0	2	2	2	2	0	2	0	0	0	0	0	0	2	0	0	0	2	0	0	0	0	0	2	2	0	2	0	0	0	0	0	0	2	0	2	0	0	2	1	0	0	0	0
147	1	1	1	1	1	1	1	2	2	2	2	1	2	2	2	2	2	2	2	2	2	2	2	2	2	2	2	2	2	2	2	2	2	2	2	2	2	2	2	2	2	2	2	2	2	2	2	2	2	2	2	2	2	2	2	2	2	2	2	2	1	1	2	2	2	2	2	2	2	2	2	2	2	2	2	2	2	2	2	2	2	2	2	2	2	2	2	2	2	0	0	2	0	2	2	2	2	2	2	2	0	0	0	0	0	0	1	1	1	1
148	0	0	0	0	0	0	0	0	0	0	0	0	0	0	0	0	0	0	0	0	0	0	0	0	0	0	0	0	0	0	0	0	0	0	0	0	0	0	0	0	0	0	0	0	0	0	0	0	0	0	0	0	0	0	0	0	0	0	0	0	0	0	0	0	0	0	0	0	0	0	0	0	0	0	0	0	0	0	0	0	0	0	0	0	0	0	0	0	0	2	2	0	2	0	0	0	0	0	0	0	2	2	2	2	2	2	0	0	0	0
149	2	2	2	2	2	2	2	1	2	1	1	1	2	1	1	2	1	2	2	2	2	1	1	1	2	1	2	1	1	1	2	2	2	2	2	1	2	1	1	1	2	2	1	2	2	2	1	2	2	2	1	1	2	1	1	2	1	1	1	2	1	1	1	2	2	1	1	2	1	1	2	2	2	1	1	2	1	1	1	2	2	1	1	2	1	2	2	2	1	0	1	1	1	1	2	2	1	1	1	2	0	1	1	0	1	0	1	1	1	1
150	2	2	2	2	2	2	2	1	1	1	0	0	1	1	1	0	0	1	1	0	1	0	0	0	1	0	1	0	0	0	1	1	1	1	1	0	1	0	0	0	1	1	0	1	1	1	0	1	1	1	0	0	1	1	0	0	0	0	0	1	1	1	0	1	1	0	0	1	0	0	0	1	1	0	0	1	0	0	0	1	1	0	0	1	0	1	0	1	0	1	2	0	2	0	1	1	0	0	0	2	0	2	0	0	2	1	0	0	0	0
151	2	2	2	2	2	2	2	2	2	2	2	0	2	2	1	1	1	1	1	1	1	1	1	1	1	1	1	1	1	1	1	1	1	1	1	1	1	1	1	1	1	1	1	1	1	1	1	1	1	1	1	1	1	1	1	1	1	1	1	1	1	1	1	1	1	1	1	1	1	1	1	1	1	1	1	1	1	1	1	1	1	1	1	1	1	1	1	1	1	2	1	1	1	1	1	1	1	1	1	2	0	1	0	0	1	1	1	1	1	1
152	1	1	1	1	1	1	0	1	1	1	1	0	1	1	1	1	1	1	1	1	1	1	1	1	1	1	1	1	1	1	1	1	1	1	1	1	1	1	1	1	1	1	1	1	1	1	1	1	1	1	1	1	1	1	1	1	1	1	1	1	1	1	1	1	1	1	1	1	1	1	1	1	1	1	1	1	1	1	1	1	1	1	1	1	1	1	1	1	1	1	1	1	1	1	1	1	1	1	1	2	0	1	0	0	1	1	1	1	1	1
153	2	2	1	1	1	1	1	1	1	1	1	1	1	1	1	1	1	1	1	1	1	1	1	1	1	1	1	1	1	1	1	1	1	1	1	1	1	0	1	1	1	1	1	1	1	1	1	1	1	1	1	1	1	1	1	1	1	1	1	1	1	1	1	1	1	1	1	1	1	1	1	1	1	1	1	1	1	1	1	1	1	1	1	1	1	1	1	1	1	1	1	1	1	1	1	1	1	1	1	2	0	1	0	0	1	1	0	0	0	0
154	2	2	2	2	2	2	2	2	2	2	1	1	1	1	2	2	1	1	2	1	2	1	1	1	2	1	2	1	1	2	2	2	2	2	2	2	2	2	2	2	2	2	2	2	2	2	2	2	2	2	1	2	2	1	1	2	2	2	1	2	2	2	2	2	2	1	1	2	2	2	2	1	2	1	1	1	1	1	1	2	1	1	1	2	1	1	1	1	1	1	1	1	1	1	1	1	1	1	1	2	0	1	0	0	1	1	0	0	0	0
155	2	2	2	2	2	2	2	2	2	2	2	1	2	2	2	2	2	2	2	2	2	2	2	2	2	2	2	1	2	2	2	2	2	2	2	2	2	2	2	2	2	2	2	2	2	2	2	2	2	2	2	2	2	2	2	2	2	2	2	2	1	1	2	2	2	2	2	2	2	2	2	2	2	2	2	2	2	2	2	2	2	2	2	2	2	2	2	2	2	0	0	2	0	2	2	2	2	2	2	2	0	0	0	0	0	0	1	1	1	1
156	2	2	2	1	1	1	0	1	1	1	0	0	0	0	1	1	0	0	1	0	1	0	0	0	1	0	1	0	0	1	1	1	1	1	1	1	1	1	1	1	1	1	1	1	1	1	1	1	1	1	0	1	1	0	0	1	1	1	0	1	1	1	1	1	1	0	0	1	1	1	1	0	1	0	0	0	0	0	0	1	0	0	0	1	0	0	0	0	0	2	2	0	2	0	0	0	0	0	0	1	1	2	1	1	2	1	0	0	0	0
157	2	2	2	2	2	2	2	2	2	2	1	0	2	2	2	1	1	2	2	1	2	1	1	1	2	1	2	1	1	1	2	2	2	2	2	1	2	0	1	1	2	2	1	2	2	2	1	2	2	2	1	1	2	2	1	1	1	1	1	2	1	1	1	2	2	1	1	2	1	1	2	2	2	1	1	2	1	1	1	2	2	1	1	2	1	2	2	2	1	0	1	1	1	1	1	2	1	1	1	2	0	1	0	0	1	0	1	1	1	1
158	1	1	1	1	1	1	1	1	1	1	1	0	1	1	1	1	1	1	1	1	1	1	1	1	1	1	1	1	1	1	1	1	1	1	1	1	1	1	1	1	1	1	1	1	1	1	1	1	1	1	1	1	1	1	1	1	1	1	1	1	1	1	1	1	1	1	1	1	1	1	1	1	1	1	1	1	1	1	1	1	1	1	1	1	1	1	1	1	1	1	1	1	1	1	1	1	1	1	1	1	1	1	1	1	1	1	1	1	1	1
159	2	2	2	2	2	2	2	2	2	2	2	0	2	2	2	2	2	2	2	2	2	2	2	2	2	2	2	2	2	2	2	2	2	2	2	2	2	2	2	2	2	2	2	2	2	2	2	2	2	2	2	2	2	2	2	2	2	2	2	2	1	1	2	2	2	2	2	2	2	2	2	2	2	2	2	2	2	2	2	2	2	2	2	2	2	2	1	2	2	0	0	2	0	2	2	2	2	2	2	1	0	0	0	0	0	0	2	2	2	2
160	1	1	1	1	1	1	1	1	1	1	1	0	1	1	1	1	1	1	1	1	1	1	1	1	1	1	1	1	1	1	1	1	1	1	1	1	1	1	1	1	1	1	1	1	1	1	1	1	1	1	1	1	1	1	1	1	1	1	1	1	1	1	1	1	1	1	1	1	1	1	1	1	1	1	1	1	1	1	1	1	1	1	1	1	1	1	1	1	1	1	1	1	1	1	1	1	1	1	1	2	0	1	0	0	1	1	1	1	1	1
161	1	1	1	1	1	1	0	1	1	1	0	0	1	1	2	1	0	1	2	0	2	0	0	0	2	0	2	0	0	1	2	2	2	2	2	1	2	1	1	1	2	2	1	2	2	2	1	2	2	2	0	1	2	1	0	1	1	1	0	2	2	2	1	2	2	0	0	2	1	1	1	1	2	0	0	1	0	0	0	2	1	0	0	2	0	1	0	1	0	1	2	0	2	0	1	1	0	0	0	2	0	2	0	0	2	1	0	0	0	0
162	2	2	2	2	2	2	2	1	1	1	1	0	1	1	1	1	1	1	1	1	1	1	1	1	1	1	1	1	1	1	1	1	1	1	1	1	1	1	1	1	1	1	1	1	1	1	1	1	1	1	1	1	1	1	1	1	1	1	1	1	1	1	1	1	1	1	1	1	1	1	1	1	1	1	1	1	1	1	1	1	1	1	1	1	1	1	1	1	1	1	1	1	1	1	1	1	1	1	1	2	0	1	0	0	1	1	1	1	1	1
163	2	2	2	2	2	2	2	2	2	2	2	2	2	2	2	2	2	2	2	2	2	2	2	2	2	2	2	2	2	2	2	2	2	2	2	2	2	2	2	2	2	2	2	2	2	2	2	2	2	2	2	2	2	2	2	2	2	2	2	2	1	1	2	2	2	2	2	2	2	2	2	2	2	2	2	2	2	2	2	2	2	2	2	2	2	2	2	2	2	0	0	2	0	2	2	2	2	2	2	2	0	0	0	0	0	0	1	1	1	1
164	2	2	2	2	2	2	2	2	2	2	2	0	2	2	2	2	2	2	2	2	2	2	2	2	2	2	2	2	2	2	2	2	2	2	2	2	2	2	2	2	2	2	2	2	2	2	2	2	2	2	2	2	2	2	2	2	2	2	2	2	2	2	2	2	2	2	2	2	2	2	2	2	2	2	2	2	2	2	2	2	2	2	2	2	2	2	2	2	2	0	0	2	0	2	2	2	2	2	2	2	0	0	0	0	1	1	0	0	0	0
165	1	1	1	1	1	1	1	1	1	1	1	0	1	1	1	1	1	1	1	1	1	1	1	1	1	1	1	1	1	1	1	1	1	1	1	1	1	1	1	1	1	1	1	1	1	1	1	1	1	1	1	1	1	1	1	1	1	1	1	1	1	1	1	1	1	1	1	1	1	1	1	1	1	1	1	1	1	1	1	1	1	1	1	1	1	1	1	1	1	1	1	1	1	2	2	2	2	2	2	2	0	0	0	0	0	0	1	1	1	1
166	2	2	2	2	2	2	2	0	1	0	0	0	1	1	0	1	0	1	1	0	1	0	0	0	1	0	1	0	0	1	1	1	1	1	1	1	1	0	0	1	1	1	1	1	1	1	1	1	1	1	0	1	1	0	0	1	1	0	0	1	0	0	1	1	1	0	0	1	1	1	1	1	1	0	0	1	0	0	0	1	1	0	0	1	0	1	1	1	0	1	2	0	2	0	1	1	0	0	0	1	1	2	1	1	2	1	0	0	0	0
167	1	1	1	1	1	1	1	1	1	1	1	0	1	1	1	1	1	1	1	1	1	1	1	1	1	1	1	1	1	1	1	1	1	1	1	1	1	1	1	1	1	1	1	1	1	1	1	1	1	1	1	1	1	1	1	1	1	1	1	1	1	1	1	1	1	1	1	1	1	1	1	1	1	1	1	1	1	1	1	1	1	1	1	1	1	0	1	1	1	1	1	1	1	1	1	1	1	1	1	2	0	1	0	0	1	1	1	1	1	1
168	1	1	1	1	1	1	1	1	1	1	1	0	1	1	1	0	0	0	0	0	0	0	0	0	0	0	0	0	0	0	0	0	0	0	0	0	0	0	0	0	0	0	0	0	0	0	0	0	0	0	0	0	0	0	0	0	0	0	0	0	0	0	0	0	0	0	0	0	0	0	0	0	0	0	0	0	0	0	0	0	0	0	0	0	0	0	0	0	0	2	2	0	2	0	0	0	0	0	0	0	2	2	2	2	2	2	0	0	0	0
169	2	2	2	2	2	2	2	2	2	2	2	0	2	2	2	2	2	2	2	2	2	2	2	2	2	2	2	2	2	2	2	2	2	2	2	2	2	2	2	2	2	2	2	2	2	2	2	2	2	2	2	2	2	2	2	2	2	2	2	2	2	2	2	2	2	2	2	2	2	2	2	2	2	2	2	2	2	2	2	2	2	2	2	2	2	2	2	2	2	0	0	2	0	1	2	2	1	1	1	2	0	1	0	0	1	0	1	1	1	1
170	2	2	2	2	2	2	2	2	2	2	2	1	2	2	2	2	2	2	2	2	2	2	2	2	2	2	2	2	2	2	2	2	2	2	2	2	2	2	2	2	2	2	2	2	2	2	2	2	2	2	2	2	2	2	2	2	2	2	2	2	1	1	2	2	2	2	2	2	2	2	2	2	2	2	2	2	2	2	2	2	2	2	2	2	2	2	2	2	2	0	0	2	0	1	2	2	1	1	1	2	0	1	0	0	1	0	1	1	1	1
171	1	1	1	1	1	1	1	1	1	1	1	1	1	1	1	1	1	1	1	1	1	1	1	1	1	1	1	1	1	1	1	1	1	1	1	1	1	1	1	1	1	1	1	1	1	1	1	1	1	1	1	1	1	1	1	1	1	1	1	1	1	1	1	1	1	1	1	1	1	1	1	1	1	1	1	1	1	1	1	1	1	1	1	1	1	1	1	1	1	1	1	1	1	1	1	1	1	1	1	1	1	1	1	1	0	0	0	0	0	0
172	2	2	2	2	2	2	2	2	2	2	2	0	2	2	2	2	2	2	2	2	2	2	2	2	2	2	2	2	2	2	2	2	2	2	2	2	2	2	2	2	2	2	2	2	2	2	2	2	2	2	2	2	2	2	2	2	2	2	2	2	1	1	2	2	2	2	2	2	2	2	2	2	2	2	2	2	2	2	2	2	2	2	2	2	2	2	2	2	2	0	0	2	0	2	2	2	2	2	2	2	0	0	0	0	0	0	1	1	1	1
173	2	2	2	2	2	2	2	2	2	2	1	0	2	2	2	1	1	2	2	1	2	1	1	1	2	1	2	1	1	1	2	2	2	2	2	1	2	1	1	1	2	2	1	2	2	2	1	2	2	2	1	1	2	2	1	1	1	1	1	2	1	1	1	2	2	1	1	2	1	1	1	2	2	1	1	2	2	1	1	2	2	1	1	2	1	2	2	2	1	0	1	1	1	1	2	2	1	1	1	2	0	1	0	0	1	0	1	1	1	1
174	2	2	2	2	2	2	2	1	1	1	1	0	1	1	1	1	1	1	1	1	1	1	1	1	1	1	1	1	1	1	1	1	1	1	1	1	1	0	1	1	1	1	1	1	1	1	1	1	1	1	1	1	1	1	1	1	1	1	1	1	1	1	1	1	1	1	1	1	1	1	1	1	1	1	1	1	1	1	1	1	1	1	1	1	1	1	1	1	1	1	1	1	1	1	1	1	1	1	1	2	0	1	0	0	1	1	1	1	1	1
175	2	2	2	2	2	2	2	2	2	2	2	1	2	2	2	2	2	2	2	2	2	2	2	2	2	2	2	2	2	2	2	2	2	2	2	2	2	2	2	2	2	2	2	2	2	2	2	2	2	2	2	2	2	2	2	2	2	2	2	2	1	1	2	2	2	2	2	2	2	2	2	2	2	2	2	2	2	2	2	2	2	2	2	2	2	2	2	2	2	0	0	2	0	2	2	2	2	2	2	2	0	0	0	0	0	0	1	1	1	1
176	1	1	1	1	1	1	1	0	1	0	0	0	1	1	0	1	0	1	1	0	1	0	0	0	1	0	1	0	0	1	1	1	1	1	1	1	1	0	0	1	1	1	1	1	1	1	1	1	1	1	0	1	1	0	0	1	1	0	0	1	0	0	1	1	1	0	0	1	1	1	1	1	1	0	0	1	0	0	0	1	1	0	0	1	0	0	1	1	0	1	2	0	2	0	1	1	0	0	0	1	1	2	1	1	2	1	0	0	0	0
177	0	0	0	0	0	0	0	0	0	0	0	0	0	0	0	0	0	0	0	0	0	0	0	0	0	0	0	0	0	0	0	0	0	0	0	0	0	0	0	0	0	0	0	0	0	0	0	0	0	0	0	0	0	0	0	0	0	0	0	0	1	0	0	0	0	0	0	0	0	0	0	0	0	0	0	0	0	0	0	0	0	0	0	0	0	0	0	0	0	2	2	0	2	0	0	0	1	0	0	1	0	2	0	0	2	2	0	0	0	0
178	1	1	1	1	1	1	1	1	2	1	0	0	2	2	1	1	0	2	2	0	2	0	0	0	2	0	2	0	0	1	2	2	2	2	2	1	2	0	0	1	2	2	1	2	2	2	1	2	2	2	0	1	2	1	0	1	1	0	0	2	1	2	1	2	2	0	0	2	1	1	1	2	2	0	0	2	0	0	0	2	2	0	0	2	0	2	2	2	0	0	2	0	2	0	2	2	0	0	0	2	0	2	0	0	1	0	0	0	0	0
179	2	2	1	1	1	1	1	1	1	1	0	0	1	1	1	0	0	1	1	0	1	0	0	0	1	0	1	0	0	0	1	1	1	1	1	0	1	0	0	0	1	1	0	1	1	1	0	1	1	1	0	0	1	1	0	0	0	0	0	1	1	1	0	1	1	0	0	1	0	0	0	1	1	0	0	1	0	0	0	1	1	0	0	1	0	1	1	1	0	1	2	0	2	0	1	1	0	0	0	1	1	2	1	1	2	1	0	0	0	0
180	2	2	2	2	2	2	2	2	2	2	2	0	2	2	2	2	2	2	2	2	2	2	2	2	2	2	2	2	2	2	2	2	2	2	2	2	2	2	2	2	2	2	2	2	2	2	2	2	2	2	2	2	2	2	2	2	2	2	2	2	2	2	2	2	2	2	2	2	2	2	2	2	2	2	2	2	2	2	2	2	2	2	2	2	2	1	2	2	2	0	0	2	0	2	2	2	2	2	2	2	0	0	0	0	0	0	2	2	2	2
181	2	2	2	2	2	2	2	1	2	1	1	0	2	2	1	2	1	2	2	1	2	1	1	1	2	1	2	1	1	2	2	2	2	2	2	2	2	1	1	2	2	2	2	2	2	2	2	2	2	2	1	2	2	1	1	2	2	1	1	2	1	1	2	2	2	1	1	2	2	2	2	2	2	1	1	2	1	1	1	2	2	1	1	2	1	1	2	2	1	0	1	1	1	1	2	2	1	1	1	2	0	1	0	0	1	0	1	1	1	1
182	1	1	1	1	1	1	1	1	1	1	0	0	1	1	1	0	0	1	1	0	1	0	0	0	1	0	1	0	0	0	1	1	1	1	1	0	1	0	0	0	1	1	0	1	1	1	0	1	1	1	0	0	1	1	0	0	0	0	0	1	1	1	0	1	1	0	0	1	0	0	0	1	1	0	0	1	0	0	0	1	1	0	0	1	0	1	0	1	0	1	2	0	2	0	1	1	0	0	0	1	1	2	1	1	2	1	0	0	0	0
183	2	2	2	2	2	2	2	2	2	2	2	0	2	2	2	2	2	2	2	2	2	2	2	2	2	2	2	2	2	2	2	2	2	2	2	2	2	2	2	2	2	2	2	2	2	2	2	2	2	2	2	2	2	2	2	2	2	2	2	2	1	1	2	2	2	2	2	2	2	2	2	2	2	2	2	2	2	2	2	2	2	2	2	2	2	2	2	2	2	0	0	2	0	2	2	2	2	2	2	2	0	0	0	0	0	0	2	2	2	2
184	2	2	2	2	2	2	2	2	2	2	2	1	2	2	2	2	2	2	2	2	2	2	2	2	2	1	2	2	2	2	2	2	2	2	2	2	2	1	2	2	2	2	2	2	2	2	2	2	2	2	2	2	2	2	2	2	2	2	2	2	2	2	2	2	2	2	2	2	2	2	2	2	2	2	2	2	2	2	2	2	2	2	2	2	2	2	2	2	2	0	0	2	0	2	2	2	2	2	2	2	0	0	0	0	0	0	2	2	2	2
185	1	1	0	0	0	0	0	0	0	0	0	0	0	0	0	0	0	0	0	0	0	0	0	0	0	0	0	0	0	0	0	0	0	0	0	0	0	0	0	0	0	0	0	0	0	0	0	0	0	0	0	0	0	0	0	0	0	0	0	0	0	0	0	0	0	0	0	0	0	0	0	0	0	0	0	0	0	0	0	0	0	0	0	0	0	0	0	0	0	2	2	0	2	0	0	0	0	0	0	1	1	2	1	1	2	2	0	0	0	0
186	1	1	1	1	1	1	1	1	2	2	1	0	2	2	1	2	1	2	2	2	2	2	2	1	2	2	2	1	1	2	2	2	2	2	2	2	2	2	2	2	2	2	2	2	2	2	2	2	2	2	1	2	2	1	1	2	2	2	1	2	2	1	2	2	2	1	1	2	2	2	2	2	2	1	1	2	1	1	1	2	2	1	1	2	1	2	2	2	1	0	1	1	1	1	1	2	1	1	1	2	0	1	1	1	1	0	1	1	1	1
187	2	2	2	2	2	2	2	0	2	0	0	0	2	2	0	2	0	2	2	0	2	0	0	0	2	0	2	0	0	2	2	2	2	2	2	2	2	0	0	2	2	2	2	2	2	2	2	2	2	2	0	2	2	0	0	2	2	0	0	2	1	1	2	2	2	0	0	2	2	2	2	2	2	0	0	2	0	0	0	2	2	0	0	2	0	1	2	2	0	0	2	0	2	0	2	2	0	0	0	2	0	2	0	0	2	0	0	0	0	0
188	1	1	1	1	1	1	1	2	2	2	1	0	2	2	2	1	1	2	2	1	2	1	1	1	2	1	2	1	1	1	2	2	2	2	2	1	2	1	1	1	2	2	1	2	2	2	1	2	2	2	1	1	2	2	1	1	1	1	1	2	2	2	1	2	2	1	1	2	1	1	1	2	2	1	1	2	2	1	1	2	2	1	1	2	1	2	2	2	1	0	1	1	1	1	2	2	1	1	1	2	0	1	0	0	1	0	1	1	1	1
189	1	1	1	1	1	1	2	2	2	2	2	1	2	2	2	2	2	2	2	2	2	2	2	2	2	2	2	2	2	2	2	2	2	2	2	2	2	2	2	2	2	2	2	2	2	2	2	2	2	2	2	2	2	2	2	2	2	2	2	2	2	2	2	2	2	2	2	2	2	2	2	2	2	2	2	2	2	2	2	2	2	2	2	2	2	2	2	2	2	0	0	2	0	2	2	2	2	2	2	2	0	0	0	0	0	0	2	2	2	2
190	1	1	1	1	1	1	1	1	1	1	1	0	1	1	1	1	1	1	1	1	1	1	1	1	1	1	1	1	1	1	1	1	1	1	1	1	1	1	1	1	1	1	1	1	1	1	1	1	1	1	1	1	1	1	1	1	1	1	1	1	1	1	1	1	1	1	1	1	1	1	1	1	1	1	1	1	1	1	1	1	1	1	1	1	1	1	1	1	1	1	1	1	1	1	1	1	1	1	1	1	1	1	1	1	1	1	0	0	0	0
191	2	2	2	2	2	2	2	2	2	2	1	0	1	1	2	2	1	1	2	1	2	1	1	1	2	1	2	1	1	2	2	2	2	2	2	2	2	1	1	2	2	2	2	2	2	2	2	2	2	2	1	2	2	1	1	2	2	2	1	2	0	1	2	2	2	1	1	2	2	2	2	1	2	1	1	1	1	1	1	2	1	1	1	2	1	1	1	1	1	1	1	1	1	1	1	2	1	1	1	2	0	1	0	0	1	1	1	1	1	1
192	0	0	0	0	0	0	0	0	0	0	0	0	0	0	0	0	0	0	0	0	0	0	0	0	0	0	0	0	0	0	0	0	0	0	0	0	0	0	0	0	0	0	0	0	0	0	0	0	0	0	0	0	0	0	0	0	0	0	0	0	0	0	0	0	0	0	0	0	0	0	0	0	0	0	0	0	0	0	0	0	0	0	0	0	0	0	0	0	0	2	2	0	2	0	0	0	0	0	0	0	2	2	2	2	2	2	0	0	0	0
193	1	1	1	1	1	1	1	1	1	1	0	0	1	1	1	0	0	1	1	0	1	0	0	0	1	0	1	0	0	0	1	1	1	1	1	0	1	0	0	0	1	1	0	1	1	1	0	1	1	1	0	0	1	1	0	0	0	0	0	1	0	0	0	1	1	0	0	1	0	0	0	1	1	0	0	1	0	0	0	1	1	0	0	1	0	1	1	1	0	1	2	0	2	0	1	1	0	0	0	1	1	2	1	1	1	1	0	0	0	0
194	1	1	1	1	1	1	1	1	1	1	1	1	1	1	1	1	1	1	1	1	1	1	1	1	1	1	1	1	1	1	1	1	1	1	1	1	1	0	1	1	1	1	1	1	1	1	1	1	1	1	1	1	1	1	1	1	1	1	1	1	1	1	1	1	1	1	1	1	1	1	1	1	1	1	1	1	1	1	1	1	1	1	1	1	1	1	1	1	1	2	1	1	1	1	1	1	1	1	1	1	1	1	1	1	1	1	0	1	1	1
195	1	1	1	1	1	1	1	1	1	1	1	0	1	1	1	1	1	1	1	1	1	1	1	1	1	1	1	1	1	1	1	1	1	1	1	1	1	1	1	1	1	1	1	1	1	1	1	1	1	1	1	1	1	1	1	1	1	1	1	1	1	1	1	1	1	1	1	1	1	1	1	1	1	1	1	1	1	1	1	1	1	1	1	1	1	1	1	1	1	1	1	1	1	1	1	1	1	1	1	1	1	1	1	1	1	1	1	1	1	1
196	2	2	2	2	2	2	2	1	1	1	1	0	1	1	1	1	1	1	1	1	1	1	1	1	1	1	1	1	1	1	1	1	1	1	1	1	1	1	1	1	1	1	1	1	1	1	1	1	1	1	1	1	1	1	1	1	1	1	1	1	0	0	1	1	1	1	1	1	1	1	1	1	1	1	1	1	1	1	1	1	1	1	1	1	1	1	1	1	1	1	1	1	1	1	1	1	1	1	1	2	0	1	0	0	1	1	1	1	1	1
197	1	1	1	1	1	1	1	1	1	1	1	0	1	1	1	1	1	1	1	1	1	1	1	1	1	1	1	1	1	1	1	1	1	1	1	1	1	1	1	1	1	1	1	1	1	1	1	1	1	1	1	1	1	1	1	1	1	1	1	1	1	1	1	1	1	1	1	1	1	1	1	1	1	1	1	1	1	1	1	1	1	1	1	1	1	0	1	1	1	1	1	1	1	1	1	1	1	1	1	2	0	1	0	0	1	1	1	1	1	1
198	2	2	2	2	1	1	1	0	1	0	0	0	1	1	0	1	0	1	1	0	1	0	0	0	1	0	1	0	0	1	1	1	1	1	1	1	1	0	0	1	1	1	1	1	1	1	1	1	1	1	0	1	1	0	0	1	1	0	0	1	1	0	1	1	1	0	0	1	1	1	1	1	1	0	0	1	0	0	0	1	1	0	0	1	0	1	1	1	0	1	2	0	2	0	1	1	0	0	0	1	1	2	1	1	2	1	0	0	0	0
199	2	2	2	2	2	2	1	2	2	2	2	0	2	2	2	2	2	2	2	2	2	2	2	2	2	2	2	2	2	2	2	2	2	2	2	2	2	2	2	2	2	2	2	2	2	2	2	2	2	2	2	2	2	2	2	2	2	2	2	2	1	1	2	2	2	2	2	2	2	2	2	2	2	2	2	2	2	2	2	2	2	2	2	2	2	2	2	2	2	0	0	2	0	2	2	2	2	2	2	2	0	0	0	0	0	0	1	1	2	2
200	2	2	2	2	2	2	1	1	1	1	1	1	1	1	1	1	1	1	1	1	1	1	1	1	1	1	1	1	1	1	1	1	1	1	1	1	1	1	1	1	1	1	1	1	1	1	1	1	1	1	1	1	1	1	1	1	1	1	1	1	1	1	1	1	1	1	1	1	1	1	1	1	1	1	1	1	1	1	1	1	1	1	1	1	1	1	1	1	1	1	1	1	1	1	1	1	1	1	1	1	1	1	1	1	1	1	1	1	1	1
201	1	1	1	1	1	1	1	1	1	1	1	0	1	1	1	1	1	1	1	1	1	1	1	1	1	1	1	1	1	1	1	1	1	1	1	1	1	1	1	1	1	1	1	1	1	1	1	1	1	1	1	1	1	1	1	1	1	1	1	1	1	1	1	1	1	1	1	1	1	1	1	1	1	1	1	1	1	1	1	1	1	1	1	1	1	1	1	1	1	1	1	1	1	1	1	1	1	1	1	1	1	1	1	1	1	1	1	1	1	1
202	1	1	1	1	1	1	1	1	1	1	0	0	1	1	1	0	0	1	1	0	1	0	0	0	1	0	1	0	0	0	1	2	1	1	1	0	1	0	0	0	1	1	0	1	1	1	0	1	1	1	0	0	1	1	0	0	0	0	0	1	0	0	0	1	1	0	0	1	0	0	1	1	1	0	0	1	0	0	0	1	1	0	0	1	0	1	1	1	0	1	2	0	2	0	1	1	0	0	0	1	1	2	1	1	2	1	1	1	1	1
203	1	1	1	1	1	1	1	1	1	1	0	0	0	0	1	1	0	0	1	0	1	0	0	0	1	0	1	0	0	1	1	1	1	1	1	1	1	1	1	1	1	1	1	1	1	1	1	1	1	1	0	1	1	0	0	1	1	1	0	1	1	1	1	1	1	0	0	1	1	1	1	0	1	0	0	0	0	0	0	1	0	0	0	1	0	0	0	0	0	2	2	0	2	0	0	0	0	0	0	1	1	2	1	1	2	2	0	0	0	0
204	2	2	2	2	2	2	2	1	1	1	1	0	1	1	1	1	1	1	1	1	1	1	1	1	1	1	1	1	1	1	1	1	1	1	1	1	1	1	1	1	1	1	1	1	1	1	1	1	1	1	1	1	1	1	1	1	1	1	1	1	1	1	1	1	1	1	1	1	1	1	1	1	1	1	1	1	1	1	1	1	1	1	1	1	1	1	1	1	1	1	1	1	1	1	1	1	1	1	1	2	0	1	0	0	1	1	1	1	1	1
205	2	2	2	2	1	1	2	2	2	2	1	0	1	1	2	2	2	2	1	2	1	1	1	1	1	2	2	2	2	2	1	2	2	2	2	2	1	1	1	1	1	1	2	2	2	1	2	2	2	2	1	1	1	1	1	1	1	1	1	1	1	1	1	1	1	1	1	1	1	1	1	1	1	1	1	1	1	1	1	1	1	1	1	1	1	1	1	1	1	1	1	1	1	1	1	1	1	1	1	1	1	1	1	1	1	1	1	1	1	1
206	2	2	2	2	2	2	2	1	1	1	1	1	1	1	1	1	1	1	1	1	1	1	1	1	1	1	1	0	1	1	1	1	1	1	1	1	1	0	1	1	1	1	1	1	1	1	1	1	1	1	1	1	1	1	1	1	1	1	1	1	1	1	1	1	1	1	1	1	1	1	1	1	1	1	1	1	1	1	1	1	1	1	1	1	1	1	1	1	1	1	1	1	1	1	1	1	1	1	1	1	1	1	1	1	0	0	1	1	1	1
207	2	2	2	2	2	2	2	2	2	2	2	1	2	2	2	2	2	2	2	2	2	2	2	2	2	2	2	2	2	2	2	2	2	2	2	2	2	2	2	2	2	2	2	2	2	2	2	2	2	2	2	2	2	2	2	2	2	2	2	2	2	2	2	2	2	2	2	2	2	2	2	2	2	2	2	2	2	2	2	2	2	2	2	2	2	2	2	2	2	0	0	2	0	2	2	2	2	2	2	2	0	0	0	0	0	0	1	1	1	1
208	2	2	2	2	2	2	2	2	2	2	2	0	2	2	2	2	2	2	2	2	2	2	2	2	2	2	2	2	2	2	2	2	2	2	2	2	2	2	2	2	2	2	2	2	2	2	2	2	2	2	2	2	2	2	2	2	2	2	2	2	1	2	2	2	2	2	2	2	2	2	2	2	2	2	2	2	2	2	2	2	2	2	2	2	2	1	2	2	2	0	0	2	0	2	2	2	2	2	2	2	0	0	0	0	0	0	1	1	1	1
209	2	2	2	2	2	2	1	1	1	1	1	0	1	1	1	1	1	1	1	1	1	1	1	1	1	1	1	1	1	1	1	1	1	1	1	1	1	1	1	1	1	1	1	1	1	1	1	1	1	1	1	1	1	1	1	1	1	1	1	1	1	1	1	1	1	1	1	1	1	1	1	1	1	1	1	1	1	1	1	1	1	1	1	1	1	0	1	1	1	1	1	1	1	1	1	1	1	1	1	2	0	1	0	0	1	1	1	1	1	1
210	2	2	1	1	1	1	0	1	1	1	1	1	1	1	1	1	1	1	1	1	1	1	1	1	1	1	1	1	1	1	1	1	1	1	1	1	1	1	1	1	1	1	1	1	1	1	1	1	1	1	1	1	1	1	1	1	1	1	1	1	1	1	1	1	1	1	1	1	1	1	1	1	1	1	1	1	1	1	1	1	1	1	1	1	1	1	1	1	1	1	1	1	1	1	1	1	1	1	1	2	0	1	0	0	1	1	1	1	1	1
211	1	1	1	1	1	1	1	1	1	1	1	0	1	1	1	1	1	1	1	1	1	1	1	1	1	1	1	1	1	1	1	1	1	1	1	1	1	1	1	1	1	1	1	1	1	1	1	1	1	1	1	1	1	1	1	1	1	1	1	1	1	0	1	1	1	1	1	1	1	1	1	1	1	1	1	1	1	1	1	1	1	1	1	1	1	1	1	1	1	1	1	1	1	1	1	1	1	1	1	1	1	1	1	1	1	1	1	1	1	1
212	2	2	1	1	1	1	1	1	1	1	1	1	1	1	1	1	1	1	1	1	1	1	1	1	1	1	1	1	1	1	1	1	1	1	1	1	1	1	1	1	1	1	1	1	1	1	1	1	1	1	1	1	1	1	1	1	1	1	1	1	1	1	1	1	1	1	1	1	1	1	1	1	1	1	1	1	1	1	1	1	1	1	1	1	1	1	1	1	1	1	1	1	1	1	1	1	1	1	1	1	1	1	1	1	1	1	0	0	0	0
213	0	0	0	0	0	0	0	0	0	0	0	0	0	0	0	0	0	0	0	0	0	0	0	0	0	0	0	0	0	0	0	0	0	0	0	0	0	0	0	0	0	0	0	0	0	0	0	0	0	0	0	0	0	0	0	0	0	0	0	0	0	0	0	0	0	0	0	0	0	0	0	0	0	0	0	0	0	0	0	0	0	0	0	0	0	0	0	0	0	2	2	0	2	0	0	0	0	0	0	0	2	2	2	2	2	2	0	0	0	0
214	1	1	1	1	1	1	1	1	2	1	1	0	2	2	1	2	1	2	2	1	2	1	1	1	2	1	2	1	1	2	2	2	2	2	2	2	2	1	1	2	2	2	2	2	2	2	2	2	2	2	1	2	2	1	1	2	2	1	1	2	2	2	2	2	2	1	1	2	2	2	2	2	2	1	1	2	1	1	1	2	2	1	1	2	1	2	2	2	1	0	1	1	1	1	2	2	1	1	1	2	0	1	0	0	1	0	1	1	1	1
215	1	1	1	1	1	1	1	1	1	1	1	0	1	1	1	1	1	1	1	1	1	1	1	1	1	1	1	1	1	1	1	1	1	1	1	1	1	1	1	1	1	1	1	1	1	1	1	1	1	1	1	1	1	1	1	1	1	1	1	1	0	0	1	1	1	1	1	1	1	1	1	1	1	1	1	1	1	1	1	1	1	1	1	1	1	1	1	1	1	1	1	1	1	1	1	1	1	1	1	1	1	1	1	1	0	0	2	2	2	2
216	2	2	1	1	1	1	1	0	1	0	0	0	1	1	0	1	0	1	1	0	1	0	0	0	1	0	1	0	0	1	1	1	1	1	1	1	1	0	0	1	1	1	1	1	1	1	1	1	1	1	0	1	1	0	0	1	1	0	0	1	0	1	1	1	1	0	0	1	1	1	1	1	1	0	0	1	0	0	0	1	1	0	0	1	0	1	1	1	0	1	2	0	2	1	2	2	1	1	1	2	0	1	0	0	1	1	0	0	0	0
217	2	2	2	2	2	2	2	1	1	1	1	0	1	1	1	1	1	1	1	1	1	1	1	1	1	1	1	1	1	1	1	1	1	1	1	1	1	1	1	1	1	1	1	1	1	1	1	1	1	1	1	1	1	1	1	1	1	1	1	1	1	1	1	1	1	1	1	1	1	1	1	1	1	1	1	1	1	1	1	1	1	1	1	1	1	1	1	1	1	1	1	1	0	1	1	1	1	1	1	1	1	1	1	1	1	1	1	1	1	1
218	1	1	1	1	1	1	1	0	0	0	0	0	0	0	0	0	0	0	0	0	0	0	0	0	0	0	0	0	0	0	0	0	0	0	0	0	0	0	0	0	0	0	0	0	0	0	0	0	0	0	0	0	0	0	0	0	0	0	0	0	1	1	0	0	0	0	0	0	0	0	0	0	0	0	0	0	0	0	0	0	0	0	0	0	0	0	0	0	0	2	2	0	2	0	0	0	0	0	0	2	0	2	0	0	2	2	0	0	0	0
219	1	1	1	1	1	1	1	1	1	1	1	1	1	1	1	1	1	1	1	1	1	1	1	1	1	1	1	1	1	1	1	1	1	1	1	1	1	1	1	1	1	1	1	1	1	1	1	1	1	1	1	1	1	1	1	1	1	1	1	1	1	1	1	1	1	1	1	1	1	1	1	1	1	1	1	1	1	1	1	1	1	1	1	1	1	1	1	1	1	1	1	1	1	1	1	1	1	1	1	2	0	1	0	0	1	1	1	1	1	1
220	2	2	2	2	2	2	2	2	2	2	1	0	2	2	2	1	1	2	2	1	2	1	1	1	2	1	2	1	1	1	2	2	2	2	2	1	2	1	1	1	2	2	1	2	2	2	1	2	2	2	1	1	2	2	1	1	1	1	1	2	1	2	1	2	2	1	1	2	1	1	1	2	2	1	1	2	2	1	1	2	2	1	1	2	1	2	2	2	1	0	1	1	1	1	2	2	1	1	1	2	0	1	0	0	1	0	1	1	1	1
222	2	2	1	1	1	1	1	1	1	1	1	0	1	1	1	1	1	1	1	1	1	1	1	1	1	1	1	1	1	1	1	1	1	1	1	1	1	1	1	1	1	1	1	1	1	1	1	1	1	1	1	1	1	1	1	1	1	1	1	1	1	1	1	1	1	1	1	1	1	1	1	1	1	1	1	1	1	1	1	1	1	1	1	1	1	1	1	1	1	1	1	1	1	1	1	1	1	1	1	1	1	1	1	1	1	1	1	1	1	1
223	2	2	2	2	2	2	2	1	1	1	1	0	1	1	1	1	1	1	1	1	1	1	1	1	1	1	1	1	1	1	1	1	1	1	1	1	1	1	1	1	1	1	1	1	1	1	1	1	1	1	1	1	1	1	1	1	1	1	1	1	1	1	1	1	1	1	1	1	1	1	1	0	1	1	1	1	1	1	1	1	1	1	1	1	1	1	1	1	1	1	1	1	1	1	1	1	1	1	1	2	0	1	0	0	1	1	1	1	1	1
224	0	0	0	0	0	0	0	0	0	0	0	0	0	0	0	0	0	0	0	0	0	0	0	0	0	0	0	0	0	0	0	0	0	0	0	0	0	0	0	0	0	0	0	0	0	0	0	0	0	0	0	0	0	0	0	0	0	0	0	0	0	1	0	0	0	0	0	0	0	0	0	0	0	0	0	0	0	0	0	0	0	0	0	0	0	0	0	0	0	2	2	0	2	1	1	1	1	1	1	1	0	1	0	0	1	1	1	1	1	1
225	1	1	1	1	1	1	1	1	1	1	1	0	1	1	1	1	1	1	1	1	1	1	1	1	1	1	1	1	1	1	1	1	1	1	1	1	1	0	1	1	1	1	1	1	1	1	1	1	1	1	1	1	1	1	1	1	1	1	1	1	1	1	1	1	1	1	1	1	1	1	1	1	1	1	1	1	1	1	1	1	1	1	1	1	1	1	1	1	1	1	1	1	1	1	1	1	1	1	1	1	1	1	1	1	1	1	1	1	1	0
226	1	1	1	1	1	1	0	1	1	1	1	1	1	1	1	1	1	1	1	1	1	1	1	1	1	1	1	1	1	1	1	1	1	1	1	1	1	1	1	1	1	1	1	1	1	1	1	1	1	1	1	1	1	1	1	1	1	1	1	1	1	1	1	1	1	1	1	1	1	1	1	1	1	1	1	1	1	1	1	1	1	1	1	1	1	1	1	1	1	1	1	1	1	1	1	1	1	1	1	2	0	1	0	0	0	0	2	2	2	2
227	1	1	1	1	1	1	1	1	1	1	0	0	1	1	1	0	0	1	1	0	1	0	0	0	1	0	1	0	0	1	1	1	1	1	1	0	1	0	0	0	1	1	0	1	1	1	0	1	1	1	0	0	1	1	0	0	0	0	0	1	1	1	0	1	1	0	0	1	0	0	0	1	1	0	0	1	0	0	0	1	1	0	0	1	0	1	1	1	0	1	2	0	2	0	1	1	0	0	0	1	1	2	1	1	2	1	0	0	0	0
228	1	1	1	1	1	1	0	1	1	1	1	0	1	1	1	1	1	1	1	1	1	1	1	1	1	1	1	1	1	1	1	1	1	1	1	1	1	1	1	1	1	1	1	1	1	1	1	1	1	1	1	1	1	1	1	1	1	1	1	1	1	1	1	1	1	1	1	1	1	1	1	1	1	1	1	1	1	1	1	1	1	1	1	1	1	1	1	1	1	1	1	1	1	1	1	1	1	1	1	2	0	1	0	0	1	1	0	0	0	0
229	1	1	1	1	1	1	0	1	1	1	1	0	1	1	1	1	1	1	1	1	1	1	1	1	1	1	1	1	1	1	1	1	1	1	1	1	1	1	1	1	1	1	1	1	1	1	1	1	1	1	1	1	1	1	1	1	1	1	1	1	1	1	1	1	1	1	1	1	1	1	1	1	1	1	1	1	1	1	1	1	1	1	1	1	1	1	1	1	1	1	1	1	1	1	1	1	1	1	1	1	1	1	1	1	1	1	0	1	1	1
230	2	2	2	2	2	2	1	2	2	2	2	0	2	2	2	2	2	2	2	2	2	2	2	2	2	2	2	2	2	2	2	2	2	2	2	2	2	2	2	2	2	2	2	2	2	2	2	2	2	2	2	2	2	2	2	2	2	2	2	2	1	1	2	2	2	2	2	2	2	2	2	2	2	2	2	2	2	2	2	2	2	2	2	2	2	2	2	2	2	0	0	2	0	2	2	2	2	2	2	2	0	0	0	0	0	0	1	1	1	1
231	0	0	0	0	0	0	0	0	0	0	0	0	0	0	0	0	0	0	0	0	0	0	0	0	0	0	0	0	0	0	0	0	0	0	0	0	0	0	0	0	0	0	0	0	0	0	0	0	0	0	0	0	0	0	0	0	0	0	0	0	0	0	0	0	0	0	0	0	0	0	0	0	0	0	0	0	0	0	0	0	0	0	0	0	0	0	0	0	0	2	2	0	2	0	0	0	0	0	0	0	2	2	2	2	2	2	0	0	0	0
232	2	2	2	2	2	2	2	2	2	2	2	0	2	2	2	2	2	2	2	2	2	2	2	2	2	2	2	2	2	2	2	2	2	2	2	2	2	2	2	2	2	2	2	2	2	2	2	2	2	2	2	2	2	2	2	2	2	2	2	2	1	1	2	2	2	2	2	2	2	2	2	2	2	2	2	2	2	2	2	2	2	2	2	2	2	2	2	2	2	0	0	2	0	2	2	2	2	2	2	2	0	0	0	0	0	0	1	1	1	1
233	1	1	1	0	0	0	0	0	0	0	0	0	0	0	0	0	0	0	0	0	0	0	0	0	0	0	0	0	0	0	0	0	0	0	0	0	0	0	0	0	0	0	0	0	0	0	0	0	0	0	0	0	0	0	0	0	0	0	0	0	0	0	0	0	0	0	0	0	0	0	0	0	0	0	0	0	0	0	0	0	0	0	0	0	0	0	0	0	0	2	2	0	2	0	0	0	0	0	0	1	1	2	1	1	2	2	0	0	0	0
234	2	2	2	1	1	1	0	1	1	1	1	1	1	1	1	1	1	1	1	1	1	1	1	1	1	1	1	1	1	1	1	1	1	1	1	1	1	1	1	1	1	1	1	1	1	1	1	1	1	1	1	1	1	1	1	1	1	1	1	1	1	1	1	1	1	1	1	1	1	1	1	1	1	1	1	1	1	1	1	1	1	1	1	1	1	1	1	1	1	1	1	1	1	1	1	1	1	1	1	1	1	1	1	1	1	1	1	1	1	1
235	2	2	2	2	2	2	2	2	2	2	2	1	2	2	2	2	2	2	2	2	2	2	2	2	2	2	2	2	2	2	2	2	2	2	2	2	2	2	2	2	2	2	2	2	2	2	2	2	2	2	2	2	2	2	2	2	2	2	2	2	1	1	2	2	2	2	2	2	2	2	2	2	2	2	2	2	2	2	2	2	2	2	2	2	2	1	2	2	2	0	0	2	0	2	2	2	2	2	2	2	0	0	0	0	0	0	1	1	1	0
236	1	1	1	1	1	1	1	1	1	1	0	0	1	1	0	1	0	1	1	1	1	1	1	0	1	1	1	0	0	1	1	1	1	1	1	1	1	1	1	1	1	1	1	1	1	1	1	1	1	1	0	1	1	0	0	1	1	1	0	1	1	1	1	1	1	0	0	1	1	1	1	1	1	0	0	1	0	0	0	1	1	0	0	1	0	1	1	1	0	1	2	0	2	0	0	1	0	0	0	1	1	2	2	2	2	1	0	0	0	0
237	1	1	1	1	1	1	1	1	1	1	0	0	1	1	1	0	0	1	1	0	1	0	0	0	1	0	1	0	0	0	1	1	1	1	1	0	1	0	0	0	1	1	0	1	1	1	0	1	1	1	0	0	1	1	0	0	0	0	0	1	1	1	0	1	1	0	0	1	0	0	0	1	1	0	0	1	0	0	0	1	1	0	0	1	0	1	1	1	0	1	2	0	2	0	1	1	0	0	0	2	0	2	0	0	2	1	0	0	0	0
238	2	2	2	2	2	2	2	1	2	1	1	1	2	2	1	2	1	2	2	1	2	1	1	1	2	1	2	1	1	2	2	2	2	2	2	2	2	1	1	2	2	2	2	2	2	2	2	2	2	2	1	2	2	1	1	2	2	1	1	2	1	1	2	2	2	1	1	2	2	2	2	2	2	1	1	2	1	1	1	2	2	1	1	2	1	1	2	2	1	0	1	1	1	1	2	2	1	1	1	2	0	1	0	0	1	0	1	1	1	1
239	1	1	1	1	1	1	1	1	1	1	1	0	1	1	1	1	1	1	1	1	1	1	1	1	1	1	1	1	1	1	1	1	1	1	1	1	1	1	1	1	1	1	1	1	1	1	1	1	1	1	1	1	1	1	1	1	1	1	1	1	1	1	1	1	1	1	1	1	1	1	1	1	1	1	1	1	1	1	1	1	1	1	1	1	1	0	1	1	1	1	1	1	1	1	1	1	1	1	1	1	1	1	1	1	1	1	1	1	1	1
240	2	2	2	1	1	1	1	1	1	1	1	0	1	1	1	1	1	1	1	1	1	1	1	1	1	1	1	1	1	1	1	1	1	1	1	1	1	1	1	1	1	1	1	1	1	1	1	1	1	1	1	1	1	1	1	1	1	1	1	1	1	1	1	1	1	1	1	1	1	1	1	1	1	1	1	1	1	1	1	1	1	1	1	1	1	1	1	1	1	1	1	1	1	1	1	1	1	1	1	1	1	1	1	1	1	1	0	0	0	0
241	2	2	2	2	2	2	2	2	2	2	1	0	2	2	2	1	1	2	2	1	2	1	1	1	2	1	2	1	1	1	2	2	2	2	2	1	2	1	1	1	2	2	1	2	2	2	1	2	2	2	1	1	2	2	1	1	1	1	1	2	0	1	1	2	2	1	1	2	1	1	1	2	2	1	1	2	2	1	1	2	2	1	1	2	1	2	1	2	1	0	1	1	1	1	2	2	1	1	1	2	0	1	0	0	1	0	1	1	1	1
242	2	2	2	2	2	2	2	1	1	1	1	1	1	1	2	2	1	1	2	1	2	1	1	1	2	1	2	1	1	2	2	2	2	2	2	2	2	2	2	2	2	2	2	2	2	2	2	2	2	2	1	2	2	1	1	2	2	2	1	2	1	1	2	2	2	1	1	2	2	2	2	1	2	1	1	1	1	1	1	2	1	1	1	2	1	1	1	1	1	1	1	1	1	1	1	1	1	1	1	2	0	1	0	0	1	1	1	1	1	1
243	1	1	1	1	1	1	0	2	2	2	0	0	2	2	2	0	0	2	2	0	2	0	0	0	2	0	2	0	0	0	2	2	2	2	2	0	2	0	0	0	2	2	0	2	2	2	0	2	2	2	0	0	2	2	0	0	0	0	0	2	0	1	0	2	2	0	0	2	0	0	0	2	2	0	0	2	1	0	0	2	2	0	0	2	0	2	1	2	0	0	2	0	2	0	2	2	0	0	0	2	0	2	0	0	2	0	0	0	0	0
244	2	2	2	2	2	2	1	1	1	1	1	0	1	1	1	1	1	1	1	1	1	1	1	1	1	1	1	1	1	1	1	1	1	1	1	1	1	1	1	1	1	1	1	1	1	1	1	1	1	1	1	1	1	1	1	1	1	1	1	1	1	1	1	1	1	1	1	1	1	1	1	1	1	1	1	1	1	1	1	1	1	1	1	1	1	1	1	1	1	1	1	1	1	1	1	1	1	1	1	2	0	1	0	0	1	1	1	1	1	1
245	2	2	1	1	1	1	0	1	1	1	1	0	1	1	1	1	1	1	1	1	1	1	1	1	1	1	1	1	1	1	1	1	1	1	1	1	1	1	1	1	1	1	1	1	1	1	1	1	1	1	1	1	1	1	1	1	1	1	1	1	0	1	1	1	1	1	1	1	1	1	1	1	1	1	1	1	1	1	1	1	1	1	1	1	1	1	1	1	1	1	1	1	1	1	1	1	1	1	1	2	0	1	0	0	1	1	1	1	1	1
246	1	1	1	1	1	1	1	1	1	1	1	0	1	1	1	1	1	1	1	1	1	1	1	1	1	1	1	1	1	1	1	1	1	1	1	1	1	1	1	1	1	1	1	1	1	1	1	1	1	1	1	1	1	1	1	1	1	1	1	1	1	1	1	1	1	1	1	1	1	1	1	1	1	1	1	1	1	1	1	1	1	1	1	1	1	1	1	1	1	1	1	1	1	1	1	1	1	1	1	1	1	1	1	1	1	1	0	0	0	0
247	0	0	0	0	0	0	0	0	0	0	0	0	0	0	0	0	0	0	0	0	0	0	0	0	0	0	0	0	0	0	0	0	0	0	0	0	0	0	0	0	0	0	0	0	0	0	0	0	0	0	0	0	0	0	0	0	0	0	0	0	0	0	0	0	0	0	0	0	0	0	0	1	1	1	1	1	1	1	1	1	1	1	1	1	1	1	1	1	1	1	1	1	1	1	1	1	1	1	1	2	0	1	0	0	1	1	1	1	1	1
248	2	2	2	2	2	2	2	2	2	2	1	0	2	2	2	1	1	2	2	1	2	1	1	1	2	1	2	1	1	1	2	2	2	2	2	1	2	1	1	1	2	2	1	2	2	2	1	2	2	2	1	1	2	2	1	1	1	1	1	2	1	1	1	2	2	1	1	2	1	1	1	2	2	1	1	2	2	1	1	2	2	1	1	2	1	1	1	2	1	0	1	1	1	1	2	2	1	1	1	2	0	1	0	0	1	0	1	1	1	1
249	2	2	2	2	2	2	1	2	2	2	2	0	2	2	2	2	2	2	2	2	2	2	2	2	2	2	2	2	2	2	2	2	2	2	2	2	2	2	2	2	2	2	2	2	2	2	2	2	2	2	2	2	2	2	2	2	2	2	2	2	1	1	2	2	2	2	2	2	2	2	2	2	2	2	2	2	2	2	2	2	2	2	2	2	2	2	2	2	2	0	0	2	0	2	2	2	2	2	2	2	0	0	0	0	0	0	2	2	2	2
250	1	1	1	0	0	0	0	0	0	0	0	0	0	0	0	0	0	0	0	0	0	0	0	0	0	0	0	0	0	0	0	0	0	0	0	0	0	0	0	0	0	0	0	0	0	0	0	0	0	0	0	0	0	0	0	0	0	0	0	0	0	1	0	0	0	0	0	0	0	0	0	0	0	0	0	0	0	0	0	0	0	0	0	0	0	0	0	0	0	2	2	0	2	0	0	0	0	0	0	0	2	2	2	2	2	1	1	1	1	1
251	2	2	2	2	2	2	2	2	2	2	2	1	2	2	2	2	2	2	2	2	2	2	2	2	2	1	2	2	2	2	2	2	2	2	2	2	2	1	2	2	2	2	2	2	2	2	2	2	2	2	2	2	2	2	2	2	2	2	2	2	1	1	2	2	2	2	2	2	2	2	2	2	2	2	2	2	2	2	2	2	2	2	2	2	2	2	2	2	2	0	0	2	0	2	2	2	2	2	2	2	0	0	0	0	1	0	2	2	2	2
252	1	1	1	1	1	1	1	1	1	1	1	0	1	1	1	1	1	1	1	1	1	1	1	1	1	1	1	1	1	1	1	1	1	1	1	1	1	1	1	1	1	1	1	1	1	1	1	1	1	1	1	1	1	1	1	1	1	1	1	1	1	1	1	1	1	1	1	1	1	1	1	1	1	1	1	1	1	1	1	1	1	1	1	1	1	1	1	1	1	1	1	1	1	1	1	1	1	1	1	1	1	1	1	1	1	1	1	1	1	1
253	2	2	1	1	1	1	1	1	1	1	1	0	1	1	1	1	1	1	1	1	1	1	1	1	1	1	1	1	1	1	1	1	1	1	1	1	1	1	1	1	1	1	1	1	1	1	1	1	1	1	1	1	1	1	1	1	1	1	1	1	1	1	1	1	1	1	1	1	1	1	1	1	1	1	1	1	1	1	1	1	1	1	1	1	1	1	1	1	1	1	1	1	1	1	1	1	1	1	1	2	0	1	0	0	1	1	1	1	1	1
254	2	2	2	2	2	2	2	2	2	2	1	0	2	2	1	2	1	2	2	2	2	2	2	1	2	2	2	1	1	2	2	2	2	2	2	2	2	1	1	2	2	2	2	2	2	2	2	2	2	2	1	2	2	1	1	2	2	2	1	2	1	1	2	2	2	1	1	2	2	2	2	2	2	1	1	2	1	1	1	2	2	1	1	2	1	2	2	2	1	0	1	1	1	1	1	2	1	1	1	2	0	1	1	1	0	0	1	1	1	1
255	2	2	2	2	2	2	2	2	2	2	1	1	2	2	2	1	1	2	2	1	2	1	1	1	2	1	2	1	1	1	2	2	2	2	2	1	2	1	1	1	2	2	1	2	2	2	1	2	2	2	1	1	2	2	1	1	1	1	1	2	2	2	1	2	2	1	1	2	1	1	1	2	2	1	1	2	2	1	1	2	2	1	1	2	1	2	2	2	1	0	1	1	1	1	2	2	1	1	1	2	0	1	0	0	1	0	0	0	0	0
256	1	1	1	1	1	1	1	1	1	1	1	0	1	1	1	1	1	1	1	1	1	1	1	1	1	1	1	1	1	1	1	1	1	1	1	1	1	1	1	1	1	1	1	1	1	1	1	1	1	1	1	1	1	1	1	1	1	1	1	1	1	1	1	1	1	1	1	1	1	1	1	1	1	1	1	1	1	1	1	1	1	1	1	1	1	1	1	1	1	1	1	1	0	1	1	1	1	1	1	2	0	1	0	0	1	1	1	1	1	1
257	1	1	1	1	1	1	1	1	1	1	1	0	1	1	1	1	1	1	1	1	1	1	1	1	1	1	1	1	1	1	1	1	1	1	1	1	1	1	1	1	1	1	1	1	1	1	1	1	1	1	1	1	1	1	1	1	1	1	1	1	1	1	1	1	1	1	1	1	1	1	1	1	1	1	1	1	1	1	1	1	1	1	1	1	1	1	1	1	1	1	1	1	1	1	1	1	1	1	1	1	1	1	1	1	0	1	1	1	1	1
258	1	1	1	1	1	1	1	1	1	1	1	1	1	1	1	1	1	1	1	1	1	1	1	1	1	1	1	1	1	1	1	1	1	1	1	1	1	1	1	1	1	1	1	1	1	1	1	1	1	1	1	1	1	1	1	1	1	1	1	1	1	1	1	2	2	2	1	2	2	2	2	2	2	2	2	2	2	2	2	2	2	2	2	2	2	1	2	2	2	0	0	2	0	2	2	2	2	2	2	2	0	0	0	0	0	0	1	1	1	1
259	1	1	1	1	1	1	1	1	1	1	1	0	1	1	2	2	1	1	2	1	2	1	1	1	2	1	2	1	1	2	2	2	2	2	2	2	2	2	2	2	2	2	2	2	2	2	2	2	2	2	1	2	2	1	1	2	2	2	1	2	1	1	2	2	2	1	1	2	2	2	2	1	2	1	1	1	1	1	1	2	1	1	1	2	1	0	1	1	1	1	1	1	0	1	1	1	1	1	1	2	0	1	0	0	1	1	1	1	1	1
260	1	1	1	1	1	1	1	1	1	1	1	0	1	1	1	1	1	1	1	1	1	1	1	1	1	1	1	1	1	1	1	1	1	1	1	1	1	1	1	1	1	1	1	1	1	1	1	1	1	1	1	1	1	1	1	1	1	1	1	1	0	0	1	1	1	1	1	1	1	1	1	1	1	1	1	1	1	1	1	1	1	1	1	1	1	1	1	1	1	1	1	1	1	1	1	1	1	1	1	1	1	1	1	1	1	1	1	1	1	1
261	2	2	2	2	2	2	1	1	1	1	1	0	1	1	1	1	1	1	1	1	1	1	1	1	1	1	1	1	1	1	1	1	1	1	1	1	1	1	1	1	1	1	1	1	1	1	1	1	1	1	1	1	1	1	1	1	1	1	1	1	1	1	1	1	1	1	1	1	1	1	1	1	1	1	1	1	1	1	1	1	1	1	1	1	1	1	1	1	1	1	1	1	1	1	1	1	1	1	1	1	1	1	1	1	1	1	0	0	0	0
262	0	0	0	0	0	0	0	0	0	0	0	0	0	0	0	0	0	0	0	0	0	0	0	0	0	2	0	0	0	0	0	0	0	0	0	0	0	0	0	0	0	0	0	0	0	0	0	0	0	0	0	0	0	0	0	0	0	0	0	0	0	0	0	0	0	0	0	0	0	0	0	2	2	2	2	2	2	2	2	2	2	2	2	2	2	2	2	2	2	0	0	2	0	2	2	2	2	2	2	2	0	0	0	0	0	0	2	2	2	2
263	1	1	1	1	1	1	1	2	2	2	1	0	1	1	2	2	1	1	2	1	2	1	1	1	2	1	2	1	1	2	2	2	2	2	2	2	2	1	2	2	2	2	2	2	2	2	2	2	2	2	1	2	2	1	1	2	2	2	1	2	1	1	2	2	2	1	1	2	2	2	2	1	2	1	1	1	1	1	1	2	1	1	1	2	1	1	1	1	1	1	1	1	1	1	1	1	1	1	1	2	0	1	0	0	1	1	1	1	1	1
264	2	2	2	2	2	2	2	2	2	2	2	0	2	2	2	2	2	2	2	2	2	2	2	2	2	2	2	2	2	2	2	2	2	2	2	2	2	2	2	2	2	2	2	2	2	2	2	2	2	2	2	2	2	2	2	2	2	2	2	2	1	1	2	2	2	2	2	2	2	2	2	2	2	2	2	2	2	2	2	2	2	2	2	2	2	2	2	2	2	0	0	2	0	2	2	2	2	2	2	2	0	0	0	0	0	0	2	2	2	2
265	2	2	2	2	2	2	2	1	2	1	0	0	2	2	1	1	0	2	2	0	2	0	0	0	2	0	2	0	0	1	2	2	2	2	2	1	2	0	0	1	2	2	1	2	2	2	1	2	2	2	0	1	2	1	0	1	1	0	0	2	1	1	1	2	2	0	0	2	1	1	1	2	2	0	0	2	0	0	0	2	2	0	0	2	0	2	2	2	0	0	2	0	2	0	2	2	0	0	0	2	0	2	0	0	2	0	1	1	1	1
266	1	1	1	1	1	1	1	2	2	2	1	1	2	2	2	1	1	2	2	1	2	1	1	1	2	1	2	1	1	1	2	2	2	2	2	1	2	1	1	1	2	2	1	2	2	2	1	2	2	2	1	1	2	2	1	1	1	1	1	2	1	1	1	2	2	1	1	2	1	1	1	2	2	1	1	2	2	1	1	2	2	1	1	2	1	2	2	2	1	0	1	1	1	1	2	2	1	1	1	2	0	1	0	0	1	0	1	1	1	1
267	2	2	2	2	2	2	1	2	2	2	2	1	2	2	2	2	2	2	2	2	2	2	2	2	2	2	2	2	2	2	2	2	2	2	2	2	2	2	2	2	2	2	2	2	2	2	2	2	2	2	2	2	2	2	2	2	2	2	2	2	1	1	2	2	2	2	2	2	2	2	2	2	2	2	2	2	2	2	2	2	2	2	2	2	2	1	2	2	2	0	0	2	1	2	2	2	2	2	2	2	0	0	0	0	0	0	2	2	2	2
268	2	2	2	2	2	2	2	1	1	1	1	0	1	1	1	1	1	1	1	1	1	1	1	1	1	1	1	1	1	1	1	1	1	1	1	1	1	1	1	1	1	1	1	1	1	1	1	1	1	1	1	1	1	1	1	1	1	1	1	1	1	1	1	1	1	1	1	1	1	1	1	1	1	1	1	1	1	1	1	1	1	1	1	1	1	1	1	1	1	1	1	1	1	1	0	1	1	1	1	2	0	1	0	0	1	1	1	1	1	1
269	2	2	2	2	2	2	2	2	2	2	1	0	1	1	2	2	1	1	2	1	2	1	1	1	2	1	2	1	1	2	2	2	2	2	2	2	2	2	2	2	2	2	2	2	2	2	2	2	2	2	1	2	2	1	1	2	2	2	1	2	1	1	2	2	2	1	1	2	2	2	2	1	2	1	1	1	1	1	1	2	1	1	1	2	1	2	1	1	1	1	1	1	1	1	1	1	1	1	1	1	1	1	1	1	1	1	1	1	1	1
270	2	2	0	0	0	0	0	1	1	1	1	0	1	1	1	1	1	1	1	1	1	1	1	1	1	1	1	1	1	1	1	1	1	1	1	1	1	1	1	1	1	1	1	1	1	1	1	1	1	1	1	1	1	1	1	1	1	1	1	1	1	1	1	1	1	1	1	1	1	1	1	1	1	1	1	1	1	1	1	1	1	1	1	1	1	1	1	1	1	1	1	1	1	1	1	1	1	1	1	2	0	1	0	0	2	2	0	0	0	0
271	2	2	2	2	2	2	2	1	1	1	0	0	1	1	1	0	0	1	1	0	1	0	0	0	1	0	1	0	0	0	1	1	1	1	1	0	1	0	0	0	1	1	0	1	1	1	0	1	1	1	0	0	1	1	0	0	0	0	0	1	1	1	0	1	1	0	0	1	0	0	0	1	1	0	0	1	0	0	0	1	1	0	0	1	0	1	1	1	0	1	2	0	2	0	1	1	0	0	0	2	0	2	0	0	2	1	0	0	0	0
272	1	1	1	2	2	2	2	1	1	1	1	0	1	1	1	1	1	1	1	1	1	1	1	1	1	1	1	1	1	1	1	1	1	1	1	1	1	1	1	1	1	1	1	1	1	1	1	1	1	1	1	1	1	1	1	1	1	1	1	1	1	1	1	1	1	1	1	1	1	1	1	1	1	1	1	1	1	1	1	1	1	1	1	1	1	1	1	1	1	1	1	1	1	1	0	1	1	1	1	2	0	1	0	0	1	1	1	1	1	1
273	2	2	2	2	2	2	2	2	2	2	2	2	2	2	2	2	2	2	2	2	2	2	2	2	2	2	2	2	2	2	2	2	2	2	2	2	2	2	2	2	2	2	2	2	2	2	2	2	2	2	2	2	2	2	2	2	2	2	2	2	2	2	2	2	2	2	2	2	2	2	2	2	2	2	2	2	2	2	2	2	2	2	2	2	2	2	2	2	2	0	0	2	0	2	2	2	2	2	2	2	0	0	0	0	0	0	1	1	1	1
274	1	1	1	1	1	1	1	0	1	0	0	0	1	1	0	1	0	1	1	0	1	0	0	0	1	0	1	0	0	1	1	1	1	1	1	1	1	0	0	1	1	1	1	1	1	1	1	1	1	1	0	1	1	0	0	1	1	0	0	1	1	1	1	1	1	0	0	1	1	1	1	1	1	0	0	1	0	0	0	1	1	0	0	1	0	1	1	1	0	1	2	0	2	0	1	1	0	0	0	2	0	2	0	0	2	1	0	0	0	0
275	2	2	1	1	1	1	1	1	1	1	1	0	1	1	1	1	1	1	1	1	1	1	1	1	1	1	1	1	1	1	1	1	1	1	1	1	1	1	1	1	1	1	1	1	1	1	1	1	1	1	1	1	1	1	1	1	1	1	1	1	2	1	1	1	1	1	1	1	1	1	1	1	1	1	1	1	1	1	1	1	1	1	1	1	1	1	1	1	1	1	1	1	1	1	1	1	1	1	1	2	0	1	0	0	1	1	1	1	1	1
276	1	1	1	1	1	1	1	1	1	1	1	0	1	1	1	1	1	1	1	1	1	1	1	1	1	1	1	1	1	1	1	1	1	1	1	1	1	1	1	1	1	1	1	1	1	1	1	1	1	1	1	1	1	1	1	1	1	1	1	1	1	1	1	1	1	1	1	1	1	1	1	1	1	1	1	1	1	1	1	1	1	1	1	1	1	1	1	1	1	1	1	1	1	1	1	1	1	1	1	2	0	1	0	0	1	1	1	1	1	1
277	2	2	2	2	2	2	2	2	2	2	2	0	2	2	2	2	2	2	2	2	2	2	2	2	2	2	2	2	2	2	2	2	2	2	2	2	2	2	2	2	2	2	2	2	2	2	2	2	2	2	2	2	2	2	2	2	2	2	2	2	1	1	2	2	2	2	2	2	2	2	2	2	2	2	2	2	2	2	2	2	2	2	2	2	2	1	2	2	2	0	0	2	0	2	2	2	2	2	2	2	0	0	0	0	0	0	1	2	2	2
278	1	1	1	1	1	1	1	1	1	1	1	0	1	1	1	1	1	1	1	1	1	1	1	1	1	1	1	1	1	1	1	1	1	1	1	1	1	0	1	1	1	1	1	1	1	1	1	1	1	1	1	1	1	1	1	1	1	1	1	1	1	1	1	1	1	1	1	1	1	1	1	1	1	1	1	1	1	1	1	1	1	1	1	1	1	1	1	1	1	1	1	1	1	1	1	1	1	1	1	2	0	1	0	0	0	0	2	1	2	2
279	1	1	1	1	1	1	1	1	1	1	1	0	1	1	1	1	1	1	1	1	1	1	1	1	1	1	1	1	1	1	1	1	1	1	1	1	1	1	1	1	1	1	1	1	1	1	1	1	1	1	1	1	1	1	1	1	1	1	1	1	1	1	1	1	1	1	1	1	1	1	1	2	2	2	2	2	2	2	2	2	2	2	2	2	2	2	2	2	2	1	0	2	0	2	2	2	2	2	2	1	0	0	0	0	0	0	2	2	2	2
280	2	2	2	2	2	2	2	1	1	1	1	0	1	1	1	1	1	1	1	1	1	1	1	1	1	1	1	1	1	1	1	1	1	1	1	1	1	1	1	1	1	1	1	1	1	1	1	1	1	1	1	1	1	1	1	1	1	1	1	1	1	1	1	1	1	1	1	1	1	1	1	1	1	1	1	1	1	1	1	1	1	1	1	1	1	1	1	1	1	1	1	1	1	1	1	1	1	1	1	2	0	1	0	0	1	1	0	0	0	0
281	2	2	2	2	2	2	2	2	2	2	2	0	2	2	2	2	2	2	2	2	2	2	2	2	2	2	2	2	2	2	2	2	2	2	2	2	2	2	2	2	2	2	2	2	2	2	2	2	2	2	2	2	2	2	2	2	2	2	2	2	1	1	2	2	2	2	2	2	2	2	2	2	2	2	2	2	2	2	2	2	2	2	2	2	2	2	2	2	2	0	0	2	0	2	2	2	2	2	2	2	0	0	0	0	0	0	2	2	2	2
282	2	2	2	2	2	2	2	1	1	1	0	0	1	1	1	0	0	1	1	0	1	0	0	0	1	0	1	0	0	0	1	1	1	1	1	0	1	0	0	0	1	1	0	1	1	1	0	1	1	1	0	0	1	1	0	0	0	0	0	1	1	1	0	1	1	0	0	1	0	0	0	1	1	0	0	1	0	0	0	1	1	0	0	1	0	1	1	1	0	1	2	0	2	0	0	1	0	0	0	2	0	2	0	0	2	1	0	0	0	0
283	0	0	0	0	0	0	0	1	1	1	1	0	1	1	1	1	1	1	1	1	1	1	1	1	1	1	1	1	1	1	1	1	1	1	1	1	1	1	1	1	1	1	1	1	1	1	1	1	1	1	1	1	1	1	1	1	1	1	1	1	0	0	1	1	1	1	1	1	1	1	1	1	1	1	1	1	1	1	1	1	1	1	1	1	1	1	1	1	1	1	1	1	1	1	1	1	1	1	1	1	1	1	1	1	0	1	1	1	1	1
284	2	2	2	2	2	2	2	2	2	2	1	0	2	2	2	1	1	2	2	1	2	1	1	1	2	1	2	1	1	1	2	2	2	2	2	1	2	1	1	1	2	2	1	2	2	2	1	2	2	2	1	1	2	2	1	1	1	1	1	2	0	0	1	2	2	1	1	2	1	1	1	2	2	1	1	2	2	1	1	2	2	1	1	2	1	2	1	2	1	0	1	1	1	1	2	2	1	1	1	2	0	1	0	0	1	0	1	1	1	1
285	0	0	0	0	0	0	1	0	0	0	0	0	0	0	0	0	0	0	0	0	0	0	0	0	0	0	0	0	0	0	0	0	0	0	0	0	0	0	0	0	0	0	0	0	0	0	0	0	0	0	0	0	0	0	0	0	0	0	0	0	0	0	0	0	0	0	0	0	0	0	0	0	0	0	0	0	0	0	0	0	0	0	0	0	0	0	0	0	0	2	2	0	2	1	1	1	1	1	1	1	1	1	1	1	0	0	1	1	1	1
286	1	1	1	1	1	1	1	0	0	0	0	0	0	0	0	0	0	0	0	0	0	0	0	0	0	0	0	0	0	0	0	0	0	0	0	0	0	0	0	0	0	0	0	0	0	0	0	0	0	0	0	0	0	0	0	0	0	0	0	0	0	1	0	0	0	0	0	0	0	0	0	0	0	0	0	0	0	0	0	0	0	0	0	0	0	0	0	0	0	2	2	0	2	1	1	1	1	1	1	2	0	1	0	0	1	1	1	1	1	1
287	1	1	0	0	0	0	0	0	0	0	0	0	0	0	0	0	0	0	0	0	0	0	0	0	0	0	0	0	0	0	0	0	0	0	0	0	0	0	0	0	0	0	0	0	0	0	0	0	0	0	0	0	0	0	0	0	0	0	0	0	0	0	0	0	0	0	0	0	0	0	0	0	0	0	0	0	0	0	0	0	0	0	0	0	0	0	0	0	0	2	2	0	1	0	0	0	0	0	0	1	1	2	1	1	2	2	0	0	0	0
288	1	1	1	1	1	1	1	1	1	1	1	0	1	1	1	1	1	1	1	1	1	1	1	1	1	1	1	1	1	1	1	1	1	1	1	1	1	1	1	1	1	1	1	1	1	1	1	1	1	1	1	1	1	1	1	1	1	1	1	1	1	1	1	1	1	1	1	1	1	1	1	1	1	1	1	1	1	1	1	1	1	1	1	1	1	1	1	1	1	1	1	1	1	1	1	1	1	1	1	1	1	1	1	1	1	1	1	1	1	1
289	2	2	2	2	2	2	2	2	2	2	2	1	2	2	2	2	2	2	2	2	2	2	2	2	2	2	2	2	2	2	2	2	2	2	2	2	2	2	2	2	2	2	2	2	2	2	2	2	2	2	2	2	2	2	2	2	2	2	2	2	1	1	2	2	2	2	2	2	2	2	2	2	2	2	2	2	2	2	2	2	2	2	2	2	2	2	2	2	2	0	0	2	0	2	2	2	2	2	2	2	0	0	0	0	1	0	1	1	1	1
290	1	1	1	1	1	1	0	2	2	2	1	0	2	2	2	1	1	2	2	1	2	1	1	1	2	1	2	1	1	1	2	2	2	2	2	1	2	1	1	1	2	2	1	2	2	2	1	2	2	2	1	1	2	2	1	1	1	1	1	2	1	1	1	2	2	1	1	2	1	1	1	2	2	1	1	2	2	1	1	2	2	1	1	2	1	1	1	2	1	0	1	1	1	1	2	2	1	1	1	2	0	1	0	0	1	0	1	1	1	1
291	2	2	1	1	1	1	1	1	1	1	1	0	1	1	1	1	1	1	2	2	2	2	2	2	2	2	2	2	2	2	2	2	2	2	2	2	2	2	2	2	2	2	2	2	2	2	2	2	2	2	2	2	2	2	2	2	2	2	2	2	0	1	2	2	2	2	2	2	2	2	2	2	2	2	2	2	2	2	2	2	2	2	2	2	2	2	2	2	2	0	0	2	0	2	2	2	2	2	2	2	0	0	0	0	0	0	1	1	1	1
292	2	2	2	2	2	2	2	2	2	2	2	0	2	2	2	2	2	2	2	2	2	2	2	2	2	2	2	2	2	2	2	2	2	2	2	2	2	2	2	2	2	2	2	2	2	2	2	2	2	2	2	2	2	2	2	2	2	2	2	2	1	1	2	2	2	2	2	2	2	2	2	2	2	2	2	2	2	2	2	2	2	2	2	2	2	1	2	2	2	0	0	2	0	2	2	2	2	2	2	2	0	0	0	0	0	0	2	2	2	2
293	1	1	1	1	1	1	1	0	0	0	0	0	0	0	0	0	0	0	0	0	0	0	0	0	0	0	0	0	0	0	0	0	0	0	0	0	0	0	0	0	0	0	0	0	0	0	0	0	0	0	0	0	0	0	0	0	0	0	0	0	1	1	0	0	0	0	0	0	0	0	0	0	0	0	0	0	0	0	0	0	0	0	0	0	0	0	0	0	0	2	2	0	2	0	0	0	0	0	0	2	0	2	0	0	2	2	0	0	0	0
294	1	1	1	1	1	1	1	0	1	0	0	0	1	1	0	1	0	1	1	0	1	0	0	0	1	0	1	0	0	1	1	1	1	1	1	1	1	0	0	1	1	1	1	1	1	1	1	1	1	1	0	1	1	0	0	1	1	0	0	1	1	1	1	1	1	0	0	1	1	1	1	1	1	0	0	1	0	0	0	1	1	0	0	1	0	1	1	1	0	1	2	0	2	0	1	1	0	0	0	1	1	2	1	1	1	1	1	1	1	1
295	2	2	2	2	2	2	2	0	1	0	0	0	1	1	0	1	0	1	1	0	1	0	0	0	1	0	1	0	0	1	1	1	1	1	1	1	1	0	0	1	1	1	1	1	1	1	1	1	1	1	0	1	1	0	0	1	1	0	0	1	1	1	1	1	1	0	0	1	1	1	1	1	1	0	0	1	0	0	0	1	1	0	0	1	0	1	1	1	0	1	2	0	1	0	1	1	0	0	0	1	1	2	1	1	2	1	0	0	0	0
373	2	2	2	2	2	2	2	1	1	1	0	0	0	0	1	1	0	0	1	0	1	0	0	0	2	0	1	0	0	1	1	1	1	1	1	1	1	1	1	1	1	1	1	1	1	1	1	1	1	1	0	1	1	0	0	1	1	1	0	1	1	1	1	1	1	0	0	1	1	1	1	0	1	0	0	0	0	0	0	1	0	0	0	1	0	0	0	0	0	2	2	0	2	0	0	0	0	0	0	2	0	2	0	0	2	2	0	0	0	0
374	1	1	1	1	1	1	1	2	2	2	1	0	2	2	1	2	1	2	2	2	2	2	2	1	2	2	2	1	1	2	2	2	2	2	2	2	2	2	2	2	2	2	2	2	2	2	2	2	2	2	1	2	2	1	1	2	2	2	1	2	1	1	2	2	2	1	1	2	2	2	2	2	2	1	1	2	1	1	1	2	2	1	1	2	1	2	2	2	1	0	1	1	1	1	1	2	1	1	1	2	0	1	1	1	1	0	1	1	1	1
375	1	1	1	1	1	1	0	0	0	0	0	0	0	0	0	0	0	0	0	0	0	0	0	0	0	0	0	0	0	0	0	0	0	0	0	0	0	0	0	0	0	0	0	0	0	0	0	0	0	0	0	0	0	0	0	0	0	0	0	0	0	1	0	0	0	0	0	0	0	0	0	0	0	0	0	0	0	0	0	0	0	0	0	0	0	0	0	0	0	2	2	0	2	0	0	0	0	0	0	0	2	2	2	2	2	2	0	0	0	0
376	2	2	2	2	2	2	2	2	2	2	2	0	2	2	2	2	2	2	2	2	2	2	2	2	2	2	2	2	2	2	2	2	2	2	2	2	2	2	2	2	2	2	2	2	2	2	2	2	2	2	2	2	2	2	2	2	2	2	2	2	1	1	2	2	2	2	2	2	2	2	2	2	2	2	2	2	2	2	2	2	2	2	2	2	2	2	2	2	2	1	0	2	0	2	2	2	2	2	2	2	0	0	0	0	0	0	2	2	2	2
377	1	1	1	1	0	0	0	1	2	1	0	0	2	1	1	2	1	2	2	2	2	1	1	1	2	2	2	1	1	1	2	2	2	2	2	1	2	0	1	1	2	2	1	2	2	2	1	2	2	2	1	1	2	1	1	2	1	1	1	2	1	1	1	2	2	1	1	2	1	1	2	2	2	1	1	2	1	1	1	2	2	1	1	2	1	2	2	2	1	0	1	1	1	1	2	2	1	1	1	2	0	1	1	0	0	0	1	1	1	1
378	2	2	2	2	2	2	2	2	2	2	2	1	2	2	2	2	2	2	2	2	2	2	2	2	2	2	2	2	2	2	2	2	2	2	2	2	2	2	2	2	2	2	2	2	2	2	2	2	2	2	2	2	2	2	2	2	2	2	2	2	1	1	2	2	2	2	2	2	2	2	2	2	2	2	2	2	2	2	2	2	2	2	2	2	2	2	2	2	2	0	0	2	0	2	2	2	2	2	2	2	0	0	0	0	0	0	2	2	2	2
379	1	1	1	1	1	1	1	1	1	1	1	0	1	1	1	1	1	1	1	1	1	1	1	1	1	1	1	1	1	1	1	1	1	1	1	1	1	1	1	1	1	1	1	1	1	1	1	1	1	1	1	1	1	1	1	1	1	1	1	1	1	1	1	1	1	1	1	1	1	1	1	1	1	1	1	1	1	1	1	1	1	1	1	1	1	0	1	1	1	1	1	1	1	1	1	1	1	1	1	1	1	1	1	1	1	1	1	1	1	1
380	2	2	2	2	2	2	1	1	1	1	0	0	1	1	1	0	0	1	1	0	1	0	0	0	1	0	1	0	0	0	1	1	1	1	1	0	1	0	0	0	1	1	0	1	1	1	0	1	1	1	0	0	1	1	0	0	0	0	0	1	1	1	0	1	1	0	0	1	0	0	0	1	1	0	0	1	0	0	0	1	1	0	0	1	0	1	1	1	0	1	2	0	2	0	0	1	0	0	0	2	0	2	0	0	2	1	0	0	0	0
381	0	0	0	0	0	0	0	1	1	1	1	0	1	1	1	1	1	1	1	1	1	1	1	1	1	1	1	1	1	1	1	1	1	1	1	1	1	1	1	1	1	1	1	1	1	1	1	1	1	1	1	1	1	1	1	1	1	1	1	1	0	0	1	1	1	1	1	1	1	1	1	1	1	1	1	1	1	1	1	1	1	1	1	1	1	1	1	1	1	1	1	1	1	1	1	1	1	1	1	1	1	1	1	1	1	1	1	1	1	1
382	0	0	0	0	0	0	0	1	1	1	0	0	0	0	1	1	0	0	1	0	1	0	0	0	1	0	1	0	0	1	1	1	1	1	1	1	1	1	1	1	1	1	1	1	1	1	1	1	1	1	0	1	1	0	0	1	1	1	0	1	1	1	1	1	1	0	0	1	1	1	1	0	1	0	0	0	0	0	0	1	0	0	0	1	0	0	0	0	0	2	2	0	2	0	0	0	0	0	0	0	2	2	2	2	2	2	0	0	0	0
383	2	2	1	1	1	1	1	1	1	1	1	0	1	1	1	1	1	1	1	1	1	1	1	1	1	1	1	1	1	1	1	1	1	1	1	1	1	1	1	1	1	1	1	1	1	1	1	1	1	1	1	1	1	1	1	1	1	1	1	1	1	1	1	1	1	1	1	1	1	1	1	1	1	1	1	1	1	1	1	1	1	1	1	1	1	0	1	1	1	1	1	1	1	1	1	1	1	1	1	1	1	1	1	1	1	1	1	1	1	1
384	2	2	2	2	2	2	2	1	1	1	0	0	0	0	1	1	0	0	1	0	1	0	0	0	1	0	1	0	0	1	1	1	1	1	1	1	1	1	1	1	1	1	1	1	1	1	1	1	1	1	0	1	1	0	0	1	1	1	0	1	0	0	1	1	1	0	0	1	1	1	1	0	1	0	0	0	0	0	0	1	0	0	0	1	0	0	0	0	0	2	2	0	2	0	0	0	0	0	0	1	1	2	1	1	2	1	0	0	0	0
385	1	1	1	1	1	1	0	0	0	0	0	0	0	0	0	0	0	0	0	0	0	0	0	0	0	0	0	0	0	1	0	1	0	0	0	0	0	0	0	0	0	0	0	0	0	0	0	0	0	0	0	0	0	0	0	0	0	0	0	0	1	1	0	0	0	0	0	0	0	0	0	0	0	0	0	0	0	0	0	0	0	0	0	0	0	0	0	0	0	2	2	0	1	0	0	0	1	0	0	1	1	2	1	1	2	2	0	0	0	0
386	2	2	2	2	2	2	2	2	2	2	2	1	2	2	2	2	2	2	2	2	2	2	2	2	2	1	2	2	2	2	2	2	2	2	2	2	2	2	2	2	2	2	2	2	2	2	2	2	2	2	2	2	2	2	2	2	2	2	2	2	1	1	2	2	2	2	2	2	2	2	2	2	2	2	2	1	2	2	2	2	2	1	2	2	2	1	2	2	2	0	0	2	0	2	2	2	2	2	2	2	0	0	0	0	0	0	2	1	2	2
387	1	1	1	1	1	1	1	2	2	2	1	0	2	2	2	1	1	2	2	1	2	1	1	1	2	1	2	1	1	1	2	2	2	2	2	1	2	1	1	1	2	2	1	2	2	2	1	2	2	2	1	1	2	2	1	1	1	1	1	2	1	1	1	2	2	1	1	2	1	1	1	2	2	1	1	2	2	1	1	2	2	1	1	2	1	2	2	2	1	0	1	1	1	1	2	2	1	1	1	2	0	1	0	0	1	0	1	1	1	1
388	2	2	1	1	1	1	1	1	1	1	1	0	1	1	1	1	1	1	1	1	1	1	1	1	1	1	1	1	1	1	1	1	1	1	1	1	1	0	1	1	1	1	1	1	1	1	1	1	1	1	1	1	1	1	1	1	1	1	1	1	1	1	1	1	1	1	1	1	1	1	1	1	1	1	1	1	1	1	1	1	1	1	1	1	1	1	1	1	1	1	1	1	1	1	1	1	1	1	1	2	0	1	0	0	1	1	1	1	1	1
389	0	0	0	0	0	0	0	0	0	0	0	0	0	0	1	1	1	1	1	1	1	1	1	1	1	1	1	1	1	1	1	1	1	1	1	1	1	1	1	1	1	1	1	1	1	1	1	1	1	1	1	1	1	1	1	1	1	1	1	1	1	0	1	1	1	1	1	1	1	1	1	2	2	2	2	2	2	2	2	2	2	2	2	2	2	2	2	2	2	0	0	2	0	2	2	2	2	2	2	2	0	0	0	0	0	0	2	2	2	2
390	2	2	2	2	2	2	2	2	2	2	1	0	2	2	2	1	1	2	2	1	2	1	1	1	2	1	2	1	1	1	2	2	2	2	2	1	2	1	1	1	2	2	1	2	2	2	1	2	2	2	1	1	2	2	1	1	1	1	1	2	1	1	1	2	2	1	1	2	1	1	1	2	2	1	1	2	2	1	1	2	2	1	1	2	1	2	1	2	1	0	1	1	1	1	2	2	1	1	1	2	0	1	0	0	1	1	1	1	1	1
391	0	0	0	0	0	0	0	1	1	1	1	1	1	1	1	1	1	1	1	1	1	1	1	1	1	1	1	1	1	1	1	1	1	1	1	1	1	0	1	1	1	1	1	1	1	1	1	1	1	1	1	1	1	1	1	1	1	1	1	1	1	1	1	1	1	1	1	1	1	1	1	1	1	1	1	1	1	1	1	1	1	1	1	1	1	1	1	1	1	1	1	0	1	1	1	1	1	1	1	1	1	1	1	1	1	1	1	1	1	1
392	2	2	2	2	2	2	2	2	2	2	2	0	2	2	2	2	2	2	2	2	2	2	2	2	2	2	2	2	2	2	2	2	2	2	2	2	2	1	2	2	2	2	2	2	2	2	2	2	2	2	2	2	2	2	2	2	2	2	2	2	1	1	2	2	2	2	2	2	2	2	2	2	2	2	2	2	2	2	2	2	2	2	2	2	2	2	2	2	2	0	0	2	0	2	2	2	2	2	2	2	0	0	0	0	0	0	2	2	2	2
393	0	0	0	0	0	0	1	1	1	1	1	0	1	1	1	1	1	1	1	1	1	1	1	1	1	1	1	1	1	1	1	1	1	1	1	1	1	1	1	1	1	1	1	1	1	1	1	1	1	1	1	1	1	1	1	1	1	1	1	1	1	1	1	1	1	1	1	1	1	1	1	1	1	1	1	1	1	1	1	1	1	1	1	1	1	1	1	1	1	1	1	1	1	1	1	1	1	1	1	1	1	1	1	1	1	1	1	1	1	1
394	1	1	1	1	1	1	1	1	1	1	1	0	1	1	1	1	1	1	1	1	1	1	1	1	1	1	1	1	1	1	1	1	1	1	1	1	1	1	1	1	1	1	1	1	1	1	1	1	1	1	1	1	1	1	1	1	1	1	1	1	0	0	1	1	1	1	1	1	1	1	1	1	1	1	1	1	1	1	1	1	1	1	1	1	1	1	1	1	1	1	1	1	1	1	1	1	1	1	1	1	1	1	1	1	1	1	2	2	2	2
395	1	1	1	1	1	1	1	1	1	1	0	0	1	1	0	1	0	1	1	1	1	1	1	0	1	1	1	0	0	1	1	1	1	1	1	1	1	1	1	1	1	1	1	1	1	1	1	1	1	1	0	1	1	0	0	1	1	1	0	1	1	1	1	1	1	0	0	1	1	1	1	1	1	0	0	1	0	0	0	1	1	0	0	1	0	1	1	1	0	1	2	0	2	0	0	1	0	0	0	1	1	2	2	2	2	2	0	0	0	0
396	2	2	2	2	2	2	2	1	1	1	1	0	1	1	1	1	1	1	1	1	1	1	1	1	1	1	1	1	1	1	1	1	1	1	1	1	1	1	1	1	1	1	1	1	1	1	1	1	1	1	1	1	1	1	1	1	1	1	1	1	1	1	1	1	1	1	1	1	1	1	1	1	1	1	1	1	1	1	1	1	1	1	1	1	1	1	1	1	1	1	1	1	1	1	1	1	1	1	1	1	1	1	1	1	1	1	0	0	0	0
397	1	1	1	1	1	1	1	2	2	2	1	0	2	2	1	2	1	2	2	2	2	2	2	1	2	2	2	1	1	2	2	2	2	2	2	2	2	2	2	2	2	2	2	2	2	2	2	2	2	2	1	2	2	1	1	2	2	2	1	2	1	1	2	2	2	1	1	2	2	2	2	2	2	1	1	2	1	1	1	2	2	1	1	2	1	2	2	2	1	0	1	1	1	1	1	2	1	1	1	2	0	1	1	1	1	0	1	1	1	1
398	1	1	1	1	1	1	1	1	1	1	0	0	1	1	1	0	0	1	1	0	1	0	0	0	1	0	1	0	0	0	1	1	1	1	1	0	1	0	0	0	1	1	0	1	1	1	0	1	1	1	0	0	1	1	0	0	0	0	0	1	1	1	0	1	1	0	0	1	0	0	0	1	1	0	0	1	0	0	0	1	1	0	0	1	0	1	1	1	0	1	2	0	2	0	1	1	0	0	0	1	1	2	1	1	2	1	0	0	0	0
399	2	2	2	2	2	2	2	2	2	2	1	1	2	2	1	2	1	2	2	2	2	2	2	1	2	2	2	1	1	2	2	2	2	2	2	2	2	2	2	2	2	2	2	2	2	2	2	2	2	2	1	2	2	1	1	2	2	2	1	2	1	2	2	2	2	1	1	2	2	2	2	2	2	1	1	2	1	1	1	2	2	1	1	2	1	1	2	2	1	0	1	1	1	1	1	2	1	1	1	2	0	1	1	1	1	0	2	2	2	2
400	0	0	0	0	0	0	0	0	0	0	0	0	0	0	0	0	0	0	0	0	0	0	0	0	0	0	0	0	0	0	0	0	0	0	0	0	0	0	0	0	0	0	0	0	0	0	0	0	0	0	0	0	0	0	0	0	0	0	0	0	0	0	0	0	0	0	0	0	0	0	0	0	0	0	0	0	0	0	0	0	0	0	0	0	0	0	0	0	0	2	2	0	2	0	0	0	0	0	0	1	1	2	1	1	2	2	0	0	0	0
401	2	2	2	2	2	2	1	1	1	1	0	0	1	1	1	0	0	1	1	0	1	0	0	0	1	0	1	0	0	0	1	1	1	1	1	0	1	0	0	0	1	1	0	1	1	1	0	1	1	1	0	0	1	1	0	0	0	0	0	1	1	1	0	1	1	0	0	1	0	0	0	1	1	0	0	1	0	0	0	1	1	0	0	1	0	1	1	1	0	1	2	0	2	0	0	1	0	0	0	2	0	2	0	0	2	1	0	0	0	0
402	1	1	0	0	0	0	0	0	0	0	0	0	0	0	0	0	0	0	0	0	0	0	0	0	0	0	0	0	0	0	0	0	0	0	0	0	0	0	0	0	0	0	0	0	0	0	0	0	0	0	0	0	0	0	0	0	0	0	0	0	0	0	0	0	0	0	0	0	0	0	0	0	0	0	0	0	0	0	0	0	0	0	0	0	0	0	0	0	0	2	2	0	1	0	0	0	0	0	0	0	2	2	2	2	2	1	1	1	1	1
403	1	1	1	1	1	1	1	1	1	1	0	0	0	0	1	1	0	0	1	0	1	0	0	0	1	0	1	0	0	1	1	1	1	1	1	1	1	1	1	1	1	1	1	1	1	1	1	1	1	1	0	1	1	0	0	1	1	1	0	1	0	0	1	1	1	0	0	1	1	1	1	0	1	0	0	0	0	0	0	1	0	0	0	1	0	0	0	0	0	2	2	0	2	0	0	0	0	0	0	2	0	2	0	0	2	2	0	0	0	0
404	0	0	0	0	0	0	0	0	0	0	0	0	0	0	0	0	0	0	0	0	0	0	0	0	0	0	0	0	0	0	0	0	0	0	0	0	0	0	0	0	0	0	0	0	0	0	0	0	0	0	0	0	0	0	0	0	0	0	0	0	0	1	0	0	0	0	0	0	0	0	0	0	0	0	0	0	0	0	0	0	0	0	0	0	0	0	0	0	0	2	2	0	2	0	0	0	0	0	0	1	1	2	1	1	2	2	0	0	0	0
405	1	1	1	1	1	1	1	1	1	1	1	0	1	1	1	1	1	1	1	1	1	1	1	1	1	1	1	1	1	1	1	1	1	1	1	1	1	1	1	1	1	1	1	1	1	1	1	1	1	1	1	1	1	1	1	1	1	1	1	1	1	1	1	1	1	1	1	1	1	1	1	1	1	1	1	1	1	1	1	1	1	1	1	1	1	1	1	1	1	1	1	1	1	1	1	1	1	1	1	2	0	1	0	0	1	1	1	1	1	1
406	2	2	2	2	2	2	2	1	1	1	1	0	1	1	1	1	1	1	1	1	1	1	1	1	1	1	1	1	1	1	1	1	1	1	1	1	1	1	1	1	1	1	1	1	1	1	1	1	1	1	1	1	1	1	1	1	1	1	1	1	0	1	1	1	1	1	1	1	1	1	1	1	1	1	1	1	1	1	1	1	1	1	1	1	1	0	1	1	1	1	1	1	1	1	1	1	1	1	1	1	1	1	1	1	1	1	1	1	1	1
407	2	2	2	2	2	2	2	2	2	2	2	0	2	2	2	2	2	2	2	2	2	2	2	2	2	2	2	2	2	2	2	2	2	2	2	2	2	2	2	2	2	2	2	2	2	2	2	2	2	2	2	2	2	2	2	2	2	2	2	2	2	2	2	2	2	2	2	2	2	2	2	2	2	2	2	2	2	2	2	2	2	2	2	2	2	2	2	2	2	0	0	2	0	2	2	2	2	2	2	2	0	0	0	0	0	1	1	1	1	1
408	1	1	1	1	1	1	1	1	1	1	1	1	1	1	2	2	1	1	2	1	2	1	1	1	2	1	2	1	1	2	2	2	2	2	2	2	2	1	2	2	2	2	2	2	2	2	2	2	2	2	1	2	2	1	1	2	2	2	1	2	1	1	2	2	2	1	1	2	2	2	2	1	2	1	1	1	1	1	1	2	1	1	1	2	1	0	1	1	1	1	1	1	1	1	1	2	1	1	1	2	0	1	0	0	1	1	1	1	1	1
409	2	2	2	2	2	2	1	0	1	0	0	0	1	1	0	1	0	1	1	0	1	0	0	0	1	0	1	0	0	1	1	1	1	1	1	1	1	0	0	1	1	1	1	1	1	1	1	1	1	1	0	1	1	0	0	1	1	0	0	1	1	1	1	1	1	0	0	1	1	1	1	1	1	0	0	1	0	0	0	1	1	0	0	1	0	1	1	1	0	1	2	0	2	0	1	1	0	0	0	2	0	2	0	0	1	0	1	1	1	1
410	2	2	2	2	2	2	2	2	2	2	2	1	2	2	2	2	2	2	2	2	2	2	2	2	2	2	2	2	2	2	2	2	2	2	2	2	2	2	2	2	2	2	2	2	2	2	2	2	2	2	2	2	2	2	2	2	2	2	2	2	1	1	1	2	2	2	2	2	2	2	2	2	2	2	2	2	2	2	2	2	2	2	2	2	2	2	2	2	2	0	0	2	0	2	2	2	2	2	2	2	0	0	0	0	0	1	0	0	0	0
411	1	1	1	1	1	1	1	1	1	1	1	0	1	1	1	1	1	1	1	1	1	1	1	1	1	1	1	1	1	1	1	1	1	1	1	1	1	1	1	1	1	1	1	1	1	1	1	1	1	1	1	1	1	1	1	1	1	1	1	1	1	1	1	1	1	1	1	1	1	1	1	1	1	1	1	1	1	1	1	1	1	1	1	1	1	0	1	1	1	1	1	1	1	1	1	1	1	1	1	1	1	1	1	1	1	1	1	1	1	1
412	1	1	1	1	1	1	1	1	1	1	1	0	1	1	1	1	1	1	1	1	1	1	1	1	1	1	1	1	1	1	1	1	1	1	1	1	1	1	1	1	1	1	1	1	1	1	1	1	1	1	1	1	1	1	1	1	1	1	1	1	0	0	1	1	1	1	1	1	1	1	1	1	1	1	1	1	1	1	1	1	1	1	1	1	1	0	1	1	1	1	1	1	1	1	1	1	1	1	1	1	1	1	1	1	1	2	0	0	0	0
413	1	1	1	1	1	1	1	1	1	1	1	0	1	1	1	1	1	1	1	1	1	1	1	1	1	1	1	1	1	1	1	1	1	1	1	1	1	1	1	1	1	1	1	1	1	1	1	1	1	1	1	1	1	1	1	1	1	1	1	1	1	1	1	1	1	1	1	1	1	1	1	1	1	1	1	1	1	1	1	1	1	1	1	1	1	1	1	1	1	1	1	1	1	1	1	1	1	1	1	1	1	1	1	1	2	1	0	0	0	0
414	2	2	2	2	2	2	2	2	2	2	2	0	2	2	2	2	2	2	2	2	2	2	2	2	2	2	2	2	2	2	2	2	2	2	2	2	2	2	2	2	2	2	2	2	2	2	2	2	2	2	2	2	2	2	2	2	2	2	2	2	2	2	2	2	2	2	2	2	2	2	2	2	2	2	2	2	2	2	2	2	2	2	2	2	2	1	2	2	2	0	0	2	0	2	2	2	2	2	2	2	0	0	0	0	0	0	2	2	2	2
415	1	1	1	1	1	1	1	1	1	1	0	0	1	1	1	0	0	1	1	0	1	0	0	0	1	0	1	0	0	0	1	1	1	1	1	0	1	0	0	0	1	1	0	1	1	1	0	1	1	1	0	0	1	1	0	0	0	0	0	1	1	1	0	1	1	0	0	1	0	0	0	1	1	0	0	1	0	0	0	1	1	0	0	1	0	1	1	1	0	1	2	0	2	0	1	1	0	0	0	2	0	2	0	0	2	1	0	0	0	0
416	1	1	1	1	1	1	1	2	2	2	1	1	2	2	2	1	1	2	2	1	2	1	1	1	2	1	2	1	1	1	2	2	2	2	2	1	2	1	1	1	2	2	1	2	2	2	1	2	2	2	1	1	2	2	1	1	1	1	1	2	0	0	1	2	2	1	1	2	1	1	1	2	2	1	1	2	2	1	1	2	2	1	1	2	1	2	1	2	1	0	1	1	1	1	2	2	1	1	1	2	0	1	0	0	1	0	1	1	1	1
417	2	2	2	2	2	2	2	2	2	2	2	0	2	2	2	2	2	2	2	2	2	2	2	2	2	2	2	2	2	2	2	2	2	2	2	2	2	2	2	2	2	2	2	2	2	2	2	2	2	2	2	1	2	2	2	2	2	2	2	2	1	1	2	2	2	2	2	2	2	2	2	2	2	2	2	2	2	2	2	2	2	2	2	2	2	2	2	2	2	0	0	2	0	2	2	2	2	2	2	2	0	0	0	0	0	0	2	1	2	2
418	2	2	2	2	2	2	2	2	2	2	1	0	1	1	2	2	1	1	2	1	2	1	1	1	2	1	2	1	1	2	2	2	2	2	2	2	2	1	2	2	2	2	2	2	2	2	2	2	2	2	1	2	2	1	1	2	2	2	1	2	1	1	2	2	2	1	1	2	2	2	2	1	2	1	1	1	1	1	1	2	1	1	1	2	1	1	1	1	1	1	1	1	1	1	1	1	1	1	1	1	1	1	1	1	1	1	2	1	2	2
419	1	1	1	1	1	1	1	1	1	1	1	0	1	1	1	1	1	1	1	1	1	1	1	1	1	1	1	1	1	1	1	1	1	1	1	1	1	1	1	1	1	1	1	1	1	1	1	1	1	1	1	1	1	1	1	1	1	1	1	1	1	1	1	1	1	1	1	1	1	1	1	1	1	1	1	1	1	1	1	1	1	1	1	1	1	1	1	1	1	1	1	1	1	1	1	1	1	1	1	2	0	1	0	0	1	1	1	1	1	1
420	1	1	1	1	1	1	1	1	1	1	1	0	1	1	1	1	1	1	1	1	1	1	1	1	1	1	1	1	1	1	1	1	1	1	1	1	1	1	1	1	1	1	1	1	1	1	1	1	1	1	1	1	1	1	1	1	1	1	1	1	1	1	1	1	1	1	1	1	1	1	1	1	1	1	1	1	1	1	1	1	1	1	1	1	1	1	1	1	1	1	1	1	1	1	1	1	1	1	1	2	0	1	0	0	1	1	1	1	1	1
421	2	2	2	2	2	2	2	2	2	2	1	1	2	2	2	1	1	1	1	1	1	1	1	1	1	1	1	1	1	1	1	1	1	1	1	1	1	1	1	1	1	1	1	1	1	1	1	1	1	1	1	1	1	1	1	1	1	1	1	1	1	1	1	1	1	1	1	1	1	1	1	1	1	1	1	1	1	1	1	1	1	1	1	1	1	0	1	1	1	1	1	1	1	1	1	1	1	1	1	1	1	1	1	1	1	1	2	2	2	2
422	0	0	0	0	0	0	0	0	0	0	0	0	0	0	0	0	0	0	0	0	0	0	0	0	0	0	0	0	0	0	0	0	0	0	0	0	0	0	0	0	0	0	0	0	0	0	0	0	0	0	0	0	0	0	0	0	0	0	0	0	0	1	0	0	0	0	0	0	0	0	0	0	0	0	0	0	0	0	0	0	0	0	0	0	0	0	0	0	0	2	2	0	2	0	0	0	0	0	0	1	1	2	1	1	2	2	1	1	1	1
423	2	2	1	1	1	1	1	0	0	0	0	0	0	0	0	0	0	0	0	0	0	0	0	0	0	0	0	0	0	0	0	0	0	0	0	0	0	0	0	0	0	0	0	0	0	0	0	0	0	0	0	0	0	0	0	0	0	0	0	0	0	0	0	0	0	0	0	0	0	0	0	0	0	0	0	0	0	0	0	0	0	0	0	0	0	0	0	0	0	2	2	0	2	0	0	0	0	0	0	0	2	2	2	2	1	1	1	1	1	1
424	2	2	2	2	2	2	2	2	2	2	2	0	2	2	2	2	2	2	2	2	2	2	2	2	2	2	2	2	2	2	2	2	2	2	2	2	2	1	2	2	2	2	2	2	2	2	2	2	2	2	2	2	2	2	2	2	2	2	2	2	1	1	2	2	2	2	2	2	2	2	2	2	2	2	2	2	2	2	2	2	2	2	2	2	2	2	2	2	2	0	0	2	0	2	2	2	2	2	2	2	0	0	0	0	0	0	2	2	2	2
425	1	1	1	1	1	1	1	2	2	2	1	1	2	2	2	1	1	2	2	1	2	1	1	1	2	1	2	1	1	1	2	2	2	2	2	1	2	1	1	1	2	2	1	2	2	2	1	2	2	2	1	1	2	2	1	1	1	1	1	2	1	1	1	2	2	1	1	2	1	1	1	2	2	1	1	2	2	1	1	2	2	1	1	2	1	2	2	2	1	0	1	1	1	1	2	2	1	1	1	2	0	1	0	0	1	1	0	0	0	0
426	1	1	1	1	1	1	1	1	1	1	1	0	1	1	1	1	1	1	1	1	1	1	1	1	1	1	1	1	1	1	1	1	1	1	1	1	1	1	1	1	1	1	1	1	1	1	1	1	1	1	1	1	1	1	1	1	1	1	1	1	1	1	1	1	1	1	1	1	1	1	1	1	1	1	1	1	1	1	1	1	1	1	1	1	1	1	1	1	1	1	1	1	0	1	1	1	1	1	1	2	0	1	0	0	1	1	1	1	1	1
427	2	2	2	2	2	2	2	2	2	2	1	0	1	1	2	2	1	1	2	1	2	1	1	1	2	1	2	1	1	2	2	2	2	2	2	2	2	2	2	2	2	2	2	2	2	2	2	2	2	2	1	2	2	1	1	2	2	2	1	2	1	1	2	2	2	1	1	2	2	2	2	1	2	1	1	1	1	1	1	2	1	1	1	2	1	1	1	1	1	1	1	1	1	1	1	1	1	1	1	2	0	1	0	0	1	0	1	1	1	1
428	1	1	1	1	1	1	0	1	1	1	1	1	1	1	1	1	1	1	1	1	1	1	1	1	1	1	1	1	1	1	1	1	1	1	1	1	1	0	1	1	1	1	1	1	1	1	1	1	1	1	1	1	1	1	1	1	1	1	1	1	1	1	1	1	1	1	1	1	1	1	1	1	1	1	1	1	1	1	1	1	1	1	1	1	1	1	1	1	1	1	1	1	1	1	1	1	1	1	1	1	1	1	1	1	1	1	1	1	1	1
429	1	1	1	1	1	1	1	1	1	1	1	0	1	1	1	1	1	1	1	1	1	1	1	1	1	1	1	1	1	1	1	1	1	1	1	1	1	1	1	1	1	1	1	1	1	1	1	1	1	1	1	1	1	1	1	1	1	1	1	1	1	1	1	1	1	1	1	1	1	1	1	1	1	1	1	1	1	1	1	1	1	1	1	1	1	1	1	1	1	1	1	1	1	1	1	1	1	1	1	1	1	1	1	1	1	1	1	1	1	1
430	1	1	1	1	1	1	0	1	1	1	0	0	1	1	1	0	0	1	1	0	1	0	0	0	1	0	1	0	0	0	1	1	1	1	1	0	1	0	0	0	1	1	0	1	1	1	0	1	1	1	0	0	1	1	0	0	0	0	0	1	1	1	0	1	1	0	0	1	0	0	0	1	1	0	0	1	0	0	0	1	1	0	0	1	0	1	1	1	0	1	2	0	2	0	1	1	0	0	0	1	1	2	1	1	2	1	1	1	1	1
431	2	2	2	2	2	2	2	2	2	2	2	1	2	2	2	2	2	2	2	2	2	2	2	2	2	2	2	2	2	2	2	2	2	2	2	2	2	1	2	2	2	2	2	2	2	2	2	2	2	2	2	2	2	2	2	2	2	2	2	2	1	1	2	2	2	2	2	2	2	2	2	2	2	2	2	2	2	2	2	2	2	2	2	2	2	2	2	2	2	0	0	2	1	2	2	2	2	2	2	1	0	0	0	0	0	0	2	2	2	2
432	2	2	2	2	2	2	2	2	2	2	1	0	2	2	2	1	1	2	2	1	2	1	1	1	2	1	2	1	1	1	2	2	2	2	2	1	2	1	1	1	2	2	1	2	2	2	1	2	2	2	1	1	2	2	1	1	1	1	1	2	1	1	1	2	2	1	1	2	1	1	1	2	2	1	1	2	2	1	1	2	2	1	1	2	1	2	2	2	1	0	1	1	1	1	2	2	1	1	1	2	0	1	0	0	1	0	1	1	1	1
433	1	1	1	1	1	1	1	2	2	2	1	0	2	2	2	1	1	2	2	1	2	1	1	1	2	1	2	1	1	1	2	2	2	2	2	1	2	1	1	1	2	2	1	2	2	2	1	2	2	2	1	1	2	2	1	1	1	1	1	2	1	1	1	2	2	1	1	2	1	1	1	2	2	1	1	2	2	1	1	2	2	1	1	2	1	2	2	2	1	0	1	1	1	1	2	2	1	1	1	2	0	1	0	0	1	0	1	1	1	1
434	2	2	2	1	1	1	1	1	1	1	1	0	1	1	1	1	1	1	1	1	1	1	1	1	1	1	1	1	1	1	1	1	1	1	1	1	1	1	1	1	1	1	1	1	1	1	1	1	1	1	1	1	1	1	1	1	1	1	1	1	1	1	1	1	1	1	1	1	1	1	1	1	1	1	1	1	1	1	1	1	1	1	1	1	1	1	1	1	1	1	1	1	1	1	1	1	1	1	1	1	1	1	1	1	0	1	1	1	1	1
435	1	1	1	1	1	1	1	1	1	1	0	0	1	1	1	0	0	1	1	0	1	0	0	0	1	0	1	0	0	0	1	1	1	1	1	0	1	0	0	0	1	1	0	1	1	1	0	1	1	1	0	0	1	1	0	0	0	0	0	1	1	1	0	1	1	0	0	1	0	0	0	1	1	0	0	1	0	0	0	1	1	0	0	1	0	1	0	1	0	1	2	0	2	1	2	2	1	1	1	2	0	1	0	0	1	0	1	1	1	1
436	1	1	1	1	1	1	1	0	0	0	0	0	0	0	0	0	0	0	0	0	0	0	0	0	0	0	0	0	0	0	0	0	0	0	0	0	0	0	0	0	0	0	0	0	0	0	0	0	0	0	0	0	0	0	0	0	0	0	0	0	0	0	0	0	0	0	0	0	0	0	0	0	0	0	0	0	0	0	0	0	0	0	0	0	0	0	0	0	0	2	2	0	2	0	0	0	0	0	0	1	1	2	1	1	1	1	1	1	1	1
437	2	2	2	2	2	2	2	2	2	2	1	0	2	2	2	0	0	2	2	0	2	0	0	0	2	0	2	0	0	0	2	2	2	2	2	0	2	0	0	0	2	2	0	2	2	2	0	2	2	2	0	0	2	2	0	0	0	0	0	2	1	1	0	2	2	0	0	2	0	0	0	2	2	0	0	2	2	0	0	2	2	0	0	2	0	2	2	2	0	0	2	0	2	0	2	2	0	0	0	2	0	2	0	0	2	0	0	0	0	0
438	2	2	2	2	2	2	2	2	2	2	2	1	2	2	2	2	2	2	2	2	2	2	2	2	2	2	2	2	2	2	2	2	2	2	2	2	2	2	2	2	2	2	2	2	2	2	2	2	2	2	2	2	2	2	2	2	2	2	2	2	1	1	2	2	2	2	2	2	2	2	2	2	2	2	2	2	2	2	2	1	2	2	2	2	2	2	2	2	2	0	0	2	0	2	2	2	2	2	2	2	0	0	0	0	0	0	1	1	1	1
439	1	1	1	1	1	1	1	1	1	1	1	0	1	1	1	1	1	1	1	1	1	1	1	1	1	1	1	1	1	1	1	1	1	1	1	1	1	1	1	1	1	1	1	1	1	1	1	1	1	1	1	1	1	1	1	1	1	1	1	1	1	1	1	1	1	1	1	1	1	1	1	1	1	1	1	1	1	1	1	1	1	1	1	1	1	1	1	1	1	1	1	1	1	1	1	1	1	1	1	2	0	1	0	0	1	1	1	1	1	1
440	1	1	1	1	1	1	1	1	1	1	1	0	1	1	1	1	1	1	1	1	1	1	1	1	1	1	1	1	1	1	1	1	1	1	1	1	1	1	1	1	1	1	1	1	1	1	1	1	1	1	1	1	1	1	1	1	1	1	1	1	1	1	1	1	1	1	1	1	1	1	1	1	1	1	1	1	1	1	1	1	1	1	1	1	1	1	1	1	1	1	1	1	1	1	1	1	1	1	1	0	1	1	1	1	1	1	0	0	0	0
441	2	2	1	1	1	1	1	2	2	2	1	1	2	2	2	1	1	2	2	1	2	1	1	1	2	1	2	1	1	1	2	2	2	2	2	1	2	1	1	1	2	2	1	2	2	2	1	2	2	2	1	0	2	2	1	1	1	1	1	2	1	1	1	2	2	1	1	2	1	1	1	2	2	1	1	2	2	1	1	2	2	1	1	2	1	2	2	2	1	0	1	1	1	1	2	2	1	1	1	2	0	1	0	0	1	0	0	0	0	0
442	2	2	2	2	2	2	2	2	2	2	2	1	2	2	2	2	2	2	2	2	2	2	2	2	2	2	2	2	2	2	2	2	2	2	2	2	2	2	2	2	2	2	2	2	2	2	2	2	2	2	2	2	2	2	2	2	2	2	2	2	1	1	2	2	2	2	2	2	2	2	2	2	2	2	2	2	2	2	2	2	2	2	2	2	2	2	2	2	2	0	0	2	0	2	2	2	2	2	2	2	0	0	0	0	0	0	1	1	1	1
443	2	2	2	2	2	2	2	2	2	2	1	0	1	1	2	2	1	1	2	1	2	1	1	1	2	1	2	1	1	2	2	2	2	2	2	2	2	2	2	2	2	2	2	2	2	2	2	2	2	2	1	2	2	1	1	2	2	2	1	2	1	1	2	2	2	1	1	2	2	2	2	1	2	1	1	1	1	1	1	2	1	1	1	2	1	1	1	1	1	1	1	1	1	1	1	1	1	1	1	2	0	1	0	0	0	0	1	1	1	1
444	2	2	2	2	2	2	2	1	1	1	0	0	1	1	1	0	0	1	1	0	1	0	0	0	1	0	1	0	0	0	1	1	1	1	1	0	1	0	0	0	1	1	0	1	1	1	0	1	1	1	0	0	1	1	0	0	0	0	0	1	1	1	0	1	1	0	0	1	0	0	0	1	1	0	0	1	0	0	0	1	1	0	0	1	0	1	1	1	0	1	2	0	2	0	1	1	0	0	0	1	1	2	1	1	2	1	0	0	0	0
445	1	1	1	1	1	1	1	1	1	1	1	1	1	1	1	1	1	1	1	1	1	1	1	1	1	1	1	1	1	1	1	1	1	1	1	1	1	1	1	1	1	1	1	1	1	1	1	1	1	1	1	1	1	1	1	1	1	1	1	1	1	1	1	1	1	1	1	1	1	1	1	1	1	1	1	1	1	1	1	1	1	1	1	1	1	1	1	1	1	1	1	1	1	1	1	1	1	1	1	2	0	1	0	0	1	1	1	1	1	1
446	2	2	1	1	1	1	0	1	1	1	1	1	1	1	1	1	1	1	1	1	1	1	1	1	1	1	1	1	1	1	1	1	1	1	1	1	1	1	1	1	1	1	1	1	1	1	1	1	1	1	1	1	1	1	1	1	1	1	1	1	1	1	1	1	1	1	1	1	1	1	1	1	1	1	1	1	1	1	1	1	1	1	1	1	1	1	1	1	1	1	1	1	1	1	1	1	1	1	1	2	0	1	0	0	1	1	0	0	0	0
447	0	0	0	0	0	0	0	0	0	0	0	0	0	0	0	0	0	0	0	0	0	0	0	0	0	0	0	0	0	0	0	0	0	0	0	0	0	0	0	0	0	0	0	0	0	0	0	0	0	0	0	0	0	0	0	0	0	0	0	0	0	0	0	0	0	0	0	0	0	0	0	0	0	0	0	0	0	0	0	0	0	0	0	0	0	0	0	0	0	2	2	0	2	0	0	0	0	0	0	1	1	2	1	1	1	2	0	0	0	0
448	2	2	2	2	2	2	1	1	1	1	0	0	1	1	1	0	0	1	1	0	1	0	0	0	1	0	1	0	0	0	1	1	1	1	1	0	1	0	0	0	1	1	0	1	1	1	0	1	1	1	0	0	1	1	0	0	0	0	0	1	1	1	0	1	1	0	0	1	0	0	0	1	1	0	0	1	0	0	0	1	1	0	0	1	0	1	1	1	0	1	2	0	2	0	1	1	0	0	0	2	0	2	0	0	2	1	0	0	0	0
449	2	2	1	1	1	1	1	2	2	2	1	0	2	2	2	1	1	2	2	1	2	1	1	1	2	1	2	1	1	1	2	2	2	2	2	1	2	1	1	1	2	2	1	2	2	2	1	2	2	2	1	1	2	2	1	1	1	1	1	2	1	1	1	2	2	1	1	2	1	1	1	2	2	1	1	2	2	1	1	2	2	1	1	2	1	2	1	2	1	0	1	1	1	1	2	2	1	1	1	2	0	1	0	0	1	0	1	1	1	1
450	2	2	2	2	2	2	2	2	2	2	2	0	2	2	2	2	2	2	2	2	2	2	2	2	2	2	2	2	2	2	2	2	2	2	2	2	2	2	2	2	2	2	2	2	2	2	2	2	2	2	2	2	2	2	2	2	2	2	2	2	1	1	2	2	2	2	2	2	2	2	2	2	2	2	2	2	2	2	2	2	2	2	2	2	2	2	2	2	2	0	0	2	0	2	2	2	2	2	2	2	0	0	0	0	0	0	2	2	2	2
451	2	2	2	2	2	2	2	2	2	2	2	1	2	2	2	2	2	2	2	2	2	2	2	2	2	2	2	2	2	2	2	2	2	2	2	2	2	2	2	2	2	2	2	2	2	2	2	2	2	2	2	2	2	2	2	2	2	2	2	2	1	1	2	2	2	2	2	2	2	2	2	2	2	2	2	2	2	2	2	2	2	2	2	2	2	1	2	2	2	0	0	2	0	2	2	2	2	2	2	2	0	0	0	0	0	0	2	2	2	2
452	0	0	0	0	0	0	0	1	1	1	0	0	1	1	1	0	0	1	1	0	1	0	0	0	1	0	1	0	0	0	1	1	1	1	1	0	1	0	0	0	1	1	0	1	1	1	0	1	1	1	0	0	1	1	0	0	0	0	0	1	1	1	0	2	2	1	0	2	1	1	1	2	1	1	1	2	2	1	1	2	2	1	1	2	1	2	2	2	1	0	1	1	1	1	2	2	1	1	1	2	0	1	0	0	1	0	0	0	0	0
453	1	1	1	1	1	1	1	1	1	1	1	1	1	1	1	1	1	1	1	1	1	1	1	1	1	1	1	1	1	1	1	1	1	1	1	1	1	1	1	1	1	1	1	1	1	1	1	1	1	1	1	1	1	1	1	1	1	1	1	1	1	1	1	2	2	2	1	2	2	2	2	2	1	2	2	2	2	2	2	2	2	2	2	2	2	2	2	2	2	0	0	2	0	2	2	2	2	2	2	2	0	0	0	0	0	0	0	0	0	0
454	2	2	2	2	2	2	2	2	2	2	2	0	2	2	2	2	2	2	2	2	2	2	2	2	2	2	2	2	2	2	2	2	2	2	2	2	2	2	2	2	2	2	2	2	2	2	2	2	2	2	2	2	2	2	2	2	2	2	2	2	1	1	2	2	2	2	2	2	2	2	2	2	2	2	2	2	2	2	2	2	2	2	2	2	2	2	2	2	2	0	0	2	0	2	2	2	2	2	2	2	0	0	0	0	0	0	2	2	2	2
455	2	2	2	2	2	2	2	1	1	1	1	0	1	1	2	2	1	1	2	1	2	1	1	1	2	1	2	1	1	2	2	2	2	2	2	2	2	2	2	2	2	2	2	2	2	2	2	2	2	2	1	2	2	1	1	2	2	2	1	2	1	1	2	2	2	1	1	2	2	2	2	1	2	1	1	1	1	1	1	2	1	1	1	2	1	1	1	1	1	1	1	1	1	1	1	2	1	1	1	2	0	1	0	0	1	1	2	2	2	2
456	1	1	1	1	1	1	1	1	1	1	1	0	1	1	1	1	1	1	1	1	1	1	1	1	1	1	1	1	1	1	1	1	1	1	1	1	1	1	1	1	1	1	1	1	1	1	1	1	1	1	1	1	1	1	1	1	1	1	1	1	0	0	1	1	1	1	1	1	1	1	1	1	1	1	1	1	1	1	1	1	1	1	1	1	1	1	1	1	1	1	1	1	1	1	1	1	1	1	1	2	0	1	0	0	1	1	1	1	1	1
457	1	1	1	1	1	1	1	1	1	1	1	0	1	1	1	1	1	1	1	1	1	1	1	1	1	1	1	1	1	1	1	1	1	1	1	1	1	1	1	1	1	1	1	1	1	1	1	1	1	1	1	1	1	1	1	1	1	1	1	1	1	1	1	1	1	1	1	1	1	1	1	1	1	1	1	1	1	1	1	1	1	1	1	1	1	1	1	1	1	1	1	1	1	2	2	2	2	2	2	2	0	0	0	0	1	1	0	0	0	0
458	0	0	0	0	0	0	0	0	0	0	0	0	0	0	0	0	0	0	0	0	0	0	0	0	0	0	0	0	0	0	0	0	0	0	0	0	0	0	0	0	0	0	0	0	0	0	0	0	0	0	0	0	0	0	0	0	0	0	0	0	0	0	0	0	0	0	0	0	0	0	0	0	0	0	0	0	0	0	0	0	0	0	0	0	0	0	0	0	0	2	2	0	2	0	0	0	0	0	0	1	1	2	1	1	2	2	0	0	0	0
459	1	1	1	1	1	1	0	0	0	0	0	0	0	0	0	0	0	0	0	0	0	0	0	0	0	0	0	0	0	0	0	0	0	0	0	0	0	0	0	0	0	0	0	0	0	0	0	0	0	0	0	0	0	0	0	0	0	0	0	0	0	0	0	0	0	0	0	0	0	0	0	0	0	0	0	0	0	0	0	0	0	0	0	0	0	0	0	0	0	2	2	0	2	0	0	0	0	0	0	1	1	2	1	1	2	2	0	0	0	0
460	1	1	1	1	1	1	0	1	1	1	1	1	1	1	1	1	1	1	1	1	1	1	1	1	1	1	1	1	1	1	1	1	1	1	1	1	1	1	1	1	1	1	1	1	1	1	1	1	1	1	1	1	1	1	1	1	1	1	1	1	1	1	1	1	1	1	1	1	1	1	1	1	1	1	1	1	1	1	1	1	1	1	1	1	1	1	1	1	1	1	1	1	1	1	1	1	1	1	1	2	0	1	0	0	1	1	1	1	1	1
461	1	1	1	1	1	1	1	2	2	2	0	0	1	1	2	1	0	1	2	0	2	0	0	0	2	0	2	0	0	1	2	2	2	2	2	1	2	1	1	1	2	2	1	2	2	2	1	2	2	2	0	1	2	1	0	1	1	1	0	2	1	1	1	2	2	0	0	2	1	1	1	1	2	0	0	1	0	0	0	2	1	0	0	2	0	1	0	1	0	1	2	0	2	0	1	1	0	0	0	2	0	2	0	0	2	1	0	0	0	0
462	2	2	2	2	2	2	2	2	2	2	2	1	2	2	2	2	2	2	2	2	2	2	2	2	2	2	2	2	2	2	2	2	2	2	2	2	2	2	2	2	2	2	2	2	2	2	2	2	2	2	2	2	2	2	2	2	2	2	2	2	1	1	2	2	2	2	2	2	2	2	2	2	2	2	2	2	2	2	2	2	2	2	2	2	2	2	2	2	2	0	0	2	0	2	2	2	2	2	2	2	0	0	0	0	0	0	1	1	1	1
463	2	2	2	2	2	2	2	0	0	0	0	0	0	0	0	0	0	0	0	0	0	0	0	0	0	0	0	0	0	0	0	0	0	0	0	0	0	0	0	0	0	0	0	0	0	0	0	0	0	0	0	0	0	0	0	0	0	0	0	0	0	0	0	0	0	0	0	0	0	0	0	0	0	0	0	0	0	0	0	0	0	0	0	0	0	0	0	0	0	2	2	0	2	0	0	0	0	0	0	1	1	2	1	1	2	2	0	0	0	0
464	2	2	2	2	2	2	2	2	2	2	2	1	2	2	2	2	2	2	2	2	2	2	2	2	2	2	2	2	2	2	2	2	2	2	2	2	2	2	2	2	2	2	2	2	2	2	2	2	2	2	2	2	2	2	2	2	2	2	2	2	1	1	2	2	2	2	2	2	2	2	2	2	2	2	2	2	2	2	2	2	2	2	2	2	2	1	2	2	2	0	0	2	0	2	2	2	2	2	2	2	0	0	0	0	0	0	2	2	2	2
