29	2	2	2	2	2	2	2	2	2	2	2	2	2	2	2	2	2	2	2	2	2	2	2	2	0	0	1
30	1	1	1	1	1	1	1	1	1	1	1	1	1	1	1	1	1	1	1	1	1	1	1	0	2	2	1
31	2	2	2	2	2	2	2	2	2	2	2	2	2	2	2	2	2	2	2	2	2	2	2	1	1	1	1
32	1	1	1	1	1	1	0	0	0	1	1	0	1	0	0	1	1	0	1	0	0	0	2	0	1	0	1
33	2	2	2	2	2	2	2	2	2	2	2	2	2	2	2	2	2	2	2	2	2	2	2	2	0	0	1
34	1	2	1	1	2	2	1	2	1	2	1	1	2	1	1	2	2	1	2	2	2	2	2	2	0	0	1
35	0	1	0	0	1	1	0	1	0	1	0	0	1	0	0	1	1	0	1	1	1	1	1	1	1	1	0
36	1	2	2	2	2	2	2	2	2	2	2	2	2	2	2	2	2	2	2	2	2	2	2	2	0	0	1
37	1	1	1	1	1	1	1	1	1	1	1	1	1	1	1	1	1	1	1	1	1	1	1	0	2	2	1
38	2	2	2	2	2	2	2	2	2	2	2	2	2	2	2	2	2	2	2	2	2	2	2	1	1	1	0
39	1	1	1	1	1	1	1	1	0	1	1	1	1	1	0	1	1	0	1	1	1	1	1	1	1	1	1
40	1	2	1	1	2	2	2	1	0	1	0	0	1	0	0	1	1	0	2	1	1	1	1	0	2	0	0
296	2	2	2	2	2	2	2	2	2	2	2	2	2	2	2	2	2	2	2	2	2	2	2	1	1	1	1
297	1	2	1	1	2	2	1	1	0	1	0	0	1	0	0	1	1	0	2	1	1	1	1	1	1	0	0
298	0	0	0	0	0	0	0	0	0	0	0	0	0	0	0	0	0	0	0	0	0	0	0	0	2	2	2
299	2	2	2	2	2	2	2	2	2	2	2	2	2	2	2	2	2	2	2	2	2	2	2	1	1	1	0
300	2	2	2	2	2	2	2	2	2	2	2	2	2	2	2	2	2	2	2	2	2	2	2	2	0	0	0
301	1	2	1	1	2	2	0	1	0	2	0	0	2	0	0	2	2	0	1	1	1	1	2	1	1	0	0
302	2	2	2	2	2	2	2	1	1	1	1	1	1	1	1	1	1	1	2	1	1	1	1	1	1	0	1
303	1	2	1	1	2	2	1	2	2	2	2	2	2	2	2	2	2	2	2	2	2	2	2	2	0	0	0
304	0	1	0	0	1	1	0	1	0	1	0	0	1	0	0	1	1	0	1	1	1	1	2	1	1	1	1
305	1	2	1	1	2	2	1	2	2	2	2	2	2	1	2	2	2	1	1	2	2	2	2	2	0	0	0
306	1	1	1	1	1	1	1	1	1	1	1	1	1	1	1	1	1	1	1	1	1	1	1	1	0	1	2
307	0	1	0	0	1	1	0	1	1	1	1	1	1	1	1	1	1	1	1	1	1	1	2	1	1	0	1
308	1	1	1	1	1	2	1	1	1	2	1	1	2	1	1	2	2	1	2	2	1	1	2	1	1	0	0
309	2	2	2	2	2	2	2	1	1	1	1	1	1	1	1	1	1	1	2	1	1	0	1	1	1	0	0
310	1	1	1	1	1	1	0	0	0	1	0	0	1	0	0	1	1	0	1	0	0	0	1	0	1	1	1
311	2	2	2	2	2	2	2	1	1	1	1	1	1	1	1	1	1	1	2	1	1	1	1	1	1	0	1
312	1	1	1	1	1	1	1	1	1	1	1	1	1	1	1	1	1	1	1	1	1	1	1	1	1	1	1
313	2	2	2	2	2	2	2	2	1	2	2	2	2	2	1	2	2	1	2	2	2	2	2	2	0	0	0
314	1	2	1	1	2	2	1	2	1	2	1	1	2	1	1	2	2	1	2	2	2	2	2	2	0	0	1
315	1	1	1	1	1	1	1	1	1	1	1	1	1	1	1	1	1	1	1	1	1	1	1	1	1	1	1
316	1	1	1	1	1	1	1	1	1	1	1	1	1	1	1	1	1	1	1	1	1	1	1	1	1	1	2
317	1	1	1	1	1	1	1	0	0	0	0	0	0	0	0	0	0	0	1	0	0	0	0	0	2	1	1
318	2	2	2	2	2	2	1	1	1	2	1	1	2	1	1	2	2	1	2	1	1	1	2	1	1	0	0
319	0	0	0	0	0	0	0	0	0	0	0	0	0	0	0	0	0	0	0	0	0	0	0	0	2	2	2
320	1	1	1	1	1	1	1	0	0	1	1	0	1	0	0	1	1	0	1	0	0	0	1	0	1	1	1
321	0	1	0	0	1	1	1	1	0	1	0	0	1	0	0	1	1	0	1	1	1	1	1	0	1	1	1
322	2	2	2	2	2	2	2	2	2	2	2	2	2	2	2	2	2	2	2	2	2	2	2	1	1	1	1
323	1	2	1	1	1	2	1	1	1	2	1	1	2	1	1	2	2	1	2	2	1	1	2	1	1	0	1
324	1	1	1	1	1	1	1	1	1	1	1	1	1	1	1	1	1	1	1	1	1	1	1	1	1	1	1
325	1	2	1	1	1	2	1	1	1	2	1	1	2	1	1	2	2	1	2	2	1	1	2	0	2	1	1
326	2	2	1	2	2	2	2	2	2	2	2	2	2	1	2	2	2	2	2	2	2	2	2	1	1	1	1
327	1	2	2	2	2	2	2	2	1	2	1	1	2	1	1	2	2	1	2	2	2	2	2	2	0	0	1
328	1	2	2	2	2	2	2	2	2	2	2	2	2	2	2	2	2	2	2	2	2	2	2	2	0	0	1
329	1	1	1	1	1	1	1	1	0	1	1	1	1	1	0	1	1	0	1	1	1	1	1	1	1	1	1
330	2	2	2	2	2	2	2	2	2	2	2	2	2	2	2	2	2	2	2	2	2	2	2	2	0	0	1
331	2	2	2	2	2	2	2	1	1	2	1	1	2	1	1	2	2	1	2	1	1	0	1	0	2	0	0
332	1	2	1	1	2	2	0	1	1	2	2	1	2	1	1	2	2	1	2	1	1	1	2	1	0	0	0
333	1	1	1	1	1	1	0	0	0	1	0	0	1	0	0	1	1	0	1	0	0	0	1	0	2	1	1
334	1	1	1	1	1	1	1	1	1	1	1	1	1	0	1	1	1	1	1	1	1	1	2	1	1	0	1
335	2	2	2	2	2	2	2	2	1	2	2	2	2	2	1	2	2	1	2	2	2	2	2	2	0	0	1
336	1	2	1	1	2	2	1	2	1	2	1	1	2	1	1	2	2	1	2	2	2	2	2	1	1	1	0
337	2	2	2	2	2	2	2	2	2	2	2	2	2	2	2	2	2	2	2	2	2	2	2	2	0	0	0
338	1	1	1	1	1	1	1	0	0	0	0	0	0	0	0	0	0	0	1	0	0	0	0	0	2	1	1
339	1	1	1	1	1	1	0	0	0	1	0	0	1	0	0	1	1	0	1	0	0	0	1	0	1	1	1
340	1	1	1	1	1	1	1	1	1	1	1	1	1	1	1	1	1	1	1	1	1	1	1	1	1	1	1
341	0	1	0	0	0	1	0	0	0	1	0	0	1	0	0	1	1	0	1	1	0	0	1	0	2	1	0
342	1	1	1	1	1	1	1	1	0	1	1	1	1	1	0	1	1	0	1	1	1	1	2	1	1	0	0
343	1	1	1	1	1	1	1	1	1	1	1	1	1	1	1	1	1	1	1	1	1	1	1	1	1	1	0
344	0	0	0	0	0	0	0	0	0	0	0	0	0	0	0	0	0	0	0	0	0	0	1	0	2	1	1
345	1	2	1	1	2	2	2	2	1	2	1	1	2	1	1	2	2	1	2	2	2	2	2	1	1	0	0
346	1	2	1	1	2	2	2	2	1	2	1	1	2	1	1	2	2	1	2	2	2	2	2	1	1	0	0
347	2	2	2	2	2	2	2	2	2	2	2	2	2	1	2	2	2	2	2	2	2	2	2	1	1	1	2
348	1	2	1	1	2	2	1	2	1	2	1	1	2	1	1	2	2	1	2	2	2	2	2	1	1	1	1
349	1	1	1	1	1	1	1	1	1	1	1	1	1	1	1	1	1	1	1	1	1	1	1	1	1	1	1
350	0	2	0	0	1	2	0	2	1	2	1	1	2	1	1	2	2	1	2	2	2	2	2	2	0	0	0
351	2	2	2	2	2	2	1	1	1	2	1	1	2	0	1	2	2	1	2	1	1	1	2	1	1	0	2
352	1	1	1	1	1	1	1	1	1	1	1	1	1	1	1	1	1	1	1	1	1	1	1	1	1	1	2
353	0	1	0	0	1	1	1	1	0	1	0	0	1	0	0	1	1	0	1	1	1	1	1	0	1	1	0
354	1	1	1	1	1	1	1	1	1	1	1	1	1	0	1	1	1	0	0	1	1	1	1	1	1	1	1
355	2	2	2	2	2	2	2	1	1	2	1	1	2	1	1	2	2	1	2	1	1	1	2	1	0	0	1
356	1	1	1	1	1	1	1	0	0	0	0	0	0	0	0	0	0	0	1	0	0	0	0	0	2	1	1
357	1	2	1	1	2	2	2	2	1	2	1	1	2	1	1	2	2	1	2	2	2	2	2	1	1	0	1
358	1	2	2	2	2	2	2	2	2	2	2	2	2	2	2	2	2	2	2	2	2	2	2	2	0	0	1
359	0	1	0	0	0	1	0	0	0	1	0	0	1	0	0	1	1	0	1	1	0	0	1	0	2	1	0
360	2	2	2	2	2	2	2	2	1	2	2	2	2	2	1	2	2	1	2	2	2	2	2	2	0	0	1
361	1	1	1	1	1	1	0	0	0	1	0	0	1	0	0	1	1	0	1	0	0	0	1	0	2	1	1
362	1	2	1	1	2	2	1	2	2	2	2	2	2	2	2	2	2	2	2	2	2	2	2	2	0	0	1
363	2	2	2	2	2	2	2	2	2	2	2	2	2	2	2	2	2	2	2	2	2	2	2	1	1	1	2
364	2	2	1	2	2	2	2	1	1	1	1	1	1	0	1	1	1	1	2	1	1	1	1	1	1	0	0
365	2	2	2	2	2	2	2	2	2	2	2	2	2	2	2	2	2	2	2	2	2	2	2	2	0	0	1
366	1	1	1	1	1	1	1	1	1	1	1	1	1	1	1	1	1	1	1	1	1	1	1	1	1	1	1
367	0	1	0	0	1	1	0	1	1	1	1	1	1	1	1	1	1	1	1	1	1	1	1	1	0	1	1
368	0	2	0	0	1	2	1	1	0	2	0	0	2	0	0	2	2	0	2	2	1	1	2	0	2	0	0
369	1	1	1	1	1	1	1	1	1	1	1	1	1	1	1	1	1	1	1	1	1	1	2	1	1	0	1
370	0	0	0	0	0	0	0	0	0	0	0	0	0	0	0	0	0	0	0	0	0	0	0	0	2	2	2
371	1	1	1	1	1	1	1	0	0	0	0	0	0	0	0	0	0	0	1	0	0	0	1	0	2	0	1
372	2	2	2	2	2	2	2	2	2	2	2	2	2	2	2	2	2	2	2	2	2	2	2	1	1	0	0
