29	1	2	2	0	2	2	2	0	0	2	2	2	0	0	0	2	0	2	2	0	0	0	2	0	0	2	0	0	2	2	0	0	0	0	0	0	0	0	2	2	1	0	2	2	0	0	0	2	0	2	2	0	0	2	0	0	2	0	2	0	0	0	0	0	0	0	2	0	2	0	0	2	2	0	0	0	0	2	0	2	2	0	0	0	0	0	2	0	2	2	2	2	0	0	0	0	0	0	0	0	0	0	0	0	0	0	0	0	2	0	2	2	2	0	2	0	0	0	0	0	0	0	0	0	0	0	0	0	0	0	0	0	0	0	0	0	0	0	0	0	0	0	0	0	0	0	0	0	0	0	0	0	0	0	0	0	0	0	0	0	0	0	0	0	0	0	0	0	0	0	1	0	0	0	0	0	0	0	0	0	0	0	0	0	0	0	0	0	0	0	0	0	0	1	0	0	0	0	0	0	0	0	0	0	0	0	0	0	0	0	2	0	0	1	0	1	1	2	0	1	0	0	0	0	2	2	2	1	2	2	2	0	0	0	1	0	0	1	0	0	0	2	0	2	2	0	2	2	1	1	1	1	1	1	0	0	0
30	1	2	2	0	2	2	2	0	0	2	2	2	0	0	0	2	0	2	1	0	0	0	2	0	0	2	0	0	2	2	0	0	1	0	1	0	0	0	2	2	2	0	2	2	0	0	0	2	0	2	2	0	0	2	0	0	1	0	2	0	0	0	0	0	0	0	1	0	2	0	0	2	2	0	0	0	0	2	0	2	2	0	0	0	0	0	2	0	2	2	2	2	0	0	0	0	0	0	0	1	0	0	0	0	0	0	0	0	2	0	2	2	2	0	2	0	0	0	0	0	0	0	0	0	0	0	0	0	0	0	0	0	0	0	0	0	0	0	0	0	0	0	0	0	0	0	0	0	0	0	0	0	0	0	0	0	0	0	0	0	0	0	0	0	0	0	1	0	0	0	0	0	1	0	0	0	0	0	0	1	0	0	0	0	0	0	0	0	0	0	0	0	0	0	0	0	0	0	1	0	0	0	0	0	0	0	0	0	0	0	2	1	1	1	1	1	1	2	0	1	0	0	0	0	2	2	2	1	2	2	2	0	0	0	1	0	0	1	0	0	0	2	0	2	2	0	2	2	2	1	2	2	2	2	1	1	1
31	1	2	1	1	2	2	2	0	0	2	1	2	0	0	0	2	0	2	2	0	0	0	2	0	0	2	0	0	2	2	0	0	1	0	0	0	0	0	2	2	2	0	1	1	0	0	0	1	0	1	1	0	0	2	0	0	2	0	1	0	0	0	0	0	0	0	2	0	1	0	0	2	2	1	0	0	0	2	0	2	2	0	0	0	0	0	2	0	2	2	2	2	0	0	1	0	0	1	0	1	0	0	0	1	0	0	0	0	1	0	1	1	1	0	1	0	1	0	0	0	0	0	0	1	0	1	1	1	1	1	1	0	1	0	0	0	1	1	1	1	1	1	1	1	1	1	1	1	1	1	0	1	1	1	0	0	0	1	1	1	1	1	1	1	1	1	1	1	1	1	1	0	1	1	1	1	1	1	1	1	1	1	1	1	1	1	0	1	1	0	1	0	1	1	1	1	0	1	1	0	1	0	1	1	1	1	1	1	0	1	2	1	1	1	1	0	1	2	1	1	0	0	0	0	2	2	2	1	2	2	2	0	0	0	1	0	0	1	0	0	0	2	0	2	2	0	2	2	2	1	2	2	2	2	1	2	2
32	0	2	1	0	2	2	1	0	0	1	2	2	0	0	0	2	0	2	2	0	0	0	2	0	0	2	0	0	2	2	0	0	0	0	0	0	0	0	2	2	2	0	2	2	0	0	0	2	0	2	2	1	0	2	0	0	1	0	2	0	0	0	0	0	0	0	1	0	2	0	0	2	2	0	0	0	0	2	0	2	2	0	0	0	0	0	2	0	1	1	2	1	0	0	0	0	0	0	0	1	0	0	0	0	0	0	0	0	2	0	2	2	2	0	2	0	0	0	0	0	0	0	0	0	0	0	0	0	0	0	0	0	0	0	0	0	0	0	0	0	0	0	0	0	0	0	0	0	0	0	0	0	0	0	0	0	0	0	0	0	0	0	0	0	0	0	1	0	0	0	0	0	1	0	0	0	0	0	0	1	0	0	0	0	0	0	0	0	0	0	0	0	0	0	1	0	0	0	1	0	0	0	0	0	0	0	0	0	0	0	2	1	1	2	1	2	2	2	0	2	0	0	0	0	2	2	2	2	2	2	2	0	0	0	2	0	0	2	0	0	0	2	0	2	2	0	2	2	0	0	0	0	0	0	0	0	0
33	1	2	0	0	2	2	2	0	0	2	2	2	1	1	1	2	0	2	2	0	1	1	2	0	1	2	1	1	2	2	2	1	2	0	2	1	1	1	1	0	0	2	0	1	1	0	1	0	1	0	1	0	0	0	0	1	0	0	0	1	1	1	1	0	0	1	0	0	0	0	0	2	2	2	0	0	2	2	0	2	2	1	1	2	2	0	1	1	2	1	1	2	1	1	1	1	1	2	1	2	1	1	0	2	0	1	1	1	0	0	0	0	1	1	0	1	2	0	0	1	1	0	1	2	0	1	2	1	2	2	2	0	2	1	1	1	2	2	2	2	2	2	2	1	2	2	2	2	2	2	1	2	2	2	1	2	2	2	2	2	2	1	2	2	2	2	2	2	2	2	2	0	2	2	2	2	2	2	2	2	2	2	2	2	2	2	1	2	2	0	2	1	1	1	2	1	1	2	2	1	2	1	2	2	2	1	2	2	2	2	2	1	1	2	1	1	2	2	1	2	0	0	0	0	1	1	1	1	1	1	1	1	0	1	1	1	1	1	1	0	1	1	0	1	1	0	1	1	1	1	1	1	1	1	1	1	1
34	0	0	0	0	0	1	0	1	1	1	1	1	0	0	0	1	0	1	1	0	0	0	1	0	0	1	0	0	1	2	0	0	0	0	0	0	0	0	2	1	1	0	2	2	0	1	0	2	0	2	2	2	0	2	0	0	1	1	1	0	0	0	0	1	1	0	1	1	2	1	1	1	1	0	0	0	0	1	0	1	1	0	0	0	0	0	1	0	0	0	1	0	0	0	0	0	0	0	0	1	0	0	0	0	0	0	0	0	2	0	2	2	2	0	2	0	0	0	0	0	0	1	0	0	0	0	0	0	0	0	0	0	0	0	0	0	0	0	0	0	0	0	0	0	0	0	0	0	0	0	0	0	0	0	0	0	0	0	0	0	0	0	0	0	0	0	1	0	0	0	0	0	1	0	0	0	0	0	0	1	0	0	0	0	0	0	0	0	0	0	0	0	0	0	1	0	0	0	1	0	0	0	0	0	0	0	0	0	0	0	1	1	1	1	1	1	1	1	0	1	0	0	2	1	0	0	0	0	0	0	0	0	2	2	0	0	0	0	2	0	0	0	2	0	0	0	1	1	2	1	2	2	2	2	2	2	2
35	1	2	0	0	2	2	2	0	0	1	2	2	0	1	0	2	0	2	2	0	0	0	2	0	0	2	0	0	2	2	1	0	2	0	1	0	0	0	2	1	1	1	1	2	0	0	0	1	0	0	2	0	0	1	0	0	1	0	1	0	0	0	0	0	0	0	1	0	1	0	0	2	2	1	0	0	1	2	0	2	2	0	0	1	1	0	1	0	2	1	1	2	0	0	0	0	0	1	0	1	0	0	0	1	0	0	0	0	1	0	1	1	2	0	1	0	1	0	0	0	0	0	0	1	0	0	1	0	1	1	1	0	1	0	0	0	1	1	1	1	1	1	1	0	1	1	1	1	1	1	0	1	2	1	0	1	1	1	1	1	1	0	1	1	1	1	1	1	1	1	1	0	1	1	1	1	1	1	1	1	1	1	1	1	1	1	0	1	1	0	1	0	0	1	1	1	1	1	1	0	1	1	1	1	1	0	1	1	1	0	2	0	0	1	0	0	1	2	0	1	0	0	1	0	0	0	0	0	0	0	0	0	1	2	0	0	0	0	2	0	0	0	1	0	0	0	1	1	2	2	2	2	2	2	2	1	1
36	1	1	1	0	1	1	1	1	1	1	1	1	0	0	0	1	0	1	1	0	0	0	1	0	0	1	0	0	1	1	0	0	0	0	0	0	0	0	2	2	2	0	2	2	0	1	0	2	0	2	2	1	0	2	0	0	2	1	2	0	0	0	0	1	1	0	2	1	2	1	1	1	1	0	0	0	0	1	0	1	1	0	0	0	0	0	1	0	1	1	1	1	0	0	0	0	0	0	0	0	0	0	0	0	0	0	0	0	2	0	2	2	2	0	2	0	0	0	0	0	0	1	0	0	0	0	0	0	0	0	0	0	0	0	0	0	0	0	0	0	0	0	0	0	0	0	0	0	0	0	0	0	0	0	0	0	0	0	0	0	0	0	0	0	0	0	0	0	0	0	0	0	0	0	0	0	0	0	0	0	0	0	0	0	0	0	0	0	0	0	0	0	0	0	0	0	0	0	0	0	0	0	0	0	0	0	1	1	1	1	1	1	1	1	1	1	1	1	1	1	1	1	1	1	1	1	1	1	1	1	1	1	1	1	1	1	1	1	1	1	1	1	1	1	1	1	1	1	1	1	1	1	1	1	1	2	1
37	0	2	2	0	2	2	2	0	0	2	2	2	0	0	0	2	0	2	2	0	0	0	2	0	0	2	0	0	2	2	0	0	0	0	0	0	0	0	1	1	1	1	2	1	1	0	0	2	1	1	1	0	0	1	0	1	2	0	1	0	1	0	0	0	0	1	1	0	1	0	0	2	2	1	0	0	1	2	0	2	2	1	1	1	1	0	2	1	2	2	2	2	1	1	1	1	1	0	1	1	1	1	0	1	0	1	1	1	1	0	1	1	1	1	1	1	1	0	0	0	1	0	1	1	0	1	1	1	1	1	1	0	1	1	1	1	1	1	1	1	1	1	1	1	1	1	1	1	1	1	1	1	1	1	1	1	1	1	1	1	1	0	1	1	1	1	1	1	1	1	1	0	1	1	1	1	1	1	1	1	1	1	1	1	1	1	1	1	1	0	1	1	1	1	1	0	0	1	1	1	1	1	1	1	1	1	1	1	1	0	2	1	1	2	1	2	2	2	1	2	0	0	0	0	2	2	2	1	2	2	1	0	0	0	1	0	0	1	1	0	0	2	0	2	2	0	2	2	0	0	0	0	0	0	0	0	0
38	0	1	1	0	1	1	1	1	1	1	1	1	0	0	0	1	0	1	1	0	0	0	2	0	0	2	0	0	1	2	0	0	0	0	0	0	0	0	2	2	1	0	2	1	0	1	0	2	0	1	2	1	0	2	0	0	2	0	2	0	0	0	0	0	0	0	2	0	2	1	1	1	1	0	0	0	0	2	0	1	1	0	0	0	0	0	1	0	1	1	1	1	0	0	0	0	0	0	0	0	0	0	0	0	0	0	0	0	2	0	2	2	2	0	2	0	0	0	0	0	0	0	0	0	0	0	0	0	0	0	0	0	0	0	0	0	0	0	0	0	0	0	0	0	0	0	0	0	0	0	0	0	0	0	0	0	0	0	0	0	0	0	0	0	0	0	0	0	0	0	1	0	0	0	0	0	0	0	0	0	0	0	0	0	0	0	0	0	0	0	0	0	0	1	0	0	0	0	0	0	0	0	0	0	0	0	0	0	0	0	1	0	0	1	0	1	1	2	0	1	0	0	0	0	1	1	1	1	1	1	1	0	1	1	1	0	0	1	1	0	0	1	1	1	1	0	2	2	0	0	0	1	0	1	1	1	1
39	0	1	1	1	1	2	1	1	1	1	1	1	1	0	1	1	0	1	2	0	1	0	2	0	1	2	1	1	1	2	1	1	1	0	1	1	1	1	1	0	0	1	1	1	1	1	1	1	1	1	1	1	0	1	0	1	1	1	1	1	1	1	1	0	0	1	1	0	1	1	1	2	1	1	0	0	1	2	0	1	1	1	1	1	1	0	1	1	1	1	1	1	1	1	1	1	1	0	1	1	1	1	0	1	0	1	1	1	1	0	1	1	1	1	1	1	1	0	0	1	1	0	1	1	0	1	1	1	1	1	1	0	1	1	1	1	1	1	1	1	1	1	1	1	1	1	1	1	1	1	1	1	1	1	1	1	1	1	1	1	1	1	1	1	1	1	1	1	1	1	1	0	1	1	1	1	1	1	1	1	1	1	1	1	1	1	1	1	1	0	1	1	1	1	1	1	1	1	1	0	1	1	1	1	1	1	1	1	1	1	2	1	1	1	1	1	1	1	1	1	0	0	1	0	1	1	1	1	1	1	1	1	1	1	1	1	1	1	1	0	1	1	1	1	1	0	2	2	0	0	0	0	0	0	0	0	0
40	1	2	0	0	2	2	2	0	0	2	1	2	0	1	0	2	0	2	2	0	0	0	2	0	0	2	0	0	2	2	2	0	2	0	1	0	0	0	2	1	1	1	1	2	0	0	0	1	0	1	2	0	0	1	0	0	1	0	1	0	0	0	0	0	0	0	1	0	1	0	0	2	2	1	0	0	1	2	0	2	2	0	0	1	1	0	1	0	2	1	1	2	0	0	0	0	0	1	0	1	0	0	0	1	0	0	0	0	1	0	1	1	2	0	1	0	1	0	0	0	0	0	0	1	0	0	1	0	1	1	1	0	1	0	0	0	1	1	1	1	1	1	1	0	1	1	1	1	1	1	0	1	1	1	0	1	1	1	1	1	1	0	1	1	1	1	1	1	1	1	1	0	1	1	1	1	1	1	1	1	1	1	1	1	1	1	0	1	1	0	1	0	1	1	1	0	0	1	1	0	1	0	1	1	1	0	1	1	1	1	2	0	0	1	0	0	1	2	0	1	0	0	2	0	0	1	0	0	1	0	0	0	1	1	1	0	0	1	1	0	0	1	1	1	1	0	1	1	1	1	1	2	1	2	2	2	2
296	1	1	1	0	1	1	1	0	0	2	1	2	0	0	0	2	0	2	2	0	0	0	1	0	0	2	0	0	2	2	0	0	0	0	0	0	0	0	2	2	2	0	2	2	0	1	0	2	0	2	2	0	0	2	0	0	2	0	2	0	0	0	0	0	0	0	2	0	2	0	1	1	1	0	0	0	0	2	0	1	1	0	0	0	0	0	1	0	1	1	1	1	0	0	0	0	0	0	0	0	0	0	0	0	0	0	0	0	2	0	2	2	2	0	2	0	0	0	0	0	0	0	0	0	0	0	0	0	0	0	0	0	0	0	0	0	0	0	0	0	0	0	0	0	0	0	0	0	0	0	0	0	0	0	0	0	0	0	0	0	0	0	0	0	0	0	0	0	0	0	0	0	0	0	0	0	0	0	0	0	0	0	0	0	0	0	0	0	0	0	0	0	0	0	0	0	0	0	0	0	0	0	0	0	0	0	0	0	0	0	1	0	0	0	0	0	0	1	0	0	0	0	0	0	1	1	1	0	1	1	1	0	0	1	0	0	0	0	1	0	0	1	0	1	1	0	1	1	2	2	2	2	2	2	1	1	1
297	0	2	1	0	2	2	1	0	0	1	2	2	0	0	0	2	0	2	2	0	0	1	2	0	0	2	0	0	2	2	0	0	0	0	0	0	0	0	2	2	2	0	2	2	0	0	0	2	0	2	2	1	0	2	0	0	1	0	2	0	0	0	0	0	0	0	1	0	2	0	0	2	2	0	0	0	0	2	0	2	2	0	0	0	0	0	2	0	1	1	2	1	0	0	0	0	0	0	0	1	0	0	0	0	0	0	0	0	2	0	2	2	2	0	2	0	0	0	0	0	0	0	0	0	0	0	0	0	0	0	0	0	0	0	0	0	0	0	0	0	0	0	0	0	0	0	0	0	0	0	0	0	0	0	0	0	0	0	0	0	0	0	0	0	0	0	1	0	0	0	0	0	1	0	0	0	0	0	0	1	0	0	0	0	0	0	0	0	0	0	0	0	0	0	1	0	0	0	1	0	0	0	0	0	0	0	0	0	0	0	2	1	1	2	1	2	2	2	0	2	0	0	0	0	1	1	1	1	1	1	1	0	0	1	1	0	0	1	1	0	0	1	0	1	1	0	1	1	1	1	1	1	1	1	1	1	1
298	1	2	2	0	2	2	2	0	0	2	2	2	0	0	0	2	0	2	2	0	0	0	2	0	0	2	0	0	2	2	0	0	1	0	1	0	0	0	2	2	2	0	2	2	0	0	0	2	0	2	2	0	0	2	0	0	1	0	2	0	0	0	0	0	0	0	1	0	2	0	0	2	2	0	0	0	0	2	0	2	2	0	0	0	0	0	2	0	2	2	2	2	0	0	0	0	0	0	0	1	0	0	0	0	0	0	0	0	2	0	2	2	2	0	2	0	0	0	0	0	0	0	0	0	0	0	0	0	0	0	0	0	0	0	0	0	0	0	0	0	0	0	0	0	0	0	0	0	0	0	0	0	0	0	0	0	0	0	0	0	0	0	0	0	0	0	1	0	0	0	0	0	1	0	0	0	0	0	0	1	0	0	0	0	0	0	0	0	0	0	0	0	0	0	0	0	0	0	1	0	0	0	0	0	0	0	0	0	0	0	2	1	1	1	1	1	1	2	0	1	0	0	0	0	2	2	2	2	2	2	2	1	0	0	2	1	1	2	0	0	1	2	0	2	2	0	2	2	1	0	1	1	1	1	1	1	1
299	1	1	1	0	1	1	1	1	1	1	1	1	0	1	0	1	0	1	1	0	0	0	2	0	0	2	0	0	1	2	1	0	1	0	1	0	0	0	2	0	0	1	1	2	0	1	0	1	0	1	2	1	0	1	0	0	1	1	0	0	0	0	0	0	0	0	1	0	1	1	1	1	1	1	0	0	1	2	0	1	1	0	0	1	1	0	0	0	1	0	0	1	0	0	0	0	0	1	0	1	0	0	0	1	0	0	0	0	1	0	1	1	2	0	1	0	1	0	0	0	0	0	0	1	0	0	1	0	1	1	1	0	1	0	0	0	1	1	1	1	1	1	1	0	1	1	1	1	1	1	0	1	1	1	0	1	1	1	1	1	1	0	1	1	1	1	1	1	1	1	1	0	1	1	1	1	1	1	1	1	1	1	1	1	1	1	0	1	1	0	1	0	1	1	1	0	0	1	1	0	1	0	1	1	1	0	1	1	1	1	1	0	0	1	0	0	1	1	0	1	0	0	1	0	0	0	0	0	0	0	0	0	2	2	0	0	0	0	2	0	0	0	2	0	0	0	2	2	1	1	1	2	1	2	2	2	2
300	1	2	1	1	2	2	2	0	0	2	2	2	0	1	0	2	0	2	2	0	0	1	2	0	0	2	0	0	2	2	1	0	1	0	1	0	1	1	1	0	0	1	2	2	0	0	0	1	1	0	1	0	0	1	0	0	1	2	1	0	1	1	1	0	0	0	1	0	1	0	0	2	2	1	0	0	0	2	0	2	2	0	0	0	1	0	2	0	2	2	2	2	0	0	1	0	0	1	1	1	0	0	0	1	0	0	0	0	1	0	1	1	1	0	1	0	1	0	0	0	0	0	0	0	0	0	1	0	1	1	1	0	1	0	0	0	1	0	1	1	1	1	1	0	1	1	1	1	1	1	0	1	1	1	0	1	1	1	1	1	1	1	1	1	1	1	1	1	1	1	1	0	1	1	1	1	1	1	1	1	0	0	1	1	1	1	0	1	1	0	1	1	1	1	1	1	1	1	1	0	1	0	0	1	1	0	1	1	1	1	2	0	0	1	0	0	1	2	0	1	0	0	0	0	1	1	1	0	1	1	1	0	1	1	0	0	0	0	2	0	0	1	1	1	1	0	2	0	1	1	1	2	1	1	2	2	2
301	0	1	0	0	1	1	0	1	1	0	1	1	0	0	0	1	0	1	1	0	0	0	2	0	0	2	0	0	1	2	0	0	0	0	0	0	0	0	2	2	2	0	2	1	0	1	0	2	0	2	2	2	0	2	0	0	1	1	2	0	0	0	0	0	0	0	1	0	2	1	1	1	1	0	0	0	0	2	0	1	1	0	0	0	0	0	1	0	0	0	1	0	0	0	0	0	0	0	0	1	0	0	0	0	0	0	0	0	2	0	2	2	2	0	2	0	0	0	0	0	0	0	0	1	0	0	0	0	0	0	0	0	0	0	0	0	0	0	0	0	0	0	0	0	0	0	0	0	0	0	0	0	0	0	0	0	0	0	0	0	0	0	0	0	0	0	1	0	0	0	0	0	1	0	0	0	0	0	0	1	0	0	0	0	0	0	0	0	0	0	0	0	0	0	1	0	0	0	1	0	0	0	0	0	0	0	0	0	0	0	1	1	1	1	1	1	1	1	0	1	0	0	1	0	2	2	2	2	2	2	2	0	0	0	2	0	0	2	0	0	0	2	0	2	2	0	2	1	1	1	1	1	1	1	1	1	1
302	0	1	1	1	1	2	1	1	1	1	0	1	1	0	1	1	0	1	1	0	1	0	2	0	1	2	1	1	1	2	1	1	1	0	1	1	1	1	1	0	0	1	1	0	1	1	1	1	1	1	1	1	0	1	0	1	1	1	1	1	1	1	1	0	0	1	1	1	1	1	1	2	1	1	0	0	1	2	0	1	1	1	1	1	1	0	1	1	1	1	1	1	1	1	1	1	1	1	1	1	1	1	0	1	0	1	1	1	1	0	1	1	1	1	1	1	1	0	0	1	1	0	1	1	0	1	1	1	1	1	1	0	1	1	1	1	1	1	1	1	1	1	1	1	1	1	1	1	1	1	1	1	1	1	1	1	1	1	1	1	1	1	1	1	1	1	1	1	1	1	1	0	1	1	1	1	0	1	1	1	1	1	1	1	1	1	1	1	1	0	1	1	1	0	1	1	1	1	1	0	1	1	1	1	1	1	1	1	1	1	2	1	1	1	1	1	1	1	1	1	0	0	1	0	1	1	1	1	1	1	1	1	1	1	1	1	1	1	1	0	1	1	1	1	1	0	2	2	0	0	0	0	0	0	0	0	0
303	0	1	1	0	1	1	1	1	1	1	1	1	0	0	0	1	0	1	1	0	0	0	1	0	0	1	0	0	1	1	0	0	0	0	0	0	0	0	1	0	0	1	2	1	1	1	0	2	1	1	1	1	0	1	0	1	2	1	1	0	1	0	0	1	1	1	1	1	1	1	1	1	1	1	0	0	1	1	0	1	1	1	1	1	1	0	1	1	1	1	1	1	1	1	1	1	1	0	1	1	1	1	0	1	0	1	1	1	1	0	1	1	1	1	1	1	1	0	0	0	1	1	1	1	0	1	1	1	1	1	1	0	1	1	1	1	1	1	1	1	1	1	1	1	1	1	1	1	1	1	1	1	1	1	1	1	1	1	1	1	1	1	1	1	1	1	1	1	1	1	1	0	1	1	1	1	1	1	1	1	1	1	1	1	1	1	1	1	1	0	1	1	1	1	1	1	1	1	1	0	1	1	1	1	1	1	1	1	1	1	1	1	1	1	1	0	1	1	1	1	0	0	1	1	1	1	1	1	1	1	1	0	1	1	1	0	0	1	1	0	0	1	1	1	1	1	1	1	1	1	1	1	1	1	1	1	1
304	0	0	1	0	1	1	1	1	1	1	1	1	0	0	0	1	0	1	0	0	0	0	1	0	0	1	0	0	1	2	0	0	0	0	0	0	0	0	2	2	2	0	2	1	0	2	0	2	0	2	2	2	0	2	0	0	2	0	2	0	0	0	0	1	2	0	2	1	2	2	2	0	0	0	0	0	0	1	0	0	0	0	0	0	0	0	0	0	0	0	0	0	0	0	0	0	0	0	0	0	0	0	0	0	0	0	0	0	2	0	2	2	2	0	2	0	0	0	0	0	0	2	0	0	0	0	0	0	0	0	0	0	0	0	0	0	0	0	0	0	0	0	0	0	0	0	0	0	0	0	0	0	0	0	0	0	0	0	0	0	0	0	0	0	0	0	0	0	0	0	0	0	0	0	0	0	0	0	0	0	0	0	0	0	0	0	0	0	0	0	0	0	0	0	0	0	0	0	0	0	0	0	0	0	0	0	0	0	0	0	0	0	0	0	0	0	0	0	0	0	0	0	1	0	0	2	0	0	1	0	0	0	1	1	0	0	0	0	2	0	0	0	2	0	0	0	0	0	2	2	2	2	2	2	2	2	2
305	0	2	1	0	2	2	1	0	0	2	2	2	0	0	0	2	0	2	2	0	0	0	2	0	0	2	0	0	2	2	0	0	1	0	1	0	0	0	1	1	1	1	2	0	1	0	0	2	1	1	1	1	0	1	0	1	1	0	1	0	1	0	0	0	0	1	1	0	1	0	0	1	2	1	0	0	1	1	0	2	2	1	1	1	1	0	1	1	1	1	2	1	1	1	1	1	1	1	1	2	1	1	0	1	0	1	1	1	1	0	1	1	1	1	1	1	1	0	0	1	1	0	1	1	0	1	1	1	1	1	1	0	1	1	1	1	1	1	1	1	1	1	1	1	1	1	1	1	1	1	1	1	1	1	1	1	1	1	1	1	1	1	1	1	1	1	2	1	1	1	1	0	2	1	1	1	1	1	1	2	1	1	1	1	1	1	1	1	1	0	1	1	1	1	2	1	1	1	2	0	1	1	1	1	0	1	1	1	1	1	2	2	2	2	2	2	2	2	1	2	0	0	0	0	2	2	2	2	2	2	2	0	0	0	2	0	0	2	0	0	0	2	0	2	2	0	2	2	0	0	0	0	0	0	0	0	0
306	0	0	0	0	0	1	0	2	2	0	0	0	0	0	0	0	0	0	1	0	0	0	1	0	0	1	0	0	0	2	0	0	0	0	0	0	0	0	2	0	0	0	2	2	0	2	0	2	0	2	2	2	0	2	0	0	2	2	2	0	0	0	0	1	1	0	2	1	2	2	2	1	0	0	0	0	0	1	0	0	0	0	0	0	0	0	0	0	0	0	0	0	0	0	0	0	0	0	0	0	0	0	0	0	0	0	0	0	2	0	2	2	1	0	2	0	0	0	0	0	0	1	0	0	0	0	0	0	0	0	0	0	0	0	0	0	0	0	0	0	0	0	0	0	0	0	0	0	0	0	0	0	0	0	0	0	0	0	0	0	0	0	0	0	0	0	0	0	0	0	0	0	0	0	0	0	0	0	0	0	0	0	0	0	0	0	0	0	0	0	0	0	0	0	0	0	0	0	0	0	0	0	0	0	0	0	0	0	0	0	1	0	0	0	0	0	0	0	0	0	0	0	2	1	0	0	0	0	0	0	0	0	2	2	0	0	0	0	2	0	0	0	2	0	0	0	1	1	1	1	1	1	1	1	1	1	1
307	1	2	2	1	2	2	1	0	0	2	2	2	0	0	0	2	0	2	2	0	0	0	2	0	0	2	0	0	2	2	1	0	1	0	1	0	1	0	1	0	0	0	1	1	0	0	0	2	0	2	1	0	0	1	0	0	1	1	1	0	0	0	0	0	0	0	1	0	1	0	0	2	2	1	0	0	0	2	0	2	2	0	0	0	1	0	2	0	2	2	2	2	0	0	1	0	0	1	0	1	0	0	0	1	0	0	0	0	1	0	1	1	1	0	1	0	1	0	0	0	0	0	0	1	0	1	1	1	1	1	1	0	1	0	0	0	1	1	1	1	1	1	1	1	1	1	1	1	1	1	0	1	1	1	0	0	0	1	1	1	1	1	1	1	1	1	1	1	1	1	1	0	1	1	1	1	0	1	1	1	1	1	1	1	1	1	0	1	1	0	1	0	1	1	1	1	1	0	1	0	1	0	1	1	1	1	1	1	1	1	2	1	1	1	1	1	1	2	1	1	0	0	0	0	2	2	2	1	2	2	2	0	0	0	1	0	0	1	0	0	0	2	0	2	2	0	2	2	1	1	1	1	1	1	0	1	1
308	1	2	1	0	2	2	1	0	0	2	1	2	0	0	0	2	0	2	2	0	0	0	1	0	0	2	0	0	2	2	0	0	0	0	0	0	0	0	2	1	1	0	2	2	0	0	0	2	0	2	2	0	0	2	0	0	2	0	1	0	0	0	0	0	0	0	2	0	2	0	1	1	2	0	0	0	0	2	0	2	1	0	0	0	0	0	1	0	2	1	1	1	0	0	0	0	0	0	0	0	0	0	0	0	0	0	0	0	2	0	2	2	2	0	2	0	0	0	0	0	0	0	0	0	0	0	0	0	0	0	0	0	0	0	0	0	0	0	0	0	0	0	0	0	0	0	0	0	0	0	0	0	0	0	0	0	0	0	0	0	0	0	0	0	0	0	0	0	0	0	0	0	0	0	0	0	0	0	0	0	0	0	0	0	0	0	0	0	0	0	0	0	0	1	0	0	0	0	0	0	0	0	0	0	0	0	0	0	0	0	2	0	0	0	0	0	0	2	0	0	0	0	1	0	1	1	1	0	1	1	1	0	1	1	0	0	0	0	1	0	0	1	1	1	1	0	2	2	1	1	1	1	1	1	1	1	2
309	0	1	1	1	1	1	1	1	1	1	0	1	1	0	1	1	0	1	1	0	1	0	1	0	1	1	1	1	1	2	1	1	1	0	1	1	1	1	1	0	0	1	1	0	1	1	1	2	1	1	1	1	0	1	0	1	1	1	1	1	1	1	1	1	1	1	1	2	1	1	1	1	1	1	0	0	1	1	0	1	1	1	1	1	1	0	1	1	1	1	1	1	1	1	1	1	1	1	1	1	1	1	0	1	0	1	1	1	1	0	1	1	1	1	1	1	1	0	0	1	1	1	1	1	0	1	1	1	1	1	1	0	1	1	1	1	1	1	1	0	1	1	1	1	1	1	1	1	1	1	1	1	1	1	1	1	1	1	1	1	1	1	1	1	1	1	1	1	1	1	1	0	1	1	1	1	1	1	1	1	1	1	1	1	1	1	1	1	1	0	1	1	1	0	1	1	1	1	1	0	1	1	1	1	1	1	1	1	1	1	1	1	1	1	1	1	1	1	1	1	0	0	1	0	1	1	1	1	1	1	1	1	1	1	1	1	1	1	1	0	1	1	1	1	1	0	2	2	1	1	1	1	1	1	1	1	1
310	1	2	0	0	1	2	1	1	1	0	2	2	0	0	0	1	0	1	2	0	0	0	2	0	0	2	0	0	2	2	0	0	0	0	0	0	0	0	2	1	1	0	2	2	0	1	0	2	0	2	2	2	0	2	0	0	1	0	2	0	0	0	0	0	0	0	1	0	2	1	0	1	2	0	0	0	0	2	0	1	1	0	0	0	0	0	2	0	0	1	2	1	0	0	0	0	0	0	0	1	0	0	0	0	0	0	0	0	2	0	2	2	2	0	2	0	0	0	0	0	0	0	0	0	0	0	0	0	0	0	0	0	0	0	0	0	0	0	0	0	0	0	0	0	0	0	0	0	0	0	0	0	0	0	0	0	0	0	0	0	0	0	0	0	0	0	1	0	0	0	0	0	1	0	0	0	0	0	0	1	0	0	0	0	0	0	0	0	0	0	0	0	0	0	1	0	0	0	1	0	0	0	0	0	0	0	0	0	0	0	2	1	1	1	1	1	1	2	0	1	0	0	0	0	1	1	1	1	1	1	1	0	0	1	1	0	0	1	1	0	0	1	0	1	1	0	1	1	1	1	1	1	1	1	1	0	0
311	0	1	1	0	1	1	1	1	1	1	1	1	0	0	0	1	0	1	1	0	0	0	1	0	0	1	0	0	1	1	0	0	0	0	0	0	0	0	1	0	0	1	2	1	1	1	0	2	1	1	1	1	0	1	0	1	2	1	2	0	1	0	0	1	1	1	1	1	1	1	1	1	1	1	0	0	1	1	0	1	1	1	1	1	1	0	1	1	1	1	1	1	1	1	1	1	1	1	1	1	1	1	0	1	0	1	1	1	1	0	1	1	1	1	1	1	1	0	0	1	1	1	1	1	0	1	1	1	1	1	1	0	1	1	1	1	1	1	1	1	1	1	1	1	1	1	1	1	1	1	1	1	1	1	1	1	1	1	1	1	1	1	1	1	1	1	1	1	1	1	1	0	1	1	1	1	1	1	1	1	1	1	1	1	1	1	1	1	1	0	1	1	1	1	1	1	1	1	1	0	1	1	1	1	1	1	1	1	1	1	1	1	1	1	1	1	1	1	1	1	0	0	1	1	1	1	1	1	1	1	1	0	1	1	1	0	0	1	1	0	0	1	1	1	1	1	1	1	1	1	1	1	1	1	1	1	1
312	1	2	0	0	2	2	2	0	0	2	2	2	0	2	0	2	0	2	2	0	0	0	2	0	0	2	0	0	2	2	2	0	2	0	2	0	0	0	2	0	0	2	0	2	0	0	0	0	0	0	2	0	0	0	0	0	0	0	0	0	0	0	0	0	0	0	0	0	0	0	0	2	2	2	0	0	2	2	0	2	2	0	0	2	2	0	0	0	2	0	0	2	0	0	0	0	0	2	0	2	0	0	0	2	0	0	0	0	0	0	0	0	2	0	0	0	2	0	0	0	0	0	0	2	0	0	2	0	2	2	2	0	2	0	0	0	2	2	2	2	2	2	2	0	2	2	2	2	2	2	0	2	2	2	0	2	2	2	2	2	2	0	2	2	2	2	2	2	2	2	2	0	2	2	2	2	2	2	2	2	2	2	2	2	2	2	0	2	2	0	2	0	1	2	2	1	1	2	2	0	2	1	2	2	2	0	2	2	2	1	2	0	0	2	0	0	2	2	0	2	0	0	1	0	0	0	0	0	0	0	0	0	1	2	0	0	0	0	2	0	0	0	1	0	0	0	1	1	2	2	2	2	2	2	2	2	2
313	0	1	0	0	1	1	1	1	1	1	1	1	0	0	0	1	0	1	1	0	0	0	1	0	0	1	0	0	1	2	1	0	1	0	0	0	0	0	2	1	1	0	2	2	0	1	0	2	0	2	2	1	0	2	0	0	2	1	2	0	0	0	0	1	1	0	2	1	2	1	1	1	1	0	0	0	0	1	0	1	1	0	0	0	0	0	1	0	1	1	1	1	0	0	0	0	0	0	0	0	0	0	0	0	0	0	0	0	2	0	2	2	2	0	2	0	0	0	0	0	0	1	0	0	0	0	0	0	0	0	0	0	0	0	0	0	0	0	0	0	0	0	0	0	0	0	0	0	0	0	0	0	0	0	0	0	0	0	0	0	0	0	0	0	0	0	0	0	0	0	0	0	0	0	0	0	0	0	0	0	0	0	0	0	0	0	0	0	0	0	0	0	0	0	0	0	0	0	0	0	0	1	0	0	1	0	0	0	0	0	1	0	0	0	0	0	0	0	0	0	0	0	2	2	0	0	0	0	0	0	0	0	2	2	0	0	0	0	2	0	0	0	2	0	0	0	1	1	2	1	2	2	2	2	2	2	2
314	0	1	0	0	1	1	0	1	1	1	1	1	0	0	0	1	0	1	1	0	0	0	1	0	0	1	0	0	1	1	0	0	0	0	0	0	0	0	2	2	2	0	2	2	0	1	0	2	0	2	2	1	0	2	0	0	2	1	2	0	0	0	0	1	1	0	2	1	2	1	1	1	1	0	0	0	0	1	0	1	1	0	0	0	0	0	1	0	1	1	1	1	0	0	0	0	0	0	0	0	0	0	0	0	0	0	0	0	2	0	2	2	2	0	2	0	0	0	0	0	0	1	0	1	0	0	0	0	0	0	0	0	0	0	0	0	0	0	0	0	0	0	0	0	0	0	0	0	0	0	0	0	0	0	0	0	0	0	0	0	0	0	0	0	0	0	0	0	0	0	0	0	0	0	0	0	0	0	0	0	0	0	0	0	0	0	0	0	0	0	0	0	0	0	0	0	0	0	0	0	0	0	0	0	0	0	0	0	0	0	1	0	0	0	0	0	0	1	0	0	0	0	1	1	0	0	0	0	0	0	0	0	1	2	0	0	0	0	2	0	0	0	1	0	0	1	1	1	2	2	2	2	2	2	1	1	1
315	2	2	2	0	2	2	2	0	0	2	2	2	2	0	2	2	0	2	2	0	2	2	2	0	2	2	2	2	2	2	2	2	2	0	2	2	2	2	0	0	0	2	0	0	2	0	2	0	0	2	0	0	0	0	0	2	0	0	0	2	2	2	2	0	0	2	0	0	0	0	0	2	2	2	0	0	2	2	0	2	2	2	2	2	2	0	2	2	2	2	2	2	2	2	2	2	2	2	2	2	2	2	0	2	0	2	2	2	0	0	0	0	0	2	0	2	2	0	0	2	2	0	2	2	0	2	2	2	2	2	2	0	2	2	2	2	2	2	2	2	2	2	2	2	2	2	2	2	2	2	2	2	2	2	2	2	2	2	2	2	2	2	2	2	2	2	2	2	2	2	2	0	2	2	2	2	2	2	2	2	2	2	2	2	2	2	2	2	2	0	2	2	2	2	2	2	2	2	2	0	2	2	2	2	2	2	2	2	2	2	2	2	2	2	2	1	2	2	2	2	0	0	0	0	0	0	0	0	0	0	0	0	2	2	0	0	0	0	2	0	0	0	2	0	0	0	2	2	2	2	2	2	2	2	2	2	2
316	1	2	0	0	2	2	2	0	0	2	2	2	0	2	0	2	0	2	2	0	0	0	2	0	0	2	0	0	2	2	2	0	2	0	2	0	0	0	2	0	0	2	0	2	0	0	0	0	0	0	2	0	0	0	0	0	0	0	0	0	0	0	0	0	0	0	0	0	0	0	0	2	2	2	0	0	2	2	0	2	2	0	0	2	2	0	0	0	2	0	0	2	0	0	0	0	0	2	0	2	0	0	0	2	0	0	0	0	0	0	0	0	2	0	0	0	2	0	0	0	0	0	0	2	0	0	2	0	2	2	2	0	2	0	0	0	2	2	2	2	2	2	2	0	2	2	2	2	2	2	0	2	2	2	0	2	2	2	2	2	2	1	2	2	2	2	2	2	2	2	2	0	2	2	2	2	2	2	2	2	2	2	2	2	2	2	0	2	2	0	2	0	2	2	2	1	1	2	2	0	2	1	2	2	2	0	2	2	2	1	2	0	0	2	0	0	2	2	0	2	0	0	1	0	0	0	0	0	0	0	0	0	1	2	0	0	0	0	2	0	0	0	1	0	0	0	1	1	2	2	2	2	2	2	2	2	2
317	1	2	0	0	2	2	1	0	0	2	2	2	0	1	0	2	0	2	2	0	0	0	2	0	0	2	0	0	2	2	1	0	2	0	2	0	0	0	2	1	1	1	1	1	0	0	0	1	0	1	2	1	0	1	0	0	0	0	0	0	0	0	0	0	0	0	1	0	1	0	0	1	2	1	0	0	1	1	0	2	2	0	0	1	1	0	0	0	1	0	1	1	0	0	0	0	0	1	0	2	0	0	0	1	0	0	0	0	1	0	1	1	2	0	1	0	1	0	0	0	0	0	0	1	0	0	1	0	1	1	1	0	1	0	0	0	1	1	1	1	1	1	1	0	1	1	1	1	1	1	0	1	1	1	0	1	1	1	1	1	1	0	1	1	1	1	2	1	1	1	1	0	2	1	1	1	1	1	1	2	1	1	1	1	1	1	0	1	1	0	1	0	1	1	2	1	1	0	2	0	1	0	1	1	1	0	1	1	1	1	2	1	1	2	1	1	2	2	0	2	0	0	0	0	1	1	1	1	1	1	1	0	0	1	1	0	0	1	1	0	0	1	0	1	1	0	1	1	1	1	1	1	1	1	1	1	1
318	0	2	1	0	2	2	2	0	0	2	1	2	0	1	0	2	0	2	2	0	0	0	2	0	0	2	0	0	2	2	1	0	1	0	1	0	0	0	1	0	0	2	1	1	1	0	0	1	1	0	1	0	0	0	0	1	1	0	1	0	1	0	0	0	0	1	0	0	0	0	0	2	2	2	0	0	2	2	0	2	2	1	1	2	2	0	1	1	2	1	1	2	1	1	1	1	1	2	1	2	1	1	0	2	0	1	1	1	0	0	0	0	1	1	0	1	2	0	0	1	1	0	1	2	0	1	2	1	2	2	2	0	2	1	1	1	2	2	2	2	2	2	2	1	2	2	2	2	2	2	1	2	2	2	1	2	2	2	2	2	2	1	2	2	2	2	2	2	2	2	2	0	2	2	2	2	2	2	2	2	2	2	2	2	2	2	1	2	2	0	2	1	2	2	2	1	1	2	2	1	2	2	2	2	2	1	2	2	2	1	2	1	1	2	1	1	2	2	1	2	0	0	1	0	1	1	1	1	1	1	1	0	1	1	1	0	0	1	1	0	0	1	1	1	1	0	2	2	1	1	1	1	1	1	1	1	1
319	0	2	2	0	2	2	2	0	0	2	2	2	0	0	0	2	0	2	2	0	0	0	2	0	0	2	0	0	2	2	0	0	0	0	0	0	0	0	0	0	0	2	2	0	2	0	0	2	2	0	0	0	0	0	0	2	2	0	1	0	2	0	0	0	0	2	0	0	0	0	0	2	2	2	0	0	2	2	0	2	2	2	2	2	2	0	2	2	2	2	2	2	2	2	2	2	2	2	2	2	2	2	0	2	0	2	2	2	0	0	0	0	0	2	0	2	2	0	0	2	2	0	2	2	0	2	2	2	2	2	2	0	2	2	2	2	2	2	2	2	2	2	2	2	2	2	2	2	2	2	2	2	2	2	2	2	2	2	2	2	2	1	2	2	2	2	2	2	2	2	2	0	2	2	2	2	2	2	2	2	2	2	2	2	2	2	2	2	2	0	2	2	2	2	2	2	2	2	2	1	2	2	2	2	2	2	2	2	2	1	2	2	2	2	2	1	2	2	2	2	0	0	0	0	2	2	2	2	2	2	2	0	0	0	2	0	0	2	0	0	0	2	0	2	2	0	2	2	0	0	0	0	0	0	0	0	0
320	1	2	1	0	2	2	2	0	0	2	2	2	0	0	0	2	0	2	2	0	0	0	2	0	0	2	0	0	2	2	0	0	0	0	0	0	0	0	2	1	1	0	2	1	0	0	0	2	0	2	2	0	0	2	0	0	2	1	2	0	0	0	0	0	0	0	2	0	2	0	0	2	2	0	0	0	0	2	0	2	2	0	0	0	0	0	2	0	2	2	2	2	0	0	0	0	0	0	0	0	0	0	0	0	0	0	0	0	2	0	2	2	2	0	2	0	0	0	0	0	0	0	0	0	0	0	0	0	0	0	0	0	0	0	0	0	0	0	0	0	0	0	0	0	0	0	0	0	0	0	0	0	0	0	0	0	0	0	0	0	0	0	0	0	0	0	0	0	0	0	0	0	0	0	0	0	0	0	0	0	0	0	0	0	0	0	0	0	0	0	0	0	0	0	0	0	0	0	0	0	0	0	0	0	0	0	0	0	0	0	2	0	0	0	0	0	0	2	0	0	0	0	0	0	1	1	1	0	2	1	1	0	0	0	1	0	0	1	0	0	0	2	0	2	2	0	2	2	2	2	2	2	2	2	1	1	1
321	1	2	1	0	2	2	2	0	0	2	2	2	0	0	0	2	0	2	2	0	0	0	2	0	0	2	0	0	2	2	1	0	1	0	0	0	0	0	2	2	0	0	2	2	0	0	0	2	0	2	2	0	0	2	0	0	2	0	2	0	0	0	0	0	0	0	2	0	2	0	0	2	2	0	0	0	0	2	0	2	2	0	0	0	0	0	2	0	2	2	2	2	0	0	0	0	0	0	0	0	0	0	0	0	0	0	0	0	2	0	2	2	2	0	2	0	0	0	0	0	0	0	0	0	0	0	0	0	0	0	0	0	0	0	0	0	0	0	0	0	0	0	0	0	0	0	0	0	0	0	0	0	0	0	0	0	0	0	0	0	0	0	0	0	0	0	0	0	0	0	0	0	0	0	0	0	0	0	0	0	0	0	0	0	0	0	0	0	0	0	0	0	0	0	0	0	0	0	0	0	0	0	0	0	0	0	0	0	0	0	2	0	0	0	0	0	0	2	0	0	0	0	1	0	1	2	1	0	2	1	1	0	0	0	1	0	0	1	0	0	0	2	0	2	2	0	2	2	1	1	1	2	1	2	1	1	1
322	0	2	1	1	2	2	2	0	0	2	2	2	1	0	1	2	0	2	2	0	1	0	2	0	1	2	1	1	2	2	1	1	2	0	1	1	1	1	1	1	0	1	1	1	1	0	1	1	1	1	1	0	0	1	0	1	1	0	1	1	1	1	1	0	0	1	0	0	1	0	0	2	2	1	0	0	1	2	0	2	2	1	1	1	1	0	2	1	2	2	2	2	1	1	1	1	1	1	1	1	1	1	0	1	0	1	1	1	0	0	0	0	1	1	0	1	1	0	0	1	1	0	1	1	0	1	1	1	1	1	1	0	1	1	1	1	1	1	1	1	1	1	1	1	1	1	1	1	1	1	1	1	1	1	1	1	1	1	1	1	1	1	1	1	1	1	1	1	1	1	1	0	1	1	1	1	1	1	1	1	1	1	1	1	1	1	1	1	1	0	1	1	1	1	1	1	1	0	2	0	1	1	1	1	1	1	1	1	1	1	2	1	1	1	1	1	1	2	1	1	0	0	0	0	2	2	2	2	2	2	2	2	0	0	2	2	2	2	0	0	2	2	0	2	2	0	2	2	0	0	0	0	0	0	0	0	0
323	1	2	1	0	2	2	2	0	0	2	2	2	0	1	0	2	0	2	2	0	0	0	2	0	0	2	0	0	2	2	1	0	1	0	1	0	0	0	2	0	0	1	1	2	0	0	0	1	0	1	2	0	0	1	0	0	1	0	1	0	0	0	0	0	0	0	1	0	1	0	0	2	2	1	0	0	1	2	0	2	2	0	0	1	1	0	1	0	2	1	1	2	0	0	0	0	0	1	0	1	0	0	0	1	0	0	0	0	1	0	1	1	2	0	1	0	1	0	0	0	0	0	0	1	0	0	1	0	1	1	1	0	1	0	0	0	1	1	1	1	1	1	1	0	1	1	1	1	1	1	0	1	1	1	0	1	1	1	1	1	1	0	1	1	1	1	1	1	1	1	1	0	1	1	1	1	1	1	1	1	1	1	1	1	1	1	0	1	1	0	1	0	1	1	1	1	1	1	1	0	1	1	1	1	1	0	1	1	1	1	2	0	0	1	0	0	1	2	0	1	0	0	1	0	1	1	1	0	1	1	1	0	1	1	0	0	0	0	1	0	0	1	1	1	1	0	2	2	1	1	1	1	1	1	1	1	2
324	1	2	1	0	2	2	2	0	0	2	2	2	1	0	1	2	0	2	2	0	1	1	2	0	1	2	1	1	2	2	1	1	1	0	1	1	1	1	1	0	0	1	1	1	1	0	1	1	1	1	1	0	0	1	0	1	1	0	1	1	1	1	1	0	0	1	1	0	1	0	0	2	2	1	0	0	1	2	0	2	2	1	1	1	1	0	2	1	2	2	2	2	1	1	1	1	1	1	1	1	1	1	0	1	0	1	1	1	1	0	1	1	1	1	1	1	1	0	0	1	1	0	1	1	0	1	1	1	1	1	1	0	1	1	1	1	1	1	1	1	1	1	1	1	1	1	1	1	1	1	1	1	1	1	1	1	1	1	1	1	1	1	1	1	1	1	1	1	1	1	1	0	1	1	1	1	1	1	1	1	1	1	1	1	1	1	1	1	1	0	1	1	0	1	1	1	1	1	1	1	1	1	1	1	1	1	1	1	1	1	2	1	1	1	1	1	1	2	1	1	0	0	0	0	2	2	2	1	2	2	2	1	0	0	1	1	1	1	0	0	1	2	0	2	2	0	2	2	1	1	1	1	1	1	0	0	0
325	0	0	0	0	0	0	0	2	2	1	0	0	0	0	0	0	0	0	0	0	0	0	1	0	0	1	0	0	0	2	0	0	0	0	0	0	0	0	2	1	0	0	2	2	0	2	0	2	0	2	2	2	0	2	0	0	2	2	2	0	0	0	0	1	1	0	2	1	2	2	2	0	0	0	0	0	0	1	0	0	0	0	0	0	0	0	0	0	0	0	0	0	0	0	0	0	0	0	0	0	0	0	0	0	0	0	0	0	2	0	2	2	1	0	2	0	0	0	0	0	0	1	0	0	0	0	0	0	0	0	0	0	0	0	0	0	0	0	0	0	0	0	0	0	0	0	0	0	0	0	0	0	0	0	0	0	0	0	0	0	0	0	0	0	0	0	0	0	0	0	0	0	0	0	0	0	0	0	0	0	0	0	0	0	0	0	0	0	0	0	0	0	0	0	0	0	0	0	0	0	0	0	0	0	0	0	0	0	0	0	0	0	0	0	0	0	0	0	0	0	0	0	2	2	0	0	0	0	0	0	0	0	2	2	0	0	0	0	2	0	0	0	2	0	0	0	0	0	2	2	2	2	2	2	2	2	2
326	0	1	1	0	1	1	1	1	1	1	0	1	0	0	0	1	0	1	1	0	0	0	1	0	0	1	0	0	1	1	0	0	0	0	0	0	0	0	1	0	0	1	2	1	1	1	0	2	1	1	1	1	0	1	0	1	2	1	1	1	1	0	0	1	1	1	1	1	1	1	1	1	1	1	0	0	1	1	0	1	1	1	1	1	1	0	1	1	1	1	1	1	1	1	1	1	1	0	1	1	1	1	0	1	0	1	1	1	1	0	1	1	1	1	1	1	1	0	0	1	1	1	1	1	0	1	1	1	1	1	1	0	1	1	1	1	1	1	1	1	1	1	1	1	1	1	1	1	1	1	1	1	1	1	1	1	1	1	1	1	1	1	0	1	1	1	1	1	1	1	1	0	1	1	1	1	1	1	1	1	1	1	1	1	1	1	1	1	1	0	1	1	1	1	1	0	0	1	1	1	1	0	1	1	1	1	1	1	1	1	1	1	1	1	1	1	1	1	1	1	0	0	1	1	0	0	0	0	0	0	0	0	1	2	0	0	0	0	2	0	0	0	1	0	0	1	1	1	1	1	1	1	1	1	1	1	1
327	0	0	0	0	0	1	0	2	2	0	0	0	0	0	0	0	0	0	1	0	0	0	1	0	0	1	0	0	0	2	0	0	0	0	0	0	0	0	2	1	1	0	2	2	0	2	0	2	0	1	2	2	0	2	0	0	2	1	2	0	0	0	0	1	1	0	2	1	2	2	2	1	0	0	0	0	0	1	0	0	0	0	0	0	0	0	0	0	0	0	0	0	0	0	0	0	0	0	0	0	0	0	0	0	0	0	0	0	2	0	2	2	1	0	2	0	0	0	0	0	0	1	0	0	0	0	0	0	0	0	0	0	0	0	0	0	0	0	0	0	0	0	0	0	0	0	0	0	0	0	0	0	0	0	0	0	0	0	0	0	0	0	0	0	0	0	0	0	0	0	0	0	0	0	0	0	0	0	0	0	0	0	0	0	0	0	0	0	0	0	0	0	0	0	0	0	0	0	0	0	0	0	0	0	0	0	0	0	0	0	1	0	0	0	0	0	0	0	0	0	0	0	0	0	0	1	0	0	1	0	0	0	1	1	0	0	0	0	1	0	0	0	2	0	0	0	1	1	1	1	1	1	1	1	1	1	1
328	0	2	1	1	2	2	2	0	0	2	1	2	1	0	1	2	0	2	2	0	1	0	2	0	1	2	1	1	2	2	1	1	1	0	1	1	1	1	1	1	1	1	1	1	1	0	1	1	1	1	2	0	0	1	0	1	1	0	1	1	1	1	1	0	0	1	1	1	1	0	0	2	2	1	0	0	1	2	0	2	2	1	1	1	1	0	2	1	2	2	2	2	1	1	1	1	1	1	1	1	1	1	0	1	0	1	1	1	1	0	1	1	1	1	1	1	1	0	0	1	1	0	1	1	0	1	1	1	1	1	1	0	1	1	1	1	1	1	1	1	1	1	1	1	1	1	1	1	1	1	1	1	1	1	1	1	1	1	1	1	1	1	1	1	1	1	1	1	1	1	1	0	1	1	1	1	1	1	1	1	1	1	1	1	1	1	1	1	1	0	1	1	1	1	1	1	1	1	1	0	1	1	2	1	1	1	1	1	1	1	2	1	1	1	1	1	1	2	1	1	0	0	0	0	2	2	2	2	2	2	2	1	0	0	2	1	1	2	0	0	1	2	0	2	2	0	2	2	0	0	0	0	0	1	1	1	1
329	0	1	1	0	1	2	1	1	1	1	1	1	0	0	0	1	0	1	2	0	0	0	2	0	0	2	0	0	1	2	0	0	0	0	0	0	0	0	1	0	0	1	2	0	1	1	0	2	1	1	1	1	0	1	0	1	2	1	2	0	1	0	0	0	0	1	1	0	1	1	1	2	1	1	0	0	1	2	0	1	1	1	1	1	1	0	1	1	1	1	1	1	1	1	1	1	1	1	1	1	1	1	0	1	0	1	1	1	1	0	1	1	1	1	1	1	1	0	0	1	1	0	1	1	0	1	1	1	1	1	1	0	1	1	1	1	1	1	1	1	1	1	1	1	1	1	1	1	1	1	1	1	1	1	1	1	1	1	1	1	1	1	1	1	1	1	1	1	1	1	1	0	1	1	1	1	1	1	1	1	1	1	1	1	1	1	1	1	1	0	1	1	1	1	1	1	1	1	1	0	1	1	1	1	1	1	1	1	1	1	2	1	1	1	1	1	1	1	1	1	0	0	1	0	1	1	1	1	1	1	1	0	1	1	1	0	0	1	1	0	0	1	1	1	1	0	2	2	0	0	0	0	0	0	0	0	0
330	2	2	2	1	2	2	2	0	0	2	2	1	1	0	1	2	0	2	2	0	1	1	2	0	1	2	1	1	2	2	1	1	2	0	2	1	1	1	1	1	1	1	1	1	1	0	1	1	0	2	1	0	0	1	0	1	0	1	1	0	1	1	1	0	0	1	0	0	1	0	0	2	2	1	0	0	1	2	0	2	2	1	1	1	1	0	2	1	2	2	2	2	1	1	1	1	1	1	1	2	1	1	0	1	0	1	1	1	1	1	1	1	1	1	1	1	1	0	0	1	1	0	1	1	0	1	1	1	1	1	1	0	1	1	1	1	1	1	1	1	1	1	1	1	1	1	1	1	1	1	1	1	1	1	1	1	1	1	1	1	1	1	1	1	1	1	2	1	1	1	1	0	2	1	1	1	1	1	1	2	1	1	1	1	1	1	1	1	1	0	1	1	1	1	1	1	1	1	2	0	1	1	1	1	1	1	1	1	1	1	2	2	2	2	2	2	2	2	1	2	0	0	0	0	0	1	0	0	1	0	0	0	1	1	0	0	0	0	2	0	0	0	2	0	0	0	2	2	1	1	1	1	1	1	1	1	1
331	0	1	0	0	1	1	0	1	1	1	1	1	0	0	0	1	0	1	1	0	0	0	2	0	0	2	0	0	1	2	0	0	1	0	1	0	0	0	2	2	2	0	2	2	0	1	0	2	0	2	2	2	0	2	0	0	1	1	1	0	0	0	0	0	0	0	2	0	2	1	1	0	1	0	0	0	0	1	0	1	1	0	0	0	0	0	0	0	0	0	1	0	0	0	0	0	0	0	0	1	0	0	0	0	0	0	0	0	2	0	2	2	2	0	2	0	0	0	0	0	0	0	0	0	0	0	0	0	0	0	0	0	0	0	0	0	0	0	0	0	0	0	0	0	0	0	0	0	0	0	0	0	0	0	0	0	0	0	0	0	0	0	0	0	0	0	1	0	0	0	0	0	1	0	0	0	0	0	0	1	0	0	0	0	0	0	0	0	0	0	0	0	0	0	1	0	0	0	1	0	0	0	0	0	0	0	0	0	0	0	1	1	1	1	1	1	1	1	0	1	0	0	0	0	2	2	2	2	2	2	2	0	0	0	2	0	0	2	0	0	0	2	0	2	2	0	2	1	1	1	1	1	1	1	1	1	1
332	0	1	0	0	1	1	1	1	1	1	0	1	0	0	0	1	0	1	1	0	0	0	1	0	0	1	0	0	1	1	1	0	1	0	0	0	0	0	2	2	1	0	2	2	0	1	0	2	0	2	2	1	0	2	0	0	2	1	2	0	0	0	0	1	1	0	2	1	2	1	1	1	1	0	0	0	0	1	0	1	1	0	0	0	0	0	1	0	1	1	1	1	0	0	0	0	0	0	0	0	0	0	0	0	0	0	0	0	2	0	2	2	2	0	2	0	0	0	0	0	0	1	0	0	0	0	0	0	0	0	0	0	0	0	0	0	0	0	0	0	0	0	0	0	0	0	0	0	0	0	0	0	0	0	0	0	0	0	0	0	0	0	0	0	0	0	0	0	0	0	0	0	0	0	0	0	0	0	0	0	0	0	0	0	0	0	0	0	0	0	0	0	0	0	0	0	0	0	0	0	0	0	0	0	0	0	0	0	0	0	1	0	0	0	0	0	0	1	0	0	0	0	2	1	0	1	0	0	1	0	0	0	1	1	1	0	0	1	1	0	0	1	1	1	1	1	1	1	1	1	1	2	1	2	2	2	2
333	0	1	1	0	1	1	1	1	1	1	1	1	0	0	0	1	0	1	1	0	0	0	1	0	0	1	0	0	1	1	0	0	0	0	0	0	0	0	1	0	0	1	2	1	1	1	0	2	1	1	1	1	0	1	0	1	2	1	1	0	1	0	0	1	1	1	1	1	1	1	1	1	1	1	0	0	1	1	0	1	1	1	1	1	1	0	1	1	1	1	1	1	1	1	1	1	1	1	1	1	1	1	0	1	0	1	1	1	1	0	1	1	1	1	1	1	1	0	0	1	1	1	1	1	0	1	1	1	1	1	1	0	1	1	1	1	1	1	1	1	1	1	1	1	1	1	1	1	1	1	1	1	1	1	1	1	1	1	1	1	1	1	1	1	1	1	1	1	1	1	1	0	1	1	1	1	1	1	1	1	1	1	1	1	1	1	1	1	1	0	1	1	1	1	1	1	1	1	1	0	1	1	1	1	1	1	1	1	1	1	1	1	1	1	1	0	1	1	1	1	0	0	1	0	1	1	1	1	1	1	1	0	1	1	1	0	0	1	1	0	0	1	1	1	1	1	1	1	1	1	1	1	1	1	1	1	1
334	1	1	1	0	1	2	1	1	1	1	1	1	0	0	0	1	0	1	1	0	0	0	2	0	0	2	0	0	1	2	0	0	0	0	0	0	0	0	2	1	1	0	2	1	0	1	0	2	0	2	2	1	0	2	0	0	2	2	1	0	0	0	0	0	0	0	2	0	2	1	1	2	1	0	0	0	0	2	0	1	1	0	0	0	0	0	1	0	1	1	1	1	0	0	0	0	0	0	0	0	0	0	0	0	0	0	0	0	2	0	2	2	2	0	2	0	0	0	0	0	0	0	0	0	0	0	0	0	0	0	0	0	0	0	0	0	0	0	0	0	0	0	0	0	0	0	0	0	0	0	0	0	0	0	0	0	0	0	0	0	0	0	0	0	0	0	0	0	0	0	0	0	0	0	0	0	0	0	0	0	0	0	0	0	0	0	0	0	0	0	0	0	0	0	0	0	0	0	0	0	0	0	0	0	0	0	0	0	0	0	2	0	0	0	0	0	0	1	0	0	0	0	1	0	1	1	1	0	1	1	1	0	1	1	0	0	0	0	1	0	0	1	1	1	1	0	2	2	1	1	1	1	1	1	0	0	0
335	0	2	1	1	2	2	2	0	0	2	1	2	1	0	1	2	0	2	2	0	1	0	2	0	1	2	1	1	2	2	2	1	2	0	1	1	1	1	1	1	0	1	1	1	1	0	1	1	1	1	2	0	0	1	0	1	1	0	1	1	1	1	1	0	0	1	1	1	1	0	0	2	2	1	0	0	1	2	0	2	2	1	1	1	1	0	2	1	2	2	2	2	1	1	1	1	1	1	1	1	1	1	0	1	0	1	1	1	1	0	1	1	1	1	1	1	1	0	0	1	1	0	1	1	0	1	1	1	1	1	1	0	1	1	1	1	1	1	1	1	1	1	1	1	1	1	1	1	1	1	1	1	1	1	1	1	1	1	1	1	1	1	1	1	1	1	1	1	1	1	1	0	1	1	1	1	1	1	1	1	1	1	1	1	1	1	1	1	1	0	1	1	1	1	1	1	1	1	1	0	1	1	1	1	1	1	1	1	1	1	2	1	1	1	1	1	1	2	1	1	0	0	1	0	1	2	1	1	2	1	1	1	0	0	2	1	1	2	0	0	1	2	0	2	2	0	2	2	0	0	0	1	0	1	1	1	1
336	0	2	0	0	2	2	1	0	0	2	1	2	0	1	0	2	0	2	1	0	0	0	1	0	0	2	0	0	2	2	1	0	1	0	1	0	0	0	2	0	0	1	1	1	0	0	0	1	0	1	2	0	0	1	0	0	1	0	1	0	0	0	0	0	0	0	1	0	1	0	1	1	2	1	0	0	1	2	0	2	1	0	0	1	1	0	0	0	2	0	0	1	0	0	0	0	0	1	0	1	0	0	0	1	0	0	0	0	1	0	1	1	1	0	1	0	1	0	0	0	0	0	0	1	0	0	1	0	1	1	1	0	1	0	0	0	1	1	1	1	1	1	1	0	1	1	1	1	1	1	0	1	1	1	0	1	1	1	1	1	1	0	1	1	1	1	1	1	1	1	1	0	1	1	1	1	1	1	1	1	1	1	1	1	1	1	0	1	1	0	1	0	0	1	1	1	1	1	1	0	1	1	1	1	1	0	1	1	1	0	2	0	0	1	0	0	1	1	0	1	0	0	1	0	1	1	1	0	1	1	1	0	1	1	0	0	0	0	2	0	0	1	1	1	1	0	2	2	1	1	1	2	1	2	2	2	2
337	0	1	0	0	1	1	1	1	1	0	1	1	0	0	0	1	0	1	1	0	0	0	1	0	0	1	0	0	1	2	0	0	0	0	1	0	0	0	2	2	2	0	2	2	0	1	0	2	0	1	2	2	0	2	0	0	1	1	2	0	0	0	0	1	1	0	1	1	2	1	1	1	1	0	0	0	0	1	0	1	1	0	0	0	0	0	1	0	0	0	1	0	0	0	0	0	0	0	0	1	0	0	0	0	0	0	0	0	2	0	2	2	2	0	2	0	0	0	0	0	0	1	0	0	0	0	0	0	0	0	0	0	0	0	0	0	0	0	0	0	0	0	0	0	0	0	0	0	0	0	0	0	0	0	0	0	0	0	0	0	0	0	0	0	0	0	1	0	0	0	0	0	1	0	0	0	0	0	0	1	0	0	0	0	0	0	0	0	0	0	0	0	0	0	1	0	0	1	1	0	0	1	0	0	0	0	0	0	0	0	1	1	1	1	1	1	1	1	0	1	0	0	1	1	1	1	1	1	1	1	1	0	1	1	1	0	0	1	1	0	0	1	1	2	1	0	1	1	1	0	1	1	1	1	1	1	1
338	0	2	2	1	2	2	2	0	0	2	1	2	1	0	1	2	0	2	2	0	1	1	2	0	1	2	1	1	2	2	1	1	1	0	1	1	1	1	0	0	0	2	1	0	2	0	1	1	2	0	0	0	0	0	0	2	1	0	1	1	2	1	1	0	0	2	0	0	0	0	0	2	2	2	0	0	2	2	0	2	2	2	2	2	2	0	2	2	2	2	2	2	2	2	2	2	2	2	2	2	2	2	0	2	0	2	2	2	0	0	0	0	0	2	0	2	2	0	0	2	2	0	2	2	0	2	2	2	2	2	2	0	2	2	2	2	2	2	2	2	2	2	2	2	2	2	2	2	2	2	2	2	2	2	2	2	2	2	2	2	2	2	2	2	2	2	2	2	2	2	2	0	2	2	2	2	2	2	2	2	2	2	2	2	2	2	2	2	2	0	2	2	2	2	2	2	2	2	2	0	2	2	2	2	1	2	2	2	2	2	2	2	2	2	2	2	2	2	2	2	0	0	0	0	2	2	2	2	2	2	2	1	0	0	2	1	1	2	0	0	1	2	0	2	2	0	2	2	0	0	0	0	0	0	0	0	0
339	0	0	0	0	0	0	0	2	2	0	0	0	0	0	0	0	0	0	0	0	0	0	0	0	0	0	0	0	0	1	0	0	0	0	0	0	0	0	2	1	1	0	2	2	0	2	0	2	0	2	2	2	0	2	0	0	2	2	1	0	0	0	0	2	2	0	2	2	2	2	2	0	0	0	0	0	0	0	0	0	0	0	0	0	0	0	0	0	0	0	0	0	0	0	0	0	0	0	0	0	0	0	0	0	0	0	0	0	2	0	2	2	1	0	2	0	0	0	0	0	0	2	0	0	0	0	0	0	0	0	0	0	0	0	0	0	0	0	0	0	0	0	0	0	0	0	0	0	0	0	0	0	0	0	0	0	0	0	0	0	0	0	0	0	0	0	0	0	0	0	0	0	0	0	0	0	0	0	0	0	0	0	0	0	0	0	0	0	0	0	0	0	0	0	0	0	0	0	0	0	0	0	0	0	0	0	0	0	0	0	0	0	0	0	0	0	0	0	0	0	0	0	2	1	0	0	0	0	0	0	0	0	2	2	0	0	0	0	2	0	0	0	2	0	0	1	0	0	2	2	2	2	2	2	2	2	2
340	1	2	1	0	2	2	2	0	0	2	2	2	0	1	0	2	0	2	2	0	0	0	2	0	0	2	0	0	2	2	1	0	2	0	2	0	0	0	2	0	0	1	1	2	0	0	0	1	0	1	2	0	0	1	0	0	0	0	0	0	0	0	0	0	0	0	0	0	1	0	0	2	2	1	0	0	1	2	0	2	2	0	0	1	1	0	1	0	2	1	1	2	0	0	0	0	0	1	0	2	0	0	0	1	0	0	0	0	1	0	1	1	2	0	1	0	1	0	0	0	0	0	0	1	0	0	1	0	1	1	1	0	1	0	0	0	1	1	1	1	1	1	1	0	1	1	1	1	1	1	0	1	1	1	0	1	1	1	1	1	1	1	1	1	1	1	2	1	1	1	1	0	2	1	1	1	1	1	1	2	1	1	1	1	1	1	0	1	1	0	1	0	1	1	1	0	0	1	2	0	1	0	1	1	1	0	1	1	1	1	2	1	1	2	1	1	2	2	0	2	0	0	1	0	1	1	1	1	1	1	1	0	1	1	1	0	0	1	1	0	0	1	1	1	1	0	2	2	2	1	2	2	2	2	2	2	2
341	1	2	1	0	1	2	2	1	1	1	2	2	0	0	0	1	0	1	2	0	0	0	2	0	0	2	0	0	2	2	0	0	0	0	0	0	0	0	1	0	0	1	2	1	1	1	0	2	1	1	1	1	0	1	0	1	2	0	2	0	1	0	0	0	0	1	1	0	1	1	0	1	2	1	0	0	1	2	0	1	1	1	1	1	1	0	2	1	1	2	2	2	1	1	1	1	1	1	1	1	1	1	0	1	0	1	1	1	1	0	1	1	1	1	1	1	1	0	0	1	1	0	1	1	0	1	1	1	1	1	1	0	1	1	1	1	1	1	1	1	1	1	1	1	1	1	1	1	1	1	1	1	1	1	1	1	1	1	1	1	1	1	1	1	1	1	1	1	1	1	1	0	1	1	1	1	1	1	1	1	1	1	1	1	1	1	1	1	1	0	1	1	1	1	1	1	1	1	1	0	1	1	1	1	1	1	1	1	1	1	2	1	1	1	1	1	1	2	1	1	0	0	0	0	1	1	1	1	1	1	1	0	0	1	1	0	0	1	1	0	0	1	0	1	1	0	1	1	1	1	1	1	1	1	1	1	1
342	1	2	0	0	2	2	1	0	0	2	2	2	0	1	0	2	0	2	2	0	0	0	2	0	0	2	0	0	2	2	1	0	2	0	2	0	0	0	2	1	1	1	1	2	0	0	0	1	0	1	2	1	0	1	0	0	0	0	0	0	0	0	0	0	0	0	1	0	1	0	0	1	2	1	0	0	1	1	0	2	2	0	0	1	1	0	0	0	1	0	1	1	0	0	0	0	0	1	0	2	0	0	0	1	0	0	0	0	1	0	1	1	2	0	1	0	1	0	0	0	0	0	0	1	0	0	1	0	1	1	1	0	1	0	0	0	1	1	1	1	1	1	1	0	1	1	1	1	1	1	0	1	1	1	0	1	1	1	1	1	1	0	1	1	1	1	2	1	1	1	1	0	2	1	1	1	1	1	1	2	1	1	1	1	1	1	0	1	1	0	1	0	1	1	2	1	1	0	2	0	1	0	1	1	1	0	1	1	1	1	2	1	1	2	1	1	2	2	0	2	0	0	0	0	1	1	1	1	1	1	1	0	0	1	1	0	0	1	1	0	0	1	0	1	1	0	1	1	1	1	1	1	1	1	1	1	1
343	1	1	0	0	1	1	1	1	1	1	1	1	0	1	0	1	0	1	1	0	0	0	1	0	0	1	0	0	1	2	1	0	1	0	1	0	0	0	2	1	1	1	1	2	0	1	0	1	0	1	2	1	0	1	0	0	1	1	1	0	0	0	0	1	1	0	1	1	1	1	1	1	1	1	0	0	1	1	0	1	1	0	0	1	1	0	0	0	1	0	0	1	0	0	0	0	0	1	0	1	0	0	0	1	0	0	0	0	1	0	1	1	1	0	1	0	1	0	0	0	0	1	0	1	0	0	1	0	1	1	1	0	1	0	0	0	1	1	1	1	1	1	1	0	1	1	1	1	1	1	0	1	1	1	0	1	1	1	1	1	1	0	1	1	1	1	1	1	1	1	1	0	1	1	1	1	1	1	1	1	1	1	1	1	1	1	0	1	1	0	1	0	1	1	1	1	1	0	1	0	1	0	1	1	1	0	1	1	1	1	1	0	0	1	0	0	1	1	0	1	0	0	1	1	0	0	0	0	0	0	0	0	1	2	0	0	0	0	2	0	0	0	1	0	0	0	0	0	2	2	2	1	1	1	1	2	1
344	0	1	0	0	1	1	0	1	1	1	0	1	0	0	0	1	0	1	1	0	0	0	0	0	0	1	0	0	1	2	0	0	0	0	0	0	0	0	2	1	1	0	2	2	0	1	0	2	0	2	2	1	0	2	0	0	2	1	1	0	0	0	0	1	1	0	2	1	2	1	2	0	1	0	0	0	0	1	0	1	0	0	0	0	0	0	0	0	1	0	0	0	0	0	0	0	0	0	0	0	0	0	0	0	0	0	0	0	2	0	2	2	1	0	2	0	0	0	0	0	0	1	0	0	0	0	0	0	0	0	0	0	0	0	0	0	0	0	0	0	0	0	0	0	0	0	0	0	0	0	0	0	0	0	0	0	0	0	0	0	0	0	0	0	0	0	0	0	0	0	0	0	0	0	0	0	0	0	0	0	0	0	0	0	0	0	0	0	0	0	0	0	0	0	0	0	0	0	0	0	0	0	0	0	0	0	0	0	0	0	1	0	0	0	0	0	0	1	0	0	0	0	1	1	1	1	1	0	1	1	1	0	1	1	0	0	0	0	2	0	0	1	1	1	1	0	1	1	1	1	1	2	1	2	2	2	2
345	1	1	0	0	1	1	1	1	1	1	1	1	0	1	0	1	0	1	1	0	0	0	1	0	0	1	0	0	1	1	1	0	1	0	1	0	0	0	2	0	0	1	1	2	0	1	0	1	0	1	2	1	0	1	0	0	1	1	1	0	0	0	0	1	1	0	1	1	1	1	1	1	1	1	0	0	1	1	0	1	1	0	0	1	1	0	0	0	1	0	0	1	0	0	0	0	0	1	0	1	0	0	0	1	0	0	0	0	1	0	1	1	2	0	1	0	1	0	0	0	0	1	0	1	0	0	1	0	1	1	1	0	1	0	0	0	1	1	1	1	1	1	1	0	1	1	1	1	1	1	0	1	1	1	0	1	1	1	1	1	1	1	1	1	1	1	1	1	1	1	1	0	1	1	1	1	1	1	1	1	1	1	1	1	1	1	0	1	1	0	1	0	1	0	1	0	0	1	1	0	1	0	1	1	1	0	1	1	1	1	1	0	0	1	0	0	1	1	0	1	0	0	1	1	0	0	0	0	0	0	0	0	1	2	0	0	0	0	2	0	0	0	1	0	0	1	0	0	2	2	2	2	2	2	2	2	2
346	1	2	1	1	2	2	2	0	0	2	1	2	0	0	0	2	0	2	2	0	0	0	2	0	0	2	0	0	2	2	0	0	1	0	0	0	0	0	2	2	2	0	1	1	0	1	0	1	0	1	1	1	0	1	0	0	2	1	0	0	0	0	0	1	1	0	2	1	1	1	1	1	1	1	0	0	0	1	0	1	1	0	0	0	0	0	1	0	1	1	1	1	0	0	1	0	0	1	0	1	0	0	0	1	0	0	0	0	1	0	1	1	1	0	1	0	1	0	0	0	0	1	0	1	0	1	1	1	1	1	1	0	1	0	0	0	1	1	1	1	1	1	1	1	1	1	1	1	1	1	0	1	1	1	0	0	0	1	1	1	1	1	1	1	1	1	1	1	1	1	1	0	1	1	1	1	1	1	1	1	1	1	1	1	1	1	0	1	1	0	1	0	1	1	1	1	1	1	1	0	1	0	1	1	1	1	1	1	1	1	1	1	1	1	1	1	1	1	1	1	0	0	1	1	0	0	0	0	0	0	0	0	1	2	0	0	0	0	2	0	0	0	1	0	0	0	1	1	2	2	2	1	1	1	1	2	1
347	0	2	2	0	2	2	2	0	0	1	0	2	0	0	0	2	0	2	2	0	0	0	2	0	0	2	0	0	2	2	0	0	0	0	0	0	0	0	0	0	0	2	2	0	2	0	0	2	2	0	0	0	0	0	0	2	2	0	1	0	2	0	0	0	0	2	0	0	0	0	0	2	2	2	0	0	2	2	0	2	2	2	2	2	2	0	2	2	2	2	2	2	2	2	2	2	2	2	2	2	2	2	0	2	0	2	2	2	0	0	0	0	0	2	0	2	2	0	0	2	2	0	2	2	0	2	2	2	2	2	2	0	2	2	2	2	2	2	2	2	2	1	2	2	2	2	2	2	2	2	2	2	2	2	2	2	2	2	2	2	2	1	2	2	2	2	2	1	1	1	2	0	2	2	2	2	2	2	2	2	2	2	2	2	1	2	2	2	2	0	2	2	2	2	2	1	1	2	2	0	2	2	2	2	2	2	2	2	2	2	2	2	2	2	2	1	2	1	2	2	0	0	0	0	2	2	2	2	2	2	2	0	0	0	2	0	0	2	0	0	0	2	0	2	2	0	2	2	0	0	0	0	0	0	0	0	0
348	1	2	1	0	2	2	0	0	0	2	1	2	0	0	0	2	0	2	1	0	0	0	1	0	0	2	0	0	2	2	0	0	1	0	1	0	0	0	2	1	1	0	2	2	0	0	0	2	0	2	2	0	0	2	0	0	1	0	1	0	0	0	0	0	0	0	1	0	2	0	1	1	2	0	0	0	0	2	0	2	1	0	0	0	0	0	1	0	2	1	1	1	0	0	0	0	0	0	0	1	0	0	0	0	0	0	0	0	2	0	2	2	1	0	2	0	0	0	0	0	0	0	0	0	0	0	0	0	0	0	0	0	0	0	0	0	0	0	0	0	0	0	0	0	0	0	0	0	0	0	0	0	0	0	0	0	0	0	0	0	0	0	0	0	0	0	1	0	0	0	0	0	1	0	0	0	0	0	0	1	0	0	0	0	0	0	0	0	0	0	0	0	0	0	0	0	0	0	0	0	0	0	0	0	0	0	0	0	0	0	2	1	1	1	1	1	1	2	0	1	0	0	1	1	1	1	1	0	1	1	1	0	1	1	0	0	0	0	2	0	0	1	1	1	1	0	1	1	1	1	1	2	1	2	2	2	2
349	0	1	1	0	1	1	1	1	1	1	1	1	0	0	0	1	0	1	1	0	0	0	1	0	0	1	0	0	1	2	0	0	0	0	0	0	0	0	2	2	2	0	2	2	0	2	0	2	0	2	2	1	0	2	0	0	2	1	1	0	0	0	0	1	1	0	2	1	2	1	1	1	1	0	0	0	0	1	0	1	1	0	0	0	0	0	1	0	1	1	1	1	0	0	0	0	0	0	0	0	0	0	0	0	0	0	0	0	2	0	2	2	2	0	2	0	0	0	0	0	0	2	0	0	0	0	0	0	0	0	0	0	0	0	0	0	0	0	0	0	0	0	0	0	0	0	0	0	0	0	0	0	0	0	0	0	0	0	0	0	0	0	0	0	0	0	0	0	0	0	0	0	0	0	0	0	0	0	0	0	0	0	0	0	0	0	0	0	0	0	0	0	0	0	0	0	0	0	0	0	0	0	0	0	0	0	0	0	0	0	1	0	0	1	0	1	1	1	0	1	0	0	2	2	0	0	0	0	0	0	0	0	2	2	0	0	0	0	2	0	0	0	2	0	0	1	1	1	2	2	2	2	2	2	2	2	2
350	0	2	0	0	2	2	1	0	0	2	2	2	0	1	0	2	0	2	2	0	0	0	2	0	0	2	0	0	2	2	1	0	2	0	2	0	0	0	2	1	1	1	1	2	0	0	0	1	0	1	2	1	0	1	0	0	0	0	1	0	0	0	0	0	0	0	1	0	1	0	0	1	2	1	0	0	1	1	0	2	2	0	0	1	1	0	0	0	1	0	1	1	0	0	0	0	0	1	0	2	0	0	0	1	0	0	0	0	1	0	1	1	2	0	1	0	1	0	0	0	0	0	0	1	0	0	1	0	1	1	1	0	1	0	0	0	1	1	1	1	1	1	1	0	1	1	1	1	1	1	0	1	1	1	0	1	1	1	1	1	1	0	1	1	1	1	2	1	1	1	1	0	2	1	1	1	1	1	1	2	1	1	1	1	1	1	0	1	1	0	1	0	0	1	2	1	1	1	2	0	1	1	1	1	1	0	1	1	1	0	2	1	1	2	1	1	2	2	0	2	0	0	1	0	1	1	1	1	1	1	1	0	1	1	1	0	0	1	1	0	0	1	1	1	1	0	2	2	1	1	1	1	1	1	1	1	1
351	1	1	1	1	1	1	1	1	1	1	1	1	0	0	0	1	0	1	1	0	0	0	2	0	0	2	0	0	1	2	0	0	1	0	1	0	0	0	2	2	2	0	2	1	0	1	0	2	0	1	2	1	0	2	0	0	1	0	2	0	0	0	0	0	0	0	1	0	2	1	1	1	1	0	0	0	0	2	0	1	1	0	0	0	0	0	1	0	1	1	1	1	0	0	0	0	0	0	0	1	0	0	0	0	0	0	0	0	2	0	2	2	2	0	2	0	0	0	0	0	0	0	0	0	0	0	0	0	0	0	0	0	0	0	0	0	0	0	0	0	0	0	0	0	0	0	0	0	0	0	0	0	0	0	0	0	0	0	0	0	0	0	0	0	0	0	1	0	0	0	0	0	1	0	0	0	0	0	0	1	0	0	0	0	0	0	0	0	0	0	0	0	0	0	0	0	0	0	1	0	0	0	0	0	0	0	0	0	0	0	1	0	0	0	0	0	0	1	0	1	0	0	1	0	2	2	2	1	2	2	2	0	0	0	1	0	0	1	0	0	0	2	0	2	2	0	2	2	1	1	1	1	1	1	0	0	0
352	0	2	0	0	2	2	1	0	0	2	2	2	1	0	1	2	0	2	2	0	1	1	2	0	1	2	1	1	2	2	1	1	2	0	2	1	1	1	1	1	1	1	1	1	1	0	1	1	1	1	1	1	0	1	0	1	0	0	0	1	1	1	1	0	0	1	1	0	1	0	0	1	2	1	0	0	1	1	0	2	2	1	1	1	1	0	1	1	1	1	2	1	1	1	1	1	1	1	1	2	1	1	0	1	0	1	1	1	1	0	1	1	1	1	1	1	1	0	0	1	1	0	1	1	0	1	1	1	1	1	1	0	1	1	1	1	1	1	1	1	1	1	1	1	1	1	1	1	1	1	1	1	1	1	1	1	1	1	1	1	1	1	1	1	1	1	2	1	1	1	1	0	2	1	1	1	1	1	1	2	1	1	1	1	1	1	1	1	1	0	1	1	0	0	2	1	1	1	2	1	1	1	1	1	1	1	1	1	1	1	2	2	2	2	2	2	2	2	1	2	0	0	0	0	2	2	2	2	2	2	2	1	0	0	2	1	1	2	0	0	1	2	0	2	2	0	2	2	0	0	0	0	0	0	0	0	0
353	0	2	0	0	2	2	1	0	0	2	1	2	0	0	0	2	0	2	2	0	0	0	1	0	0	2	0	0	2	2	0	0	0	0	0	0	0	0	2	2	2	0	2	2	0	0	0	2	0	2	2	0	0	2	0	0	2	1	1	0	0	0	0	0	0	0	2	0	2	0	1	1	2	0	0	0	0	2	0	2	1	0	0	0	0	0	1	0	2	1	1	1	0	0	0	0	0	0	0	0	0	0	0	0	0	0	0	0	2	0	2	2	2	0	2	0	0	0	0	0	0	0	0	0	0	0	0	0	0	0	0	0	0	0	0	0	0	0	0	0	0	0	0	0	0	0	0	0	0	0	0	0	0	0	0	0	0	0	0	0	0	0	0	0	0	0	0	0	0	0	0	0	0	0	0	0	0	0	0	0	0	0	0	0	0	0	0	0	0	0	0	0	0	0	0	0	0	0	0	0	0	0	0	0	0	0	0	0	0	0	2	0	0	0	0	0	0	1	0	0	0	0	0	0	2	2	2	0	2	2	2	0	0	0	0	0	0	0	2	0	0	2	0	2	2	0	2	2	0	0	0	2	0	2	2	2	2
354	1	1	0	0	1	2	1	1	1	1	1	1	0	1	0	1	0	1	2	0	0	0	1	0	0	2	0	0	1	2	1	0	1	0	1	0	0	0	2	0	0	1	1	1	0	1	0	1	0	0	2	1	0	1	0	0	1	1	1	0	0	0	0	0	0	0	1	0	1	1	1	2	1	1	0	0	1	2	0	1	1	0	0	1	1	0	0	0	1	0	0	1	0	0	0	0	0	1	0	1	0	0	0	1	0	0	0	0	1	0	1	1	1	0	1	0	1	0	0	0	0	0	0	1	0	0	1	0	1	1	1	0	1	0	0	0	1	1	1	1	1	1	1	0	1	1	1	1	1	1	0	1	1	1	0	1	1	1	1	1	1	1	1	1	1	1	1	1	1	1	1	0	1	1	1	1	1	1	1	1	1	1	1	1	1	1	0	1	1	0	1	0	1	0	1	0	0	1	1	0	1	0	1	1	1	0	1	1	1	1	2	0	0	1	0	0	1	1	0	1	0	0	0	0	0	0	0	0	0	0	0	0	1	2	0	0	0	0	1	0	0	0	1	0	0	0	1	1	1	1	1	1	1	1	1	1	1
355	0	1	1	0	1	1	1	1	1	1	1	1	0	0	0	1	0	1	1	0	0	0	2	0	0	2	0	0	1	2	0	0	1	0	1	0	0	0	2	2	2	0	2	2	0	1	0	2	0	2	2	1	0	2	0	0	1	1	1	0	0	0	0	0	0	0	1	0	2	1	1	1	1	0	0	0	0	2	0	1	1	0	0	0	0	0	1	0	1	1	1	1	0	0	0	0	0	0	0	1	0	0	0	0	0	0	0	0	2	0	2	2	2	0	2	0	0	0	0	0	0	0	0	0	0	0	0	0	0	0	0	0	0	0	0	0	0	0	0	0	0	0	0	0	0	0	0	0	0	0	0	0	0	0	0	0	0	0	0	0	0	0	0	0	0	0	1	0	0	0	0	0	1	0	0	0	0	0	0	1	0	0	0	0	0	0	0	0	0	0	0	0	0	0	0	0	0	0	1	0	0	0	0	0	0	0	0	0	0	0	1	1	1	1	1	1	1	1	0	1	0	0	0	0	1	1	1	1	1	1	1	0	0	1	1	0	0	1	1	0	0	1	0	1	1	0	1	1	2	1	2	2	2	2	2	2	2
356	0	1	0	0	1	2	1	1	1	1	1	1	0	0	0	1	0	1	2	0	0	0	2	0	0	2	0	0	1	2	1	0	1	0	1	0	1	0	1	0	0	0	1	0	0	1	0	2	0	2	1	1	0	1	0	0	2	1	2	0	0	0	0	0	0	0	1	0	2	1	1	2	1	1	0	0	0	2	0	1	1	0	0	0	0	0	1	0	1	1	1	1	0	0	0	0	0	0	0	1	0	0	0	1	0	0	0	0	1	0	1	1	1	0	1	0	1	0	0	0	0	0	0	1	0	1	1	1	1	1	1	0	1	0	0	0	1	1	1	1	1	1	1	1	1	1	1	1	1	1	0	1	1	1	0	0	0	1	1	1	1	1	1	1	1	1	1	1	1	1	1	0	1	1	1	1	0	1	1	1	1	1	1	1	1	1	0	1	1	0	1	0	1	1	1	1	1	0	1	0	1	0	1	1	1	1	1	1	1	1	2	1	1	1	1	1	1	1	1	1	0	0	1	0	1	1	1	1	1	1	1	0	1	1	1	0	0	1	1	0	0	1	1	1	1	0	2	2	0	0	0	0	0	0	0	0	0
357	0	1	1	1	2	2	1	1	1	1	1	1	1	0	1	2	0	2	2	0	1	0	1	0	1	2	1	1	2	2	1	1	1	0	1	1	1	1	1	0	0	1	1	1	1	0	1	1	1	1	1	0	0	1	0	1	1	0	1	1	1	1	1	1	0	1	1	0	1	0	0	2	1	1	0	0	1	2	0	2	2	1	1	1	1	0	2	1	2	2	2	2	1	1	1	1	1	1	1	1	1	1	0	1	0	1	1	1	1	0	1	1	1	1	1	1	1	0	0	1	1	0	1	1	0	1	1	1	1	1	1	0	1	1	1	1	1	1	1	1	1	1	1	1	1	1	1	1	1	1	1	1	1	1	1	1	1	1	1	1	1	1	1	1	1	1	1	1	1	1	1	0	1	1	1	1	1	1	1	1	1	1	1	1	1	1	1	1	1	0	1	1	1	1	1	1	1	1	1	0	1	1	1	1	1	1	1	1	1	1	2	1	1	1	1	1	1	2	1	1	0	0	0	0	2	2	2	1	2	2	2	1	0	0	1	1	1	1	0	0	1	2	0	2	2	0	2	2	1	1	1	1	1	1	0	1	1
358	0	2	1	0	2	2	2	0	0	2	2	2	0	0	0	2	0	2	2	0	0	0	2	0	0	2	0	0	2	2	0	0	0	0	0	0	0	0	1	1	1	1	2	1	1	0	0	2	1	1	1	0	0	1	0	1	2	0	2	0	1	0	0	0	0	1	1	0	1	0	0	2	2	1	0	0	1	2	0	2	2	1	1	1	1	0	2	1	2	2	2	2	1	1	1	1	1	1	1	1	1	1	0	1	0	1	1	1	1	0	1	1	1	1	1	1	1	0	0	1	1	0	1	1	0	1	1	1	1	1	1	0	1	1	1	1	1	1	1	1	1	1	1	1	1	1	1	1	1	1	1	1	1	1	1	1	1	1	1	1	1	1	1	1	1	1	1	1	1	1	1	0	1	1	1	1	1	1	1	1	1	1	1	1	0	1	1	1	1	0	1	1	0	1	1	0	0	1	1	0	1	0	1	0	0	0	1	1	1	1	2	1	1	1	1	1	1	2	1	1	0	0	0	0	1	2	1	1	2	1	1	0	0	0	1	0	0	1	1	0	0	2	0	2	2	0	2	2	1	1	1	1	1	1	1	1	1
359	0	2	0	0	2	2	1	0	0	2	1	2	0	0	0	2	0	2	2	0	0	0	1	0	0	2	0	0	2	2	0	0	1	0	1	0	0	0	2	2	2	0	2	2	0	0	0	2	0	2	2	1	0	2	0	0	1	0	2	0	0	0	0	0	0	0	1	0	2	0	1	1	2	0	0	0	0	2	0	2	1	0	0	0	0	0	1	0	1	0	1	0	0	0	0	0	0	0	0	1	0	0	0	0	0	0	0	0	2	0	2	2	2	0	2	0	0	0	0	0	0	0	0	0	0	0	0	0	0	0	0	0	0	0	0	0	0	0	0	0	0	0	0	0	0	0	0	0	0	0	0	0	0	0	0	0	0	0	0	0	0	0	0	0	0	0	1	0	0	0	0	0	1	0	0	0	0	0	0	1	0	0	0	0	0	0	0	0	0	0	0	0	0	0	1	0	0	0	1	0	0	0	0	0	0	0	0	0	0	0	2	1	1	1	1	1	1	2	0	1	0	0	0	0	2	2	2	1	2	2	2	0	0	0	1	0	0	1	1	0	0	2	0	2	2	0	1	1	1	1	1	2	1	2	2	2	2
360	0	1	0	0	1	1	1	1	1	1	1	1	0	1	0	1	0	1	1	0	0	0	2	0	0	2	0	0	1	2	1	0	1	0	1	0	0	0	2	1	0	1	1	2	0	1	0	1	0	1	2	1	0	1	0	0	1	1	0	0	0	0	0	0	0	0	1	0	1	1	1	1	1	1	0	0	1	2	0	1	1	0	0	1	1	0	0	0	1	0	0	1	0	0	0	0	0	1	0	1	0	0	0	1	0	0	0	0	1	0	1	1	2	0	1	0	1	0	0	0	0	0	0	1	0	0	1	0	1	1	1	0	1	0	0	0	1	1	1	1	1	1	1	0	1	1	1	1	1	1	0	1	1	1	0	1	1	1	1	1	1	0	1	1	1	1	1	1	1	1	1	0	1	1	1	1	1	1	1	1	1	1	1	1	1	1	0	1	1	0	1	0	1	1	1	0	0	1	1	0	1	0	1	1	1	0	1	1	1	1	1	0	0	1	0	0	1	1	0	1	0	0	1	0	0	0	0	0	0	0	0	0	2	2	0	0	0	0	2	0	0	0	2	0	0	0	2	2	1	1	1	2	1	2	2	2	2
361	1	2	1	1	2	2	2	0	0	2	1	2	1	1	1	2	0	2	2	0	1	0	2	0	1	2	1	1	2	2	2	1	2	0	2	1	1	1	1	0	0	2	0	1	1	0	1	0	1	0	1	0	0	0	0	1	0	0	0	1	1	1	1	0	0	1	0	1	0	0	0	2	2	2	0	0	2	2	0	2	2	1	1	2	2	0	1	1	2	1	1	2	1	1	1	1	1	2	1	2	1	1	0	2	0	1	1	1	0	0	0	0	1	1	0	1	2	0	0	1	1	0	1	2	0	1	2	1	2	2	2	0	2	1	1	1	2	2	2	2	2	2	2	1	2	2	2	2	2	2	1	2	2	2	1	2	2	2	2	2	2	1	2	2	2	2	2	2	2	2	2	0	2	2	2	2	2	2	2	2	2	2	2	2	2	2	1	2	2	0	2	1	2	2	2	1	1	2	2	0	2	1	2	2	2	1	2	2	2	2	2	1	1	2	1	1	2	2	1	2	0	0	0	0	1	1	1	1	1	1	1	1	0	1	1	1	1	1	1	0	1	1	0	1	1	0	1	1	1	1	1	1	1	1	1	1	1
362	0	1	0	1	1	1	0	1	1	0	1	1	0	0	0	1	0	1	1	0	0	0	2	0	0	2	0	0	1	2	1	0	1	0	1	0	0	0	1	1	1	0	1	1	0	1	0	1	0	0	1	1	0	1	0	0	2	1	1	0	0	0	0	1	1	0	2	1	2	2	2	0	0	0	0	0	0	1	0	0	0	0	0	0	0	0	0	0	0	0	0	0	0	0	0	0	0	0	0	0	0	0	0	0	0	0	0	0	2	0	2	2	2	0	2	0	0	0	0	0	0	1	0	0	0	0	0	0	0	0	0	0	0	0	0	0	0	0	0	0	0	0	0	0	0	0	0	0	0	0	0	0	0	0	0	0	0	0	0	0	0	0	0	0	0	0	0	0	0	0	0	0	0	0	0	0	0	0	0	0	0	0	0	0	0	0	0	0	0	0	0	0	0	0	0	0	0	0	0	0	0	0	0	0	0	0	0	0	0	0	1	1	1	1	1	1	1	1	0	1	0	0	1	0	2	2	2	1	2	2	2	0	0	0	1	0	0	1	1	0	0	2	0	2	2	0	2	2	2	1	2	2	2	2	1	1	1
363	0	2	1	1	2	2	1	0	0	1	2	2	0	0	0	2	0	2	2	0	0	0	2	0	0	2	0	0	2	2	1	0	1	0	1	0	0	0	0	0	0	1	1	0	1	0	0	1	1	0	0	0	0	0	0	1	2	1	1	0	1	0	0	1	1	1	1	1	1	1	1	1	1	1	0	0	1	1	0	1	1	1	1	1	1	0	1	1	1	1	1	1	1	1	1	1	1	1	1	1	1	1	0	1	0	1	1	1	1	0	1	1	1	1	1	1	1	0	0	1	1	1	1	1	0	1	1	1	1	1	1	0	1	1	1	1	1	1	1	1	1	1	1	1	1	1	1	1	1	1	1	1	1	1	1	1	1	1	1	1	1	1	1	1	1	1	1	1	1	1	1	0	1	1	1	1	1	1	1	1	1	1	1	1	1	1	1	1	1	0	1	1	1	1	1	1	1	1	1	0	1	1	1	1	1	1	1	1	1	1	2	2	2	2	2	2	2	2	1	2	0	0	0	0	2	2	2	1	2	2	2	0	0	0	1	0	0	1	1	0	0	2	0	2	2	0	2	2	1	0	1	1	1	1	1	1	1
364	1	2	2	0	2	2	1	0	0	2	2	2	0	0	0	2	0	2	2	0	0	0	2	0	0	2	0	0	2	2	0	0	2	0	2	0	0	0	2	2	2	0	2	2	0	0	0	2	0	2	2	0	0	2	0	0	0	0	2	0	0	0	0	0	0	0	0	0	2	0	0	2	2	0	0	0	0	2	0	2	2	0	0	0	0	0	2	0	2	2	2	2	0	0	0	0	0	0	0	2	0	0	0	0	0	0	0	0	2	0	2	2	2	0	2	0	0	0	0	0	0	0	0	0	0	0	0	0	0	0	0	0	0	0	0	0	0	0	0	0	0	0	0	0	0	0	0	0	0	0	0	0	0	0	0	0	0	0	0	0	0	0	0	0	0	0	2	0	0	0	0	0	2	0	0	0	0	0	0	2	0	0	0	0	0	0	0	0	0	0	0	0	0	0	0	0	0	0	2	0	0	0	0	0	0	0	0	0	0	0	2	2	2	2	2	1	2	2	0	2	0	0	0	0	2	2	2	2	2	2	2	1	0	0	2	1	1	2	0	0	1	2	0	2	2	0	2	2	1	0	1	1	1	1	1	1	1
365	0	2	0	0	2	2	0	0	0	2	0	2	0	0	0	2	0	2	2	0	0	0	1	0	0	2	0	0	2	2	0	0	0	0	0	0	0	0	2	2	2	0	2	2	0	0	0	2	0	2	2	0	0	2	0	0	2	1	2	0	0	0	0	0	0	0	2	0	2	1	2	0	1	0	0	0	0	2	0	1	0	0	0	0	0	0	0	0	1	0	0	0	0	0	0	0	0	0	0	0	0	0	0	0	0	0	0	0	2	0	2	2	2	0	2	0	0	0	0	0	0	1	0	0	0	0	0	0	0	0	0	0	0	0	0	0	0	0	0	0	0	0	0	0	0	0	0	0	0	0	0	0	0	0	0	0	0	0	0	0	0	0	0	0	0	0	0	0	0	0	0	0	0	0	0	0	0	0	0	0	0	0	0	0	0	0	0	0	0	0	0	0	0	1	0	0	0	0	0	0	0	0	0	0	0	0	0	0	0	0	1	0	0	0	0	0	0	1	0	0	0	0	0	0	2	2	2	0	2	2	1	0	0	0	0	0	0	0	2	0	0	2	0	2	2	0	2	2	1	0	1	2	1	2	2	2	2
366	2	2	0	0	2	2	2	0	0	1	1	2	0	1	0	2	0	2	2	0	0	0	2	0	0	2	0	0	2	2	1	0	2	0	1	0	0	0	2	1	1	1	1	2	0	0	0	1	0	1	2	0	0	1	0	0	1	0	1	0	0	0	0	0	0	0	1	0	1	0	0	2	2	1	0	0	1	2	0	2	2	0	0	1	1	0	1	0	2	1	1	2	0	0	0	0	0	1	0	1	0	0	0	1	0	0	0	0	1	0	1	1	2	0	1	0	1	0	0	0	0	0	0	1	0	0	1	0	1	1	1	0	1	0	0	0	1	1	1	1	1	1	1	0	1	1	1	1	1	1	0	1	1	1	0	1	1	1	1	1	1	0	1	1	1	1	1	1	1	1	1	0	1	1	1	1	1	1	1	1	1	1	1	1	1	1	0	1	1	0	1	0	1	1	1	1	1	1	1	0	1	0	1	1	1	0	1	1	1	1	2	0	0	1	0	0	1	2	0	1	0	0	0	0	1	1	1	0	1	0	0	0	0	1	0	0	0	0	2	0	0	1	0	1	1	0	1	1	2	2	2	2	2	2	2	2	2
367	2	2	1	0	2	2	2	0	0	2	2	2	1	1	1	2	0	2	2	0	1	1	2	0	1	2	1	1	2	2	2	1	2	0	2	1	1	1	1	0	0	2	0	1	1	0	1	0	0	1	1	0	0	0	0	1	0	0	0	1	1	1	1	0	0	1	0	0	0	0	0	2	2	2	0	0	2	2	0	2	2	1	1	2	2	0	1	1	2	1	1	2	1	1	1	1	1	2	1	2	1	1	0	2	0	1	1	1	0	0	0	0	1	1	0	1	2	0	0	1	1	0	1	2	0	1	2	1	2	2	2	0	2	1	1	1	2	2	2	2	2	2	2	1	2	2	2	2	2	2	1	2	2	2	1	2	2	2	2	2	2	1	2	2	2	2	2	2	2	2	2	0	2	2	2	2	2	2	2	2	2	2	2	2	2	2	1	2	2	0	2	1	2	2	2	1	1	2	2	0	2	1	2	2	2	1	2	2	2	2	2	1	1	2	1	1	2	2	1	2	0	0	0	0	0	0	0	0	0	0	0	0	1	2	0	0	0	0	2	0	0	0	1	0	0	0	1	1	2	2	2	2	2	2	2	2	2
368	0	2	2	0	2	2	2	0	0	2	2	2	0	0	0	2	0	2	2	0	0	0	2	0	0	2	0	0	2	2	0	0	1	0	1	0	0	0	1	0	0	1	2	1	1	0	0	2	1	1	1	0	0	1	0	1	1	0	2	0	1	0	0	0	0	1	0	0	1	0	0	2	2	1	0	0	1	2	0	2	2	1	1	1	1	0	2	1	2	2	2	2	1	1	1	1	1	1	1	2	1	1	0	1	0	1	1	1	1	0	1	1	1	1	1	1	1	0	0	1	1	0	1	1	0	1	1	1	1	1	1	0	1	1	1	1	1	1	1	1	1	1	1	1	1	1	1	1	1	1	1	1	1	1	1	1	1	1	1	1	1	1	1	1	1	1	2	1	1	1	1	0	2	1	1	1	1	1	1	2	1	1	1	1	0	1	1	1	1	0	1	1	0	1	1	0	0	1	2	0	1	1	1	1	1	1	1	1	1	1	2	2	2	2	2	2	2	2	1	2	0	0	0	0	2	2	2	2	2	2	2	0	0	0	2	0	0	2	0	0	0	2	0	2	2	0	2	2	1	0	1	1	1	2	1	1	1
369	1	2	1	1	2	2	1	0	0	2	1	2	0	0	0	2	0	2	2	0	0	0	1	0	0	2	0	0	2	2	0	0	1	0	1	0	0	0	2	2	2	0	2	2	0	0	0	2	0	2	2	0	0	2	0	0	1	0	2	0	0	0	0	0	0	0	1	0	2	0	0	1	2	0	0	0	0	1	0	2	2	0	0	0	0	0	2	0	2	1	1	1	0	0	0	0	0	0	0	1	0	0	0	0	0	0	0	0	2	0	2	2	2	0	2	0	0	0	0	0	0	0	0	0	0	0	0	0	1	0	0	0	0	0	0	0	0	0	0	0	0	0	0	0	0	0	0	0	0	0	0	0	0	0	0	0	0	0	0	0	0	0	0	0	0	0	2	0	0	0	0	0	2	0	0	0	0	0	0	2	0	0	0	0	0	0	0	0	0	0	0	0	0	0	1	0	0	0	2	0	0	0	0	0	0	0	0	0	0	0	2	2	2	2	2	2	2	2	0	2	0	0	1	1	1	1	1	1	1	1	1	0	0	1	1	0	0	1	1	0	0	1	0	1	1	0	2	2	1	1	1	1	1	1	0	0	0
370	0	1	0	0	1	1	1	1	1	1	1	1	0	0	0	1	0	1	1	0	0	0	2	0	0	2	0	0	1	2	0	0	0	0	0	0	0	0	2	2	2	0	2	2	0	1	0	2	0	2	2	1	0	2	0	0	2	1	1	0	0	0	0	0	0	0	2	0	2	1	1	1	1	0	0	0	0	2	0	1	1	0	0	0	0	0	1	0	1	1	1	1	0	0	0	0	0	0	0	0	0	0	0	0	0	0	0	0	2	0	2	2	2	0	2	0	0	0	0	0	0	0	0	0	0	0	0	0	0	0	0	0	0	0	0	0	0	0	0	0	0	0	0	0	0	0	0	0	0	0	0	0	0	0	0	0	0	0	0	0	0	0	0	0	0	0	0	0	0	0	0	0	0	0	0	0	0	0	0	0	0	0	0	0	0	0	0	0	0	0	0	0	0	0	0	0	0	0	0	0	0	1	0	0	0	0	0	0	0	0	1	0	0	0	0	0	0	1	0	0	0	0	0	0	0	1	0	0	1	0	0	0	0	1	0	0	0	0	2	0	0	1	0	1	1	0	1	1	2	2	2	2	2	2	2	2	2
371	0	0	0	0	0	0	0	2	2	0	0	0	0	0	0	0	0	0	0	0	0	0	1	0	0	0	0	0	0	2	0	0	0	0	0	0	0	0	2	2	2	0	2	2	0	2	0	1	0	2	2	2	0	2	0	0	2	2	1	0	0	0	0	2	1	0	2	1	2	2	2	0	0	0	0	0	0	0	0	0	0	0	0	0	0	0	0	0	0	0	0	0	0	0	0	0	0	0	0	0	0	0	0	0	0	0	0	0	2	0	2	2	2	0	2	0	0	0	0	0	0	2	0	0	0	0	0	0	0	0	0	0	0	0	0	0	0	0	0	0	0	0	0	0	0	0	0	0	0	0	0	0	0	0	0	0	0	0	0	0	0	0	0	0	0	0	0	0	0	0	0	0	0	0	0	0	0	0	0	0	0	0	0	0	0	0	0	0	0	0	0	0	0	0	0	0	0	0	0	0	0	0	0	0	0	0	0	0	0	0	0	0	0	0	0	0	0	0	0	0	0	0	2	2	0	0	0	0	0	0	0	0	2	2	0	0	0	0	2	0	0	0	2	0	0	0	1	1	2	1	2	2	2	2	2	2	2
372	0	2	1	0	2	2	2	0	0	2	2	2	0	0	0	2	0	2	2	0	0	0	2	0	0	2	0	0	2	2	0	0	0	0	0	0	0	0	1	0	0	1	2	0	1	0	0	2	1	1	1	0	0	1	0	1	2	1	2	0	1	0	0	0	0	1	1	0	1	0	0	2	2	1	0	0	1	2	0	2	2	1	1	1	1	0	2	1	2	2	2	2	1	1	1	1	1	1	1	1	1	1	0	1	0	1	1	1	1	0	1	1	1	1	1	1	1	0	0	1	1	0	1	1	0	1	1	1	1	1	1	0	1	1	1	1	1	1	1	1	1	1	1	1	1	1	1	1	1	1	1	1	1	1	1	1	1	1	1	1	1	1	1	1	1	1	1	1	1	1	1	0	1	1	1	1	1	1	1	1	1	1	1	1	2	1	1	1	1	0	1	1	1	1	1	1	1	1	1	0	1	1	1	1	1	1	1	1	1	1	2	1	1	1	1	1	1	2	1	1	0	0	0	0	2	2	2	1	2	2	2	0	0	0	1	0	0	1	1	0	0	2	0	2	2	0	2	1	0	0	0	1	0	1	1	1	1
