29	0	0	0	0	0	2	0	0	0	1	0	0	0	0	0	2	2	0	1	0	2	2	2	0	0	2	0	0	0	2	0	1	1	0	2	0	0	0	0	0	0
30	0	0	0	0	0	1	0	0	0	0	1	1	1	1	1	1	2	0	1	0	2	2	2	1	1	0	0	0	0	2	0	2	0	0	0	0	0	1	0	0	0
31	0	0	0	0	1	0	1	1	0	1	2	2	2	2	2	0	1	0	1	0	1	1	1	1	0	1	0	0	0	0	0	0	0	0	0	0	1	1	1	1	1
32	0	0	0	0	0	1	0	0	0	0	1	1	1	1	1	1	2	0	0	0	2	2	2	0	1	1	0	0	0	2	0	1	1	0	1	0	0	0	0	0	0
33	0	0	0	0	0	1	0	0	1	1	1	1	1	1	1	1	1	0	0	0	1	1	1	1	0	1	0	0	0	1	0	1	1	0	1	0	0	0	0	0	0
34	0	0	0	0	0	2	0	0	0	1	0	0	0	0	0	2	2	0	2	0	2	2	2	1	0	1	0	0	0	2	0	2	1	0	1	0	0	1	0	0	0
35	0	0	0	0	0	1	0	0	0	0	0	1	0	0	0	1	1	0	1	0	1	1	1	2	0	0	0	0	0	1	0	1	0	0	0	0	1	1	0	0	0
36	0	0	0	0	0	2	0	0	0	1	0	0	0	0	0	2	2	0	2	0	2	2	2	1	0	1	0	0	0	2	0	1	0	0	1	0	0	1	0	0	0
37	0	0	0	0	0	2	0	0	0	0	0	0	0	0	0	2	2	0	1	0	2	2	2	1	0	1	0	0	0	2	0	2	1	0	1	0	0	1	0	0	0
38	0	0	0	0	0	2	0	0	0	0	0	0	0	0	0	2	2	0	2	0	2	2	2	1	0	1	0	0	0	2	0	1	0	0	1	0	0	1	0	0	0
39	0	0	0	0	1	1	1	1	1	0	1	1	1	1	1	1	2	0	2	1	2	2	2	1	0	1	0	0	0	1	0	1	1	0	1	0	0	0	0	0	0
40	0	0	0	0	1	1	1	1	1	1	1	1	1	1	1	1	2	1	2	1	2	2	2	2	0	0	0	0	0	2	0	1	0	0	0	0	0	1	0	0	0
296	0	0	0	0	0	2	0	0	0	0	0	0	0	0	0	2	2	0	2	0	2	2	2	1	0	1	0	0	0	1	0	1	0	2	0	0	1	1	1	1	1
297	0	0	0	0	0	2	0	0	0	0	0	0	0	0	0	2	2	0	2	0	2	2	2	1	0	1	0	0	0	2	0	2	1	0	1	0	0	1	0	0	0
298	0	0	0	0	0	2	0	0	0	0	0	0	0	0	0	2	2	0	1	0	2	2	2	1	0	1	0	0	0	2	0	2	1	0	1	0	0	1	0	0	0
299	0	0	0	0	1	1	1	1	0	1	1	1	1	1	1	1	2	1	2	1	2	2	2	2	0	0	0	0	0	2	0	2	0	1	0	0	0	1	0	0	0
300	0	0	0	0	0	2	0	0	0	0	0	0	0	0	0	2	2	0	2	0	2	2	2	1	0	1	0	0	0	1	0	1	0	0	0	0	0	1	0	0	0
301	0	0	0	0	0	2	0	0	0	0	0	0	0	0	0	2	2	0	2	0	2	2	2	1	0	1	0	0	0	2	0	1	0	0	1	0	0	0	0	0	0
302	0	0	0	0	1	1	1	1	0	0	1	1	1	1	1	1	2	1	2	1	2	2	2	2	0	0	0	0	0	1	0	1	0	0	0	0	0	1	0	0	0
303	0	0	0	0	0	1	0	0	0	1	0	0	0	0	0	1	1	0	1	0	1	1	1	1	0	1	0	0	0	1	0	1	1	0	1	0	0	0	0	0	0
304	0	0	0	0	1	1	1	1	0	0	1	1	1	1	1	1	2	1	2	1	2	2	2	2	0	0	0	0	0	1	0	2	0	1	0	0	0	1	0	0	0
305	0	0	0	0	1	1	1	1	0	1	1	1	1	1	1	1	2	0	2	0	2	2	2	0	0	2	0	0	0	1	0	0	0	0	1	0	1	1	1	1	1
306	0	0	0	0	1	1	1	1	0	0	0	0	0	0	0	1	2	1	2	1	2	2	2	2	0	0	0	0	0	2	0	2	0	1	0	0	0	1	0	0	0
307	0	0	0	0	1	0	1	1	2	2	2	2	2	2	2	0	1	1	1	1	1	1	1	2	0	0	0	0	0	1	0	1	0	1	0	0	0	0	0	0	0
308	0	0	0	0	0	1	0	0	1	2	0	1	1	1	1	1	1	0	1	0	1	1	1	1	0	1	0	0	0	1	0	0	0	0	1	0	0	0	0	0	0
309	0	0	0	0	0	2	0	0	0	0	0	0	0	0	1	1	2	0	1	0	2	2	2	0	0	2	0	0	0	1	0	1	1	1	1	0	0	0	0	1	0
310	0	0	0	0	1	1	1	1	0	2	2	2	1	2	1	0	2	0	2	0	2	2	2	1	0	1	0	0	0	1	0	1	0	1	0	0	1	1	1	1	1
311	0	0	0	0	0	1	0	0	0	0	1	1	1	1	1	1	1	0	0	0	1	1	1	1	0	1	0	0	0	1	0	1	1	0	1	0	0	0	0	0	0
312	0	0	0	0	0	2	0	0	0	0	0	0	0	0	0	2	2	0	2	0	2	2	2	0	2	0	0	0	0	0	0	0	0	0	2	0	0	0	0	0	0
313	0	0	0	0	1	1	1	1	0	0	1	1	1	1	1	1	2	1	1	1	2	2	2	1	0	1	0	0	0	1	0	2	1	1	1	0	0	0	0	0	0
314	0	0	0	0	0	1	0	0	0	0	0	0	0	0	0	1	1	0	1	0	1	1	1	1	1	0	0	0	0	0	0	0	0	0	1	0	0	0	0	0	0
315	0	0	0	0	1	0	1	1	1	0	2	2	2	2	2	0	2	0	1	1	2	2	2	1	0	1	0	0	0	0	0	0	0	0	1	0	0	0	0	0	0
316	0	0	0	0	0	1	0	0	0	0	0	0	0	0	0	1	1	0	0	0	1	1	1	0	2	1	1	1	1	1	1	1	1	0	1	1	1	1	1	1	1
317	0	0	0	0	0	1	0	0	0	0	1	1	1	1	1	1	2	0	1	0	2	2	2	0	1	1	0	0	0	2	0	0	0	0	1	0	0	0	0	0	0
318	0	0	0	0	0	1	0	0	0	0	1	1	1	1	1	1	2	0	1	0	2	2	2	0	1	1	0	0	0	1	0	0	0	1	0	0	0	0	0	0	0
319	0	0	0	0	0	2	0	0	0	0	0	0	0	0	0	2	2	0	2	0	2	2	2	2	0	0	0	0	0	2	0	2	0	1	0	0	1	2	1	1	1
320	0	0	0	0	1	1	1	1	0	1	1	1	1	1	1	1	2	1	1	1	2	2	2	1	0	1	0	0	0	2	0	2	0	1	0	0	0	0	0	0	0
321	0	0	0	0	0	2	0	0	0	0	0	0	0	0	0	2	2	0	1	0	2	2	2	0	0	2	0	0	0	2	0	1	1	0	2	0	0	0	0	0	0
322	0	0	0	0	0	2	0	0	0	0	0	0	0	0	0	2	2	0	1	0	2	2	2	1	0	1	0	0	0	2	0	2	1	0	1	0	0	1	0	0	0
323	0	0	0	0	1	1	1	1	0	1	1	1	1	1	1	1	2	0	2	0	2	2	2	1	0	1	0	0	0	1	0	1	0	0	0	0	1	2	1	1	1
324	0	0	0	0	0	2	0	0	0	0	0	0	0	0	0	2	2	0	1	0	2	2	2	0	0	2	0	0	0	2	0	2	1	0	1	0	0	0	0	0	0
325	0	0	0	0	1	0	1	1	1	2	2	2	2	2	2	0	1	1	1	1	1	1	2	1	0	1	0	0	0	2	0	2	1	1	1	0	0	0	0	0	0
326	0	0	0	0	0	2	0	1	0	0	0	0	0	0	0	1	2	0	1	0	2	2	2	0	0	2	1	0	0	2	0	1	1	1	1	0	0	0	0	0	0
327	0	0	0	0	0	2	0	0	0	0	0	0	0	0	0	2	2	0	1	0	2	2	2	0	0	2	0	0	0	2	0	1	1	0	2	0	0	0	0	0	0
328	0	0	0	0	0	1	0	0	0	0	0	0	0	0	1	1	2	0	0	0	1	1	1	1	0	1	0	0	0	1	0	1	1	0	1	0	0	0	0	0	0
329	0	0	0	0	0	1	0	0	0	0	1	1	1	1	1	1	2	0	0	0	2	2	2	0	0	2	0	0	0	1	0	1	1	0	1	0	0	0	0	0	0
330	0	0	0	0	0	0	0	0	1	0	2	2	2	2	2	0	1	0	0	0	1	1	1	1	0	1	0	0	0	0	0	1	0	1	0	0	0	0	0	0	0
331	0	0	0	0	0	2	0	1	0	0	0	0	0	0	0	1	2	0	1	0	2	2	2	0	0	2	0	0	0	2	0	1	1	1	1	0	0	0	0	0	0
332	0	0	0	0	0	2	0	0	0	0	0	0	0	0	0	2	2	0	1	0	2	2	2	1	0	1	0	0	0	2	0	2	1	0	1	0	0	1	0	0	0
333	0	0	0	0	0	1	0	0	0	1	1	1	1	1	1	1	2	0	1	0	2	2	2	0	1	1	0	0	0	2	0	0	0	0	1	0	0	0	0	0	0
334	0	0	0	0	0	1	0	0	0	0	1	1	1	1	1	1	2	0	1	0	2	2	2	1	0	1	0	0	0	1	0	1	0	0	0	0	0	1	0	0	0
335	0	0	0	0	0	2	0	0	0	0	0	0	0	0	0	2	2	0	2	0	2	2	2	1	0	1	0	0	0	2	0	1	0	0	1	0	0	1	0	0	0
336	0	0	0	0	0	1	0	0	0	0	1	1	1	1	1	1	2	0	0	0	2	2	2	0	0	2	0	0	0	1	0	1	1	0	1	0	0	0	0	0	0
337	0	0	0	0	2	0	2	2	1	2	2	2	2	2	2	0	2	1	2	1	2	2	2	1	0	1	0	0	0	1	0	1	0	1	0	0	1	1	1	1	1
338	0	0	0	0	1	1	1	1	0	1	1	1	1	1	1	1	2	0	2	0	2	2	2	0	0	2	0	0	0	1	0	1	1	0	1	0	1	1	1	1	1
339	0	0	0	0	1	1	1	2	0	0	1	1	1	1	1	0	2	1	2	1	2	2	2	0	0	2	0	0	0	2	0	1	1	1	1	0	0	0	0	0	0
340	0	0	0	0	0	2	0	0	0	0	0	0	0	0	0	2	2	0	2	0	2	2	2	2	0	0	0	0	0	2	0	2	0	0	0	0	0	2	0	0	0
341	0	0	0	0	0	1	0	0	0	0	0	0	0	0	0	2	2	0	2	0	2	2	2	0	1	1	0	0	0	0	0	0	0	1	1	0	0	0	0	1	0
342	0	0	0	0	0	2	0	0	0	0	0	0	0	0	0	2	2	0	1	0	2	2	2	0	0	2	0	0	0	2	0	1	1	0	2	0	0	0	0	0	0
343	0	0	0	0	1	1	1	1	1	0	1	1	1	1	1	1	2	1	2	1	2	2	2	1	0	1	0	0	0	0	0	0	0	1	0	0	0	0	0	0	0
344	0	0	0	0	0	2	0	0	0	0	0	0	0	0	0	2	2	0	2	0	2	2	2	1	0	1	0	0	0	1	0	1	0	1	0	0	0	1	0	0	0
345	0	0	0	0	1	1	1	2	1	0	1	1	1	1	1	0	2	0	2	1	2	2	2	1	0	1	0	0	0	1	0	0	0	1	0	0	0	0	1	0	0
346	0	0	0	0	1	0	1	1	1	1	2	2	2	2	2	0	2	1	1	1	2	2	2	1	1	0	0	0	0	2	0	1	0	0	0	0	0	1	0	0	0
347	0	0	0	0	0	1	0	0	0	0	1	1	1	1	1	1	2	0	1	0	2	2	2	0	0	2	0	0	0	1	0	0	0	0	1	0	0	0	1	0	0
348	0	0	0	0	0	1	0	0	0	0	1	1	1	1	1	1	2	0	1	0	2	2	2	1	1	0	0	0	0	1	0	1	0	0	0	0	0	1	0	0	0
349	0	0	0	0	1	1	1	1	0	0	1	1	1	1	1	1	2	1	2	1	2	2	2	1	0	1	0	0	0	2	0	1	0	0	1	0	0	1	0	0	0
350	0	0	0	0	0	2	0	0	0	0	0	0	0	0	0	2	2	0	0	0	2	2	2	0	0	2	0	0	0	2	0	2	2	0	2	0	0	0	0	0	0
351	0	0	0	0	0	2	0	0	0	0	0	0	0	0	0	2	2	0	2	0	2	2	2	0	0	2	0	0	0	1	0	0	0	1	1	0	0	0	0	0	0
352	0	0	0	0	0	1	0	0	2	1	1	1	1	1	1	1	1	0	0	0	1	1	1	0	2	1	1	1	1	0	1	0	1	0	1	1	1	1	1	1	1
353	1	1	1	1	0	1	0	0	0	0	1	1	1	1	1	1	1	0	0	0	1	1	1	0	2	1	1	1	1	1	1	0	1	0	1	1	1	1	1	1	1
354	0	0	0	0	1	1	1	1	1	1	1	1	1	1	1	1	2	1	2	1	2	2	2	2	0	0	0	0	0	2	0	2	0	1	0	0	0	1	0	0	0
355	0	0	0	0	0	2	0	0	0	0	0	0	0	0	0	2	2	0	1	0	2	2	2	0	0	2	0	0	0	2	0	1	1	0	2	0	0	0	0	0	0
356	0	0	0	0	1	0	1	1	1	1	1	1	1	1	1	0	1	0	1	1	1	1	1	2	0	0	0	0	0	0	0	0	0	0	0	0	0	0	0	0	0
357	0	0	0	0	0	1	0	0	0	1	1	1	1	1	1	1	2	0	1	0	2	2	2	0	0	2	0	0	0	1	0	0	0	0	0	0	0	0	0	0	0
358	0	0	0	0	0	1	0	0	0	0	0	0	0	0	0	2	2	0	2	0	2	2	2	1	1	0	0	0	0	1	0	1	0	0	1	0	0	1	0	1	0
359	0	0	0	0	1	1	1	1	1	0	1	1	1	1	1	1	2	1	2	1	2	2	2	1	0	1	0	0	0	1	0	1	0	2	0	0	1	1	1	1	1
360	0	0	0	0	1	1	1	1	1	1	1	1	1	1	1	1	2	1	1	1	2	2	2	1	0	1	0	0	0	2	0	2	1	1	1	0	0	0	0	0	0
361	0	0	0	0	0	1	0	0	0	0	1	1	1	1	1	1	1	0	1	0	1	1	1	1	0	1	0	0	0	1	0	0	0	0	1	0	0	0	0	0	0
362	0	0	0	0	1	0	1	1	0	0	2	2	2	2	2	0	1	1	1	1	1	1	1	2	0	0	0	0	0	1	0	1	0	0	0	0	0	1	0	0	0
363	0	0	0	0	2	0	2	2	1	2	2	2	2	2	2	0	2	1	2	1	2	2	2	1	0	1	0	0	0	1	0	1	0	1	0	0	1	1	1	1	1
364	0	0	0	0	1	1	1	1	1	1	1	1	1	1	1	1	2	1	2	1	2	2	2	1	0	1	0	0	0	1	0	1	0	1	0	0	0	0	0	0	0
365	0	0	0	0	2	0	2	2	2	2	2	2	2	2	2	0	2	1	2	2	2	2	2	2	0	0	0	0	0	0	0	0	0	0	0	0	0	0	0	0	0
366	0	0	0	0	0	2	0	0	0	0	0	0	0	0	0	2	2	0	1	0	2	2	2	0	0	2	0	0	0	2	0	1	1	0	2	0	0	0	0	0	0
367	0	0	0	0	1	0	1	1	2	2	2	2	2	2	2	0	1	1	1	1	1	1	1	2	0	0	0	0	0	1	0	1	0	1	0	1	1	1	1	1	1
368	0	0	0	0	0	2	0	0	0	0	0	0	0	0	0	2	1	0	1	0	1	1	1	1	1	1	1	1	1	1	1	1	1	0	1	1	1	2	1	1	1
369	0	0	0	0	1	0	1	1	1	0	2	2	2	2	2	0	1	1	1	1	1	1	1	2	0	0	0	0	0	0	0	1	0	1	0	0	0	0	0	0	0
370	0	0	0	0	1	0	1	1	1	1	2	2	2	2	2	0	1	0	1	0	1	1	2	0	0	2	0	0	0	1	0	1	1	0	1	0	1	1	1	1	1
371	0	0	0	0	0	2	0	0	0	0	0	0	0	0	0	2	2	0	2	0	2	2	2	0	0	2	0	0	0	0	0	0	0	2	0	0	0	0	0	0	0
372	0	0	0	0	0	2	0	0	0	0	0	0	0	0	0	2	2	0	2	0	2	2	2	2	0	0	0	0	0	2	0	2	0	0	0	0	0	2	0	0	0
