0	1	1	1	1	0	1	0	1	1	1	1	1	1	1	1	1	1	1	1	1	1	1	1	1	1	1	1	1	1	0	1	0	1	0	1	1	1	1	1	1	1
2	1	1	1	1	1	1	1	1	1	1	1	1	1	1	1	1	1	1	1	1	1	1	1	1	1	1	1	1	1	1	1	1	1	1	1	0	0	0	0	0	0
3	1	1	1	1	0	2	0	0	0	0	0	0	0	0	0	2	0	0	0	0	0	0	0	0	2	2	2	2	2	0	2	0	2	0	2	2	2	2	2	2	2
4	1	1	1	1	0	1	0	1	1	1	1	1	1	1	1	1	1	1	1	1	1	1	1	1	1	1	1	1	1	0	1	0	1	0	1	1	1	1	1	1	1
5	1	1	1	1	0	1	0	0	1	1	1	0	1	1	1	1	0	0	0	0	0	0	0	1	1	1	1	1	1	0	1	0	1	0	1	1	1	1	1	1	1
6	0	0	0	0	1	0	1	1	1	2	2	2	2	2	2	0	1	1	1	1	1	1	2	2	0	0	0	0	0	1	0	1	0	1	0	0	0	0	0	0	0
7	1	1	1	1	0	1	0	0	0	0	1	1	1	1	1	1	0	0	0	0	0	0	0	1	1	1	1	1	1	0	1	0	1	0	1	2	2	2	2	2	2
8	1	1	1	1	0	1	0	1	1	1	1	1	1	1	1	1	1	1	1	1	1	1	1	1	1	1	1	1	1	0	1	0	1	0	1	1	1	1	1	1	1
9	0	0	0	0	0	0	0	1	1	2	2	2	2	2	2	0	1	1	1	1	1	1	1	2	0	0	0	0	0	0	0	0	0	0	0	1	1	1	1	1	1
10	1	1	1	1	1	1	1	1	1	1	1	1	1	1	1	1	1	1	1	1	1	1	1	1	1	1	1	1	1	0	1	0	1	0	1	1	1	1	1	1	1
11	2	2	2	2	1	1	1	1	0	0	0	0	0	0	0	1	1	1	1	1	1	1	1	1	1	1	1	1	1	1	1	1	1	1	1	1	1	1	1	1	1
12	0	0	0	0	1	0	1	1	2	1	1	2	2	2	2	0	1	1	1	1	1	1	1	2	0	0	0	0	0	1	0	1	0	1	0	0	0	0	0	0	0
13	2	2	2	2	0	2	0	0	0	0	0	0	0	0	0	2	0	0	0	0	0	0	0	0	2	2	2	2	2	0	2	0	2	0	2	2	2	2	2	2	2
14	0	0	0	0	0	1	0	0	0	1	1	1	1	1	1	1	0	0	0	0	0	0	0	1	1	1	1	1	1	0	1	0	1	0	1	1	1	1	1	1	1
15	2	2	2	2	0	1	0	0	1	1	1	1	1	1	1	1	0	0	0	0	0	0	0	1	1	1	1	1	1	0	1	0	1	0	1	1	1	1	1	1	1
16	0	0	0	0	2	0	2	2	2	2	2	2	2	2	2	0	2	2	2	2	2	2	2	2	0	0	0	0	0	2	0	2	0	2	0	0	0	0	0	0	0
17	0	0	0	0	1	0	1	1	1	1	1	1	1	1	2	0	1	1	1	1	1	1	1	2	0	0	0	0	0	1	0	1	0	1	0	0	0	0	0	0	0
18	1	1	1	1	0	1	0	0	0	0	1	1	1	1	1	1	0	0	0	0	0	0	0	1	1	1	1	1	1	0	1	0	1	0	1	1	1	1	1	1	1
19	2	2	2	2	0	1	0	1	1	1	1	1	1	1	1	1	1	1	1	1	1	1	1	1	1	1	1	1	1	0	1	0	1	0	1	1	1	1	1	1	1
20	0	0	0	0	0	0	0	1	1	1	1	1	1	1	2	0	1	1	1	1	1	1	2	2	0	0	0	0	0	0	0	0	0	0	0	0	0	0	0	0	0
21	1	1	1	1	1	1	1	1	0	0	1	1	1	1	1	1	1	1	1	1	1	1	1	1	1	1	1	1	1	1	1	1	1	1	1	1	1	1	1	1	1
22	0	0	0	0	0	2	0	0	0	0	0	0	0	0	0	2	0	0	0	0	0	0	0	0	2	2	2	2	2	0	2	0	2	0	2	2	2	2	2	2	2
23	1	1	1	1	2	0	2	2	0	0	0	0	0	0	0	0	2	2	2	2	2	2	2	2	0	0	0	0	0	2	0	2	0	2	0	0	0	0	0	0	0
24	1	1	1	1	0	2	0	0	0	0	0	0	0	0	0	2	0	0	0	0	0	0	0	0	2	2	2	2	2	0	2	0	2	0	2	2	2	2	2	2	2
25	0	0	0	0	0	0	0	0	1	2	2	2	2	2	2	0	0	0	0	0	0	0	1	2	0	0	0	0	0	0	0	0	0	0	0	0	0	0	0	0	0
26	0	0	0	0	0	0	0	1	1	1	1	0	1	2	2	0	1	1	1	1	1	1	1	2	0	0	0	0	0	0	0	0	0	0	0	0	0	0	0	0	0
27	0	0	0	0	0	0	0	1	1	2	2	2	2	2	2	0	1	1	1	1	1	1	2	2	0	0	0	0	0	0	0	0	0	0	0	0	0	0	0	0	0
28	1	1	1	1	0	2	0	0	0	0	0	0	0	0	0	2	0	0	0	0	0	0	0	0	2	2	2	2	2	0	2	0	2	0	2	2	2	2	2	2	2
41	1	1	1	1	0	1	0	0	1	1	1	1	1	1	1	1	0	0	0	0	0	0	0	1	1	1	1	1	1	0	1	0	1	0	1	1	1	1	1	1	1
42	0	0	0	0	2	0	2	2	1	1	2	2	2	2	2	0	2	2	2	2	2	2	2	2	0	0	0	0	0	2	0	2	0	2	0	0	0	0	0	0	0
43	0	0	0	0	1	1	1	1	1	0	0	1	1	1	1	1	1	1	1	1	1	1	1	1	1	1	1	1	1	1	1	1	1	1	1	1	1	1	1	1	1
44	1	1	1	1	1	1	1	1	1	1	1	1	1	1	1	1	1	1	1	1	1	1	1	1	1	1	1	1	1	1	1	1	1	1	1	1	1	1	1	1	1
45	0	0	0	0	2	0	2	2	2	2	2	2	2	2	2	0	2	2	2	2	2	2	2	2	0	0	0	0	0	2	0	2	0	2	0	0	0	0	0	0	0
46	0	0	0	0	1	0	1	2	0	0	1	1	1	2	2	0	2	2	2	2	2	2	2	2	0	0	0	0	0	1	0	1	0	1	0	0	0	0	0	0	0
47	1	1	1	1	0	1	0	0	0	0	0	0	0	0	0	1	0	0	0	0	0	0	0	1	1	1	1	1	1	0	1	0	1	0	1	1	1	1	1	1	1
48	1	1	1	1	1	1	1	1	0	0	1	1	1	1	1	1	1	1	1	1	1	1	1	1	1	1	1	1	1	1	1	1	1	1	1	1	1	1	1	1	1
49	1	1	1	1	2	0	2	2	1	1	1	1	1	1	1	0	2	2	2	2	2	2	2	2	0	0	0	0	0	2	0	2	0	2	0	0	0	0	0	0	0
50	0	0	0	0	0	1	0	0	0	0	0	0	0	0	1	1	0	0	0	0	0	0	0	1	1	1	1	1	1	0	1	0	1	0	1	1	1	1	1	1	1
51	0	0	0	0	0	0	0	0	0	2	2	2	2	2	2	0	0	0	0	0	0	0	0	2	0	0	0	0	0	0	0	0	0	0	0	0	0	0	0	0	0
52	0	0	0	0	1	0	1	1	2	1	1	2	2	2	2	0	1	1	1	1	1	1	1	2	0	0	0	0	0	1	0	1	0	1	0	0	0	0	0	0	0
53	0	0	0	0	2	0	2	2	1	1	2	2	2	2	2	0	2	2	2	2	2	2	2	2	0	0	0	0	0	2	0	2	0	2	0	0	0	0	0	0	0
54	0	0	0	0	0	1	0	1	0	0	0	0	0	1	1	1	1	1	1	1	1	1	1	1	1	1	1	1	1	0	1	0	1	0	1	1	1	1	1	1	1
55	1	1	0	0	1	1	1	1	0	0	0	0	0	0	0	1	1	1	1	1	1	1	1	1	1	1	1	1	1	1	1	1	1	1	1	1	1	1	1	1	1
56	0	0	0	0	2	0	2	2	2	2	2	2	2	2	2	0	2	2	2	2	2	2	2	2	0	0	0	0	0	2	0	2	0	2	0	0	0	0	0	0	0
57	0	0	0	0	1	1	1	1	1	1	1	1	1	1	1	1	1	1	1	1	1	1	1	1	1	1	1	1	1	1	1	1	1	1	1	1	1	1	1	1	1
58	0	0	0	0	0	0	0	0	1	2	2	2	2	2	2	0	0	0	0	0	0	0	0	2	0	0	0	0	0	0	0	0	0	0	0	0	0	0	0	0	0
59	0	0	0	1	1	0	1	1	1	1	2	2	2	2	2	0	1	1	1	1	1	1	1	2	0	0	0	0	0	1	0	1	0	1	0	0	0	0	0	0	0
60	0	0	0	0	1	0	1	1	1	0	1	1	1	1	1	0	1	1	1	1	1	1	1	2	0	0	0	0	0	1	0	1	0	1	0	0	0	0	0	0	0
61	0	0	0	0	1	0	1	1	2	1	2	2	2	2	2	0	1	1	1	1	1	1	1	2	0	0	0	0	0	1	0	1	0	1	0	0	0	0	0	0	0
62	1	1	1	1	0	2	0	0	0	0	0	0	0	0	0	2	0	0	0	0	0	0	1	1	1	1	1	1	1	0	1	0	1	0	1	1	1	1	1	1	1
63	1	1	1	1	0	2	0	0	0	0	0	0	0	0	0	2	0	0	0	0	0	0	0	0	2	2	2	2	2	0	2	0	2	0	2	2	2	2	2	2	2
64	1	1	1	1	1	1	1	1	1	1	1	1	1	1	1	1	1	1	1	1	1	1	1	1	1	1	1	1	1	1	1	1	1	1	1	1	1	1	1	1	1
65	0	0	0	0	1	0	1	1	2	1	2	2	2	2	2	0	1	1	1	1	1	1	1	2	0	0	0	0	0	1	0	1	0	1	0	0	0	0	0	0	0
66	0	0	0	0	1	1	1	1	1	0	1	1	1	1	1	1	1	1	1	1	1	1	1	1	1	1	1	1	1	1	1	1	1	1	1	1	1	1	1	1	1
67	1	1	1	0	1	1	1	1	0	0	1	1	1	1	1	1	1	1	1	1	1	1	1	1	1	1	1	1	1	1	1	1	1	1	1	0	0	0	0	0	0
68	1	1	1	1	1	1	1	1	1	1	0	0	0	0	0	1	1	1	1	1	1	1	1	1	1	1	1	1	1	1	1	1	1	1	1	1	1	1	1	1	1
69	1	1	1	1	0	2	0	0	0	0	0	0	0	0	0	2	0	0	0	0	0	0	0	0	2	2	2	2	2	0	2	0	2	0	2	2	2	2	2	2	2
70	1	1	1	1	1	1	1	1	0	0	0	0	0	0	0	1	1	1	1	1	1	1	1	1	1	1	1	1	1	1	1	1	1	1	1	1	1	1	1	1	1
71	1	1	1	1	1	1	1	1	0	0	1	1	1	1	1	1	1	1	1	1	1	1	1	1	1	1	1	1	1	1	1	1	1	1	1	1	1	1	1	1	1
72	0	0	0	0	0	0	0	1	0	1	1	1	1	2	2	0	1	1	1	1	1	1	1	2	0	0	0	0	0	0	0	0	0	0	0	0	0	0	0	0	0
73	0	0	0	0	2	0	2	2	1	1	2	2	2	2	2	0	2	2	2	2	2	2	2	2	0	0	0	0	0	2	0	2	0	2	0	0	0	0	0	0	0
74	1	1	1	1	1	1	1	1	0	0	1	1	1	1	1	1	1	1	1	1	1	1	1	1	1	1	1	1	1	1	1	1	1	1	1	1	1	1	1	1	1
75	1	1	1	1	0	1	0	0	0	0	0	1	0	0	0	1	0	0	0	0	0	0	0	1	1	1	1	1	1	0	1	0	1	0	1	1	1	1	1	1	1
76	1	1	1	1	1	1	1	1	0	1	1	1	1	1	1	1	1	1	1	1	1	1	1	1	1	1	1	1	1	1	1	1	1	1	1	1	1	1	1	1	1
77	0	0	0	0	1	0	1	1	1	2	2	2	2	2	2	0	1	1	1	1	1	1	1	2	0	0	0	0	0	1	0	1	0	1	0	0	0	0	0	0	0
78	0	0	0	0	0	0	0	0	2	1	2	2	2	2	2	0	0	0	0	0	0	0	0	2	0	0	0	0	0	0	0	0	0	0	0	0	0	0	0	0	0
79	1	1	1	1	0	1	0	0	1	0	1	1	1	1	1	1	0	0	0	0	0	0	0	1	1	1	1	1	1	0	1	0	1	0	1	1	1	1	1	1	1
80	0	0	0	0	1	0	1	2	1	1	1	1	1	2	2	0	2	2	2	2	2	2	2	2	0	0	0	0	0	1	0	1	0	1	0	0	0	0	0	0	0
81	1	1	1	1	2	0	2	2	2	1	1	1	1	1	1	0	2	2	2	2	2	2	2	2	0	0	0	0	0	2	0	2	0	2	0	0	0	0	0	0	0
82	1	1	1	1	1	1	1	1	0	0	0	0	0	1	1	1	1	1	1	1	1	1	1	1	1	1	1	1	1	1	1	1	1	1	1	1	1	1	1	1	1
83	0	0	0	0	0	1	0	0	0	1	1	1	1	1	1	1	0	0	0	0	0	0	1	1	1	1	1	1	1	0	1	0	1	0	1	1	1	1	1	1	1
84	0	0	0	0	1	0	1	1	1	2	2	2	2	2	2	0	1	1	1	1	1	1	2	2	0	0	0	0	0	1	0	1	0	1	0	0	0	0	0	0	0
85	0	0	0	0	0	2	0	0	0	0	0	0	0	0	0	2	0	0	0	0	0	0	0	0	2	2	2	2	2	0	2	0	2	0	2	2	2	2	2	2	2
86	0	0	0	0	0	0	0	0	1	1	2	2	2	2	2	0	0	0	0	0	0	0	0	2	0	0	0	0	0	0	0	0	0	0	0	0	0	0	0	0	0
87	0	0	0	0	0	0	0	0	2	2	2	2	2	2	2	0	0	0	0	0	0	0	0	2	0	0	0	0	0	0	0	0	0	0	0	0	0	0	0	0	0
88	1	1	1	1	1	1	1	1	0	0	1	1	1	1	1	1	1	1	1	1	1	1	1	1	1	1	1	1	1	1	1	1	1	1	1	1	1	1	1	1	1
89	0	0	0	0	2	0	2	2	1	2	1	1	1	1	1	0	2	2	2	2	2	2	2	2	0	0	0	0	0	1	0	1	0	1	0	0	0	0	0	0	0
90	1	1	1	1	0	1	0	0	0	1	1	1	1	1	1	1	0	0	0	0	0	0	1	1	1	1	1	1	1	0	1	0	1	0	1	1	1	1	1	1	1
91	2	2	2	2	0	2	0	0	0	0	0	0	0	0	0	2	0	0	0	0	0	0	0	0	2	2	2	2	2	0	2	0	2	0	2	2	2	2	2	2	2
92	0	0	0	0	1	1	1	1	1	1	1	1	1	1	1	1	1	1	1	1	1	1	1	1	1	1	1	1	1	1	1	1	1	1	1	1	1	1	1	1	1
93	1	1	1	1	1	1	1	1	0	0	0	0	0	0	0	1	1	1	1	1	1	1	1	1	1	1	1	1	1	1	1	1	1	1	1	1	1	1	1	1	1
94	0	0	0	0	0	0	0	0	1	2	2	1	2	2	2	0	0	0	0	0	0	0	0	2	0	0	0	0	0	0	0	0	0	0	0	0	0	0	0	0	0
95	1	1	1	1	1	1	1	1	0	0	0	0	0	0	0	1	1	1	1	1	1	1	1	1	1	1	1	1	1	1	1	1	1	1	1	1	1	1	1	1	1
96	0	0	0	0	0	0	0	0	1	1	2	2	2	2	2	0	0	0	0	0	0	0	0	2	0	0	0	0	0	0	0	0	0	0	0	1	1	1	1	1	1
97	1	1	1	1	0	1	0	1	0	0	0	0	0	1	1	1	1	1	1	1	1	1	1	1	1	1	1	1	1	0	1	0	1	0	1	1	1	1	1	1	1
98	1	1	1	1	1	1	1	1	0	0	0	1	1	1	1	1	1	1	1	1	1	1	1	1	1	1	1	1	1	1	1	1	1	1	1	1	1	1	1	1	1
99	2	2	2	2	0	2	0	0	0	0	0	0	0	0	0	2	0	0	0	0	0	0	0	0	2	2	2	2	2	0	2	0	2	0	2	2	2	2	2	2	2
100	1	1	1	1	1	1	1	1	0	0	0	0	0	0	0	1	1	1	1	1	1	1	1	1	1	1	1	1	1	1	1	1	1	1	1	1	1	1	1	1	1
101	0	0	0	0	0	0	0	0	2	2	2	2	2	2	2	0	0	0	0	0	0	0	1	2	0	0	0	0	0	0	0	0	0	0	0	1	1	1	1	1	1
102	0	0	0	0	0	2	0	0	0	0	0	0	0	0	0	2	0	0	0	0	0	0	0	0	2	2	2	2	2	0	2	0	2	0	2	2	2	2	2	2	2
103	0	0	0	0	1	0	1	1	1	2	1	2	1	1	1	0	1	1	1	1	1	1	1	2	0	0	0	0	0	1	0	1	0	1	0	0	0	0	0	0	0
104	0	0	0	0	2	0	2	2	2	2	2	2	2	2	2	0	2	2	2	2	2	2	2	2	0	0	0	0	0	1	0	1	0	1	0	0	0	0	0	0	0
105	1	1	1	1	0	1	0	0	1	1	1	1	1	1	1	1	0	0	0	0	0	0	0	1	1	1	1	1	1	0	1	0	1	0	1	2	2	2	2	2	2
106	0	0	0	0	0	0	0	0	1	2	2	2	2	2	2	0	0	0	0	0	0	0	0	2	0	0	0	0	0	0	0	0	0	0	0	0	0	0	0	0	0
107	1	1	1	1	0	1	0	0	0	2	0	1	0	0	0	1	0	0	0	0	0	0	0	1	1	1	1	1	1	0	1	0	1	0	1	1	1	1	1	1	1
108	1	1	1	1	0	0	0	0	2	1	2	2	2	2	2	0	0	0	0	0	0	0	0	2	0	0	1	0	0	0	0	0	0	0	0	0	0	0	0	0	0
109	0	0	0	0	1	0	1	1	1	2	2	2	2	2	2	0	1	1	1	1	1	1	1	2	0	0	0	0	0	1	0	1	0	1	0	0	0	0	0	0	0
110	1	1	1	1	1	1	1	1	0	0	1	1	1	1	1	1	1	1	1	1	1	1	2	2	0	0	0	0	0	2	0	2	0	2	0	0	0	0	0	0	0
111	0	0	0	0	1	0	1	1	1	1	2	2	2	2	2	0	1	1	1	1	1	1	1	2	0	0	0	0	0	1	0	1	0	1	0	0	0	0	0	0	0
112	1	1	1	1	1	1	1	1	1	1	1	1	1	1	1	1	1	1	1	1	1	1	1	1	1	1	1	1	1	1	1	1	1	1	1	1	1	1	1	1	1
113	1	1	1	1	0	0	0	1	1	1	1	1	1	2	2	0	1	1	1	1	1	1	1	2	0	0	0	0	0	0	0	0	0	0	0	0	0	0	0	0	0
114	0	0	0	0	0	2	0	0	0	0	0	0	0	0	0	2	0	0	0	0	0	0	0	0	2	2	2	2	2	0	2	0	2	0	2	1	1	1	1	1	1
115	1	1	1	1	1	1	1	1	1	1	1	1	1	1	1	1	1	1	1	1	1	1	1	1	1	1	1	1	1	1	1	1	1	1	1	1	1	1	1	1	1
117	0	0	0	0	1	0	1	1	1	1	1	2	2	2	2	0	1	1	1	1	1	1	1	2	0	0	0	0	0	1	0	1	0	1	0	0	0	0	0	0	0
118	0	0	0	0	1	0	1	1	2	1	2	2	2	2	2	0	1	1	1	1	1	1	1	2	0	0	0	0	0	1	0	1	0	1	0	0	0	0	0	0	0
119	1	1	1	1	1	1	1	1	1	1	0	1	1	1	1	1	1	1	1	1	1	1	1	1	1	1	1	1	1	1	1	1	1	1	1	1	1	1	1	1	1
120	1	1	1	1	0	1	0	0	1	1	1	1	1	1	1	1	0	0	0	0	0	0	0	1	1	1	1	1	1	0	1	0	1	0	1	1	1	1	1	1	1
121	1	1	2	1	1	1	1	1	1	1	1	1	1	1	1	1	1	1	1	1	1	1	1	1	1	1	1	1	1	1	1	1	1	1	1	1	1	1	1	1	1
122	1	1	1	1	0	1	0	0	0	1	1	1	1	1	1	1	0	0	0	0	0	0	0	1	1	1	1	1	1	0	1	0	1	0	1	1	1	1	1	1	1
123	0	0	0	0	1	0	1	1	0	1	2	2	2	2	2	0	1	1	1	1	1	1	1	2	0	0	0	0	0	1	0	1	0	1	0	0	0	0	0	0	0
124	0	0	0	0	0	1	0	0	0	0	1	1	1	1	1	1	0	0	0	0	0	0	0	1	1	1	1	1	1	0	1	0	1	0	1	1	1	1	1	1	1
125	0	0	0	0	1	0	1	1	1	2	2	2	2	2	2	0	1	1	1	1	1	1	2	2	0	0	0	0	0	1	0	1	0	1	0	0	0	0	0	0	0
126	2	2	2	2	1	1	1	1	1	1	0	0	0	0	0	1	1	1	1	1	1	1	1	1	1	1	1	1	1	1	1	1	1	1	1	0	0	0	0	0	0
127	1	1	1	1	0	2	0	0	0	0	0	0	0	0	0	2	0	0	0	0	0	0	0	0	2	2	2	2	2	0	2	0	2	0	2	2	2	2	2	2	2
128	1	1	1	1	1	1	1	1	1	1	1	1	1	1	1	1	1	1	1	1	1	1	1	1	1	1	1	1	1	1	1	1	1	1	1	0	0	0	0	0	0
129	2	2	2	2	0	2	0	0	0	0	0	0	0	0	0	2	0	0	0	0	0	0	0	0	2	2	2	2	2	0	2	0	2	0	2	2	2	2	2	2	2
130	1	1	1	1	0	0	0	0	0	1	2	2	2	2	2	0	0	0	0	0	0	0	1	2	0	0	0	0	0	0	0	0	0	0	0	0	0	0	0	0	0
131	0	0	0	0	1	0	1	1	1	1	1	1	1	1	1	0	1	1	1	1	1	1	2	2	0	0	0	0	0	1	0	1	0	1	0	0	0	0	0	0	0
132	1	1	1	1	1	1	1	1	0	0	1	1	1	1	1	1	1	1	1	1	1	1	1	1	1	1	1	1	1	1	1	1	1	1	1	1	1	1	1	1	1
133	1	1	1	1	0	2	0	0	0	0	0	0	0	0	0	2	0	0	0	0	0	0	0	0	2	2	2	2	2	0	2	0	2	0	2	2	2	2	2	2	2
134	0	0	0	0	0	1	0	0	1	0	1	1	1	1	1	1	0	0	0	0	0	0	0	1	1	1	1	1	1	0	1	0	1	0	1	1	1	1	1	1	1
135	1	1	1	1	0	1	0	0	0	1	1	1	1	1	1	1	0	0	0	0	0	0	1	1	1	1	1	1	1	0	1	0	1	0	1	1	1	1	1	1	1
136	0	0	0	0	0	0	0	0	2	2	2	2	2	2	2	0	0	0	0	0	0	0	0	2	0	0	0	0	0	0	0	0	0	0	0	0	0	0	0	0	0
137	1	1	1	1	1	1	1	1	1	1	1	1	1	1	1	1	1	1	1	1	1	1	1	1	1	1	1	1	1	1	1	1	1	1	1	1	1	1	1	1	1
138	1	1	1	1	0	1	0	0	0	0	0	0	0	0	0	1	0	0	0	0	0	0	0	1	1	1	1	1	1	0	1	0	1	0	1	1	1	1	1	1	1
139	1	1	1	1	1	0	1	1	1	1	1	1	1	1	1	0	1	1	1	1	1	1	1	2	0	0	0	0	0	1	0	1	0	1	0	0	0	0	0	0	0
140	2	2	2	2	2	0	2	2	1	1	1	1	1	1	1	0	2	2	2	2	2	2	2	2	0	0	0	0	0	2	0	2	0	2	0	0	0	0	0	0	0
141	0	0	0	0	2	0	2	2	2	2	2	2	2	2	2	0	2	2	2	2	2	2	2	2	0	0	0	0	0	2	0	2	0	2	0	0	0	0	0	0	0
142	0	0	0	0	2	0	2	2	2	1	1	1	1	2	2	0	2	2	2	2	2	2	2	2	0	0	0	0	0	1	0	1	0	1	0	0	0	0	0	0	0
143	2	2	2	2	0	1	0	1	0	0	0	0	0	1	1	1	1	1	1	1	1	1	1	1	1	1	1	1	1	0	1	0	1	0	1	1	1	1	1	1	1
144	1	1	1	1	1	1	1	1	1	1	1	1	1	1	1	1	1	1	1	1	1	1	1	1	1	1	1	1	1	1	1	1	1	1	1	1	1	1	1	1	1
145	0	0	0	0	1	0	1	1	0	2	2	2	2	2	2	0	1	1	1	1	1	1	1	2	0	0	0	0	0	1	0	1	0	1	0	0	0	0	0	0	0
146	1	1	1	1	1	0	1	1	0	1	2	2	2	2	2	0	1	1	1	1	1	1	2	2	0	0	0	0	0	1	0	1	0	1	0	0	0	0	0	0	0
147	0	0	0	0	0	0	0	0	1	2	2	2	2	2	2	0	0	0	0	0	0	0	1	2	0	0	0	0	0	0	0	0	1	0	1	2	2	2	2	2	2
148	0	0	0	0	0	0	0	0	0	2	2	2	2	2	2	0	0	0	0	0	0	0	0	2	0	0	0	0	0	0	0	0	0	0	0	0	0	0	0	0	0
149	0	0	0	0	1	0	1	2	2	2	2	2	2	2	2	0	2	2	2	2	2	2	2	2	0	0	0	0	0	1	0	1	0	1	0	0	0	0	0	0	0
150	1	1	1	1	0	1	0	0	0	1	1	1	1	1	1	1	0	0	0	0	0	0	0	1	1	1	1	1	1	0	1	0	1	0	1	2	2	2	2	2	2
151	1	1	1	1	1	1	1	1	1	1	1	1	1	1	1	1	1	1	1	1	1	1	1	1	1	1	1	1	1	1	1	1	1	1	1	1	1	1	1	1	1
152	0	0	0	0	2	0	2	2	2	2	2	2	2	2	2	0	2	2	2	2	2	2	2	2	0	0	0	0	0	2	0	2	0	2	0	0	0	0	0	0	0
153	1	1	1	1	2	0	2	2	0	1	2	2	2	2	2	0	2	2	2	2	2	2	2	2	0	0	0	0	0	2	0	2	0	2	0	0	0	0	0	0	0
154	0	0	0	0	1	1	1	1	1	1	1	1	1	1	1	1	1	1	1	1	1	1	1	1	1	1	1	1	1	0	1	0	1	0	1	1	1	1	1	1	1
155	0	0	0	0	1	0	1	1	1	2	2	2	2	2	2	0	1	1	1	1	1	1	1	2	0	0	0	0	0	1	0	1	0	1	0	0	0	0	0	0	0
156	1	1	1	1	1	0	1	1	2	1	2	2	2	2	2	0	1	1	1	1	1	1	1	2	0	0	0	0	0	1	0	1	0	1	0	0	0	0	0	0	0
157	0	0	0	0	0	0	0	0	0	1	2	2	2	2	2	0	0	0	0	0	0	0	0	2	0	0	0	0	0	0	0	1	0	0	0	0	0	0	0	0	0
158	0	0	0	0	1	0	1	1	2	2	2	2	2	2	2	0	1	1	1	1	1	1	1	2	0	0	0	0	0	1	0	0	0	1	0	0	0	0	0	0	0
159	1	1	1	1	1	1	1	1	0	1	1	1	1	1	1	1	1	1	1	1	1	1	1	1	1	1	1	1	1	0	1	0	1	0	1	1	1	1	1	1	1
160	0	0	0	0	1	0	1	2	2	2	2	2	2	2	2	0	2	2	2	2	2	2	2	2	0	0	0	0	0	1	0	1	0	1	0	0	0	0	0	0	0
161	0	0	0	0	0	2	0	0	0	0	0	0	0	0	0	2	0	0	0	0	0	0	0	0	2	2	2	2	2	0	2	0	2	0	2	2	2	2	2	2	2
162	1	1	1	1	1	1	1	1	0	1	1	1	1	1	1	1	1	1	1	1	1	1	1	2	0	0	0	0	0	1	0	1	0	1	0	0	0	0	0	0	0
163	0	0	0	0	1	1	1	1	1	1	1	1	1	1	1	1	1	1	1	1	1	1	1	1	1	1	1	1	1	1	1	0	1	1	1	1	1	1	1	1	1
164	2	2	2	2	1	1	1	1	0	0	0	0	0	0	0	1	1	1	1	1	1	1	1	1	1	1	1	1	1	1	1	1	1	1	2	1	1	1	1	1	1
165	1	1	1	1	0	1	0	1	0	0	0	0	0	1	1	1	1	1	1	1	1	1	1	1	1	1	1	1	1	0	1	0	1	0	1	1	1	1	1	1	1
166	0	0	0	0	1	0	1	1	1	2	2	2	2	2	2	0	1	1	1	1	1	1	1	2	0	0	0	0	0	1	0	2	0	1	0	0	0	0	0	0	0
167	2	2	2	2	0	2	0	0	0	0	0	0	0	0	0	2	0	0	0	0	0	0	0	0	2	2	2	2	2	0	2	0	2	0	2	2	2	2	2	2	2
168	1	1	1	1	1	1	1	1	1	1	1	1	1	1	1	1	1	1	1	1	1	1	1	1	1	1	1	1	1	0	1	0	1	0	1	1	1	1	1	1	1
169	2	2	2	2	0	2	0	0	0	0	0	0	0	0	0	2	0	0	0	0	0	0	0	0	2	2	2	2	2	0	2	0	2	0	2	2	2	2	2	2	2
170	0	0	0	0	0	0	0	1	1	1	1	0	1	2	2	0	1	1	1	1	1	1	1	2	0	0	0	0	0	0	0	0	0	0	0	0	0	0	0	0	0
171	0	0	0	0	2	0	2	2	2	2	2	2	2	2	2	0	2	2	2	2	2	2	2	2	0	0	0	0	0	2	0	2	0	2	0	0	0	0	0	0	0
172	0	0	0	0	0	2	0	0	0	0	0	0	0	0	0	2	0	0	0	0	0	0	0	0	2	2	2	2	2	0	2	0	2	0	2	2	2	2	2	2	2
173	1	1	1	1	2	0	2	2	2	1	1	1	1	1	1	0	2	2	2	2	2	2	2	2	0	0	0	0	0	2	0	2	0	2	0	0	0	0	0	0	0
174	2	2	2	2	0	2	0	0	0	0	0	0	0	0	0	2	0	0	0	0	0	0	0	0	2	2	2	2	2	0	2	0	2	0	2	2	2	2	2	2	2
175	2	2	2	2	0	1	0	0	1	0	1	1	1	1	1	1	0	0	0	0	0	0	0	1	1	1	2	1	1	0	1	0	1	0	1	1	1	1	1	1	1
176	0	0	0	0	0	0	0	0	1	2	2	2	2	2	2	0	0	0	0	0	0	0	1	2	0	0	0	0	0	0	0	0	0	0	0	1	1	1	1	1	1
177	1	1	1	1	1	1	1	1	1	1	1	1	1	1	1	1	1	1	1	1	1	1	1	1	1	1	1	1	1	0	1	0	1	0	1	1	1	1	1	1	1
178	0	0	0	0	0	0	0	1	0	0	1	1	1	2	2	0	1	1	1	1	1	1	1	2	0	0	0	0	0	0	0	0	0	0	0	1	1	1	1	1	1
179	0	0	0	0	0	1	0	0	0	1	0	1	0	0	0	1	0	0	0	0	0	0	0	1	1	1	1	1	1	0	1	0	1	0	1	1	1	1	1	1	1
180	0	0	0	0	1	0	1	1	1	2	2	2	2	2	2	0	1	1	1	1	1	1	2	2	0	0	0	0	0	0	0	0	0	0	0	0	0	0	0	0	0
181	0	0	0	0	1	0	1	1	1	2	2	2	2	2	2	0	1	1	1	1	1	1	1	2	0	0	0	0	0	1	0	1	0	1	0	1	1	1	1	1	1
182	0	0	0	0	1	0	1	1	1	2	2	2	2	2	2	0	1	1	1	1	1	1	1	2	0	0	0	0	0	0	0	0	0	0	0	0	0	0	0	0	0
183	0	0	0	0	0	0	0	0	1	1	2	2	2	2	2	0	0	0	0	0	0	0	0	2	0	0	0	0	0	0	0	0	0	0	0	1	1	1	1	1	1
184	1	1	1	1	1	0	1	1	1	2	2	2	2	2	2	0	1	1	1	1	1	1	1	2	0	0	0	0	0	1	0	1	0	1	0	0	0	0	0	0	0
185	1	1	1	1	2	0	2	2	0	1	1	1	1	1	1	0	2	2	2	2	2	2	2	2	0	0	0	0	0	2	0	2	0	2	0	0	0	0	0	0	0
186	0	0	0	0	0	0	0	0	0	1	2	2	2	2	2	0	0	0	0	0	0	0	0	2	0	0	0	0	0	0	0	1	0	0	0	0	0	0	0	0	0
187	0	0	0	0	1	0	1	1	1	2	2	2	2	2	2	0	1	1	1	1	1	1	1	2	0	0	0	0	0	1	0	1	0	1	0	0	0	0	0	0	0
188	0	0	0	0	2	0	2	2	2	2	2	2	2	2	2	0	2	2	2	2	2	2	2	2	0	0	0	0	0	2	0	2	0	2	0	0	0	0	0	0	0
189	2	2	2	2	0	2	0	0	0	0	0	0	0	0	0	2	0	0	0	0	0	0	0	0	2	2	2	2	2	0	2	0	2	0	2	2	2	2	2	2	2
190	1	1	1	1	1	0	1	1	2	2	2	2	2	2	2	0	1	1	1	1	1	1	1	2	0	0	0	0	0	1	0	1	0	1	0	0	0	0	0	0	0
191	0	0	0	0	1	0	1	1	0	0	0	0	0	0	1	0	1	1	1	1	1	1	2	2	0	0	0	0	0	1	0	1	0	1	0	0	0	0	0	0	0
192	0	0	0	1	0	2	0	0	0	0	0	1	0	0	1	1	0	0	0	0	0	0	0	1	1	1	1	1	1	0	1	0	1	0	1	1	1	1	1	1	1
193	1	1	1	1	2	0	2	2	1	1	1	1	1	1	1	0	2	1	2	2	2	2	1	2	0	0	0	0	0	2	0	2	0	2	0	0	0	0	0	0	0
194	1	1	1	1	1	1	1	1	1	1	1	1	1	1	1	1	1	1	1	1	1	1	1	1	1	1	1	1	1	1	1	1	1	1	1	1	1	1	1	1	1
195	0	0	0	0	1	0	1	1	0	2	2	2	2	2	2	0	1	1	1	1	1	1	1	2	0	0	0	0	0	1	0	1	0	1	0	0	0	0	0	0	0
196	1	1	1	1	0	2	0	0	0	0	0	0	0	0	0	2	0	0	0	0	0	0	0	0	2	2	2	2	2	0	2	0	2	0	2	2	2	2	2	2	2
197	0	0	0	0	0	0	0	0	0	1	0	1	0	0	0	0	0	0	1	0	0	0	0	2	0	0	0	0	0	0	0	0	0	0	0	0	0	0	0	0	0
198	0	0	0	0	2	0	2	2	2	2	2	2	2	2	2	0	2	2	2	2	2	2	2	2	0	0	0	0	0	1	0	1	0	1	0	0	0	0	0	0	0
199	0	0	0	0	2	0	2	2	2	2	2	2	2	2	2	0	2	2	2	2	2	2	2	2	0	0	0	0	0	1	0	1	0	1	0	0	0	0	0	0	0
200	2	2	2	2	1	1	1	1	0	0	0	0	0	0	0	1	1	1	1	1	1	1	1	1	1	1	1	1	1	1	1	1	1	1	1	1	1	1	1	1	1
201	1	1	1	1	0	1	0	1	0	0	0	0	0	1	1	1	1	1	1	1	1	1	1	1	1	1	1	1	1	0	1	0	1	0	1	1	1	1	1	1	1
202	0	0	0	0	1	0	1	1	1	1	1	1	1	1	1	0	1	1	2	1	1	1	1	2	0	0	0	0	0	1	0	1	0	1	0	0	0	0	0	0	0
203	1	1	1	1	0	0	0	1	2	2	2	2	2	2	2	0	1	1	1	1	1	1	1	2	0	0	0	0	0	0	0	0	0	0	0	0	0	0	0	0	0
204	1	1	1	1	0	1	0	0	0	0	1	1	1	1	1	1	0	0	0	0	0	0	0	1	1	1	1	1	1	0	1	0	1	0	1	1	1	2	1	1	1
205	0	0	0	0	1	0	1	2	1	1	1	1	1	1	1	0	2	2	2	2	2	2	2	2	0	0	0	0	0	1	0	1	0	1	0	0	0	0	0	0	0
206	0	0	0	0	1	0	1	1	1	2	2	2	2	2	2	0	1	1	1	1	1	1	1	2	0	0	0	0	0	1	0	1	0	1	0	0	0	0	0	0	0
207	1	1	1	1	1	1	1	1	0	0	0	0	0	0	0	1	1	1	1	1	1	1	1	1	1	1	1	1	1	1	1	1	1	1	1	1	1	1	1	1	1
208	0	0	0	0	1	0	1	1	1	2	2	2	2	2	2	0	1	1	1	1	1	1	1	2	0	0	0	0	0	1	0	1	0	1	0	0	0	0	0	0	0
209	1	1	1	1	1	1	1	1	0	0	1	1	1	1	1	1	1	1	1	1	1	1	1	1	1	1	1	1	1	1	1	1	1	1	1	1	1	1	1	1	1
210	0	0	0	0	1	1	1	1	0	1	1	1	1	1	1	1	1	1	1	1	1	1	1	1	1	1	1	1	1	1	1	1	1	1	1	1	1	1	1	1	1
211	0	0	0	0	0	1	0	1	1	1	1	1	1	1	1	1	1	1	1	1	1	1	1	1	1	1	1	1	1	0	1	0	1	0	1	1	1	1	1	1	1
212	1	1	1	1	1	1	1	1	1	1	1	1	1	1	1	1	1	1	1	1	1	1	1	1	1	1	1	1	1	1	1	1	1	1	1	1	1	1	1	1	1
213	0	0	0	0	2	0	2	2	2	2	2	2	2	2	2	0	2	2	2	2	2	2	2	2	0	0	0	0	0	1	0	1	0	1	0	0	0	0	0	0	0
214	0	0	0	0	1	0	1	1	1	2	2	2	2	2	2	0	1	1	1	1	1	1	1	2	0	0	0	0	0	0	0	1	0	0	0	0	0	0	0	0	0
215	0	0	0	0	1	0	1	1	1	1	1	1	1	1	2	0	1	1	1	1	1	1	2	2	0	0	0	0	0	1	0	1	0	1	0	0	0	0	0	0	0
216	1	1	1	1	0	2	0	0	0	0	0	0	0	0	0	2	0	0	0	0	0	0	0	0	2	2	2	2	2	0	2	0	2	0	2	2	2	2	2	2	2
217	1	1	1	1	0	1	0	0	0	0	0	0	0	0	1	1	0	0	0	0	0	0	0	1	1	1	1	1	1	0	1	0	1	0	1	1	1	1	1	1	1
218	1	1	1	1	0	2	0	0	0	0	0	0	0	0	0	2	0	0	0	0	0	0	0	0	2	2	2	2	2	0	2	0	2	0	2	2	2	2	2	2	2
219	0	0	0	0	1	1	1	1	0	0	0	0	0	0	1	1	1	1	1	1	1	1	1	1	1	1	1	1	1	1	0	2	0	2	0	0	0	0	0	0	0
220	1	1	1	1	0	1	0	0	0	0	0	1	0	0	1	1	0	0	0	0	0	0	0	1	1	1	1	1	1	0	1	0	1	0	1	1	1	1	1	1	1
222	0	0	0	0	1	0	1	1	1	1	2	2	2	2	2	0	1	1	1	1	1	1	1	2	0	0	0	0	0	1	0	1	0	1	0	0	0	0	0	0	0
223	1	1	1	1	0	2	0	0	0	0	0	0	0	0	0	2	0	0	0	0	0	0	0	0	2	2	2	2	2	0	2	0	2	0	2	2	2	2	2	2	2
224	2	2	2	2	0	2	0	0	0	0	0	0	0	0	0	2	0	0	0	0	0	0	0	0	2	2	2	2	2	0	2	0	2	0	2	2	2	2	2	2	2
225	0	0	0	0	1	0	1	1	2	2	2	2	2	2	2	0	1	1	1	1	1	1	1	2	0	0	0	0	0	1	0	1	0	1	0	0	0	0	0	0	0
226	2	2	2	2	0	2	0	0	0	0	0	0	0	0	0	2	0	0	0	0	0	0	0	0	2	2	2	2	2	0	2	0	2	0	2	2	2	2	2	2	2
227	1	1	1	1	0	2	0	0	0	0	0	0	0	0	0	2	0	0	0	0	0	0	0	0	2	2	2	2	2	0	2	0	2	0	2	2	2	2	2	2	2
228	1	1	1	1	0	1	0	0	0	0	0	0	0	0	1	1	0	0	0	0	0	0	0	1	1	1	1	1	1	0	1	0	1	0	1	2	2	2	2	2	2
229	1	1	1	1	0	2	0	0	0	0	0	0	0	0	0	2	0	0	0	0	0	0	0	0	2	2	2	2	2	0	2	0	2	0	2	2	2	2	2	2	2
230	1	1	1	1	1	1	1	1	1	0	0	1	1	1	1	1	1	1	1	1	1	1	1	1	1	1	1	1	1	1	1	1	1	1	1	1	1	1	1	1	1
231	1	1	1	1	0	1	0	0	0	0	0	0	0	0	1	1	0	0	0	0	0	0	0	1	1	1	1	1	1	0	1	0	1	0	1	2	2	2	1	2	2
232	0	0	0	0	0	0	0	0	2	1	2	2	2	2	2	0	0	0	0	0	0	0	0	2	0	0	0	0	0	0	0	0	0	0	0	0	0	0	0	0	0
233	0	0	0	0	2	0	2	2	2	2	2	2	2	2	2	0	2	2	2	2	2	2	2	2	0	0	0	0	0	2	0	2	0	2	0	0	0	0	0	0	0
234	0	0	0	0	2	0	2	2	2	2	2	2	2	2	2	0	2	2	2	2	2	2	2	2	0	0	0	0	0	2	0	2	0	2	0	0	0	0	0	1	1
235	0	0	0	0	1	0	1	1	1	2	2	2	2	2	2	0	1	1	1	1	1	1	2	2	0	0	0	0	0	1	0	1	0	1	0	0	0	0	0	0	0
236	1	1	1	1	1	0	1	1	2	2	2	2	2	2	2	0	1	1	1	1	1	1	1	1	1	1	1	1	1	1	1	1	1	1	1	1	1	1	1	1	1
237	1	1	1	1	1	1	1	1	0	0	1	1	1	1	1	1	1	1	1	1	1	1	1	1	1	1	1	1	1	1	1	1	1	1	1	1	1	1	1	1	1
238	1	1	1	1	0	0	0	0	2	1	2	2	2	2	2	0	0	0	0	0	0	0	0	2	0	0	1	0	0	0	0	0	0	0	0	0	0	0	0	0	0
239	1	1	1	1	0	0	0	0	1	2	2	2	2	2	2	0	0	0	0	0	0	0	0	1	1	1	1	1	1	0	1	0	1	0	1	0	0	1	0	0	0
240	0	0	0	0	0	0	0	0	1	0	1	1	1	1	2	0	0	0	0	0	0	0	1	2	0	0	0	0	0	0	0	0	0	0	0	0	0	0	0	0	0
241	0	0	0	0	0	0	0	0	1	1	1	1	1	1	1	0	0	0	0	0	0	0	0	2	0	0	0	0	0	0	0	0	0	0	0	0	0	0	0	0	0
242	1	1	1	1	0	2	0	0	0	0	0	0	0	0	0	2	0	0	0	0	0	0	0	0	2	2	2	2	2	0	2	0	2	0	2	2	2	2	2	2	2
243	1	1	1	1	0	1	0	0	1	1	1	1	1	1	1	1	0	0	0	0	0	0	0	1	1	1	1	1	1	0	1	0	1	0	1	1	1	1	1	1	1
244	1	1	1	1	0	1	0	0	1	0	1	1	1	1	1	1	0	0	0	0	0	0	0	1	1	1	1	1	1	0	1	0	1	0	1	1	1	1	1	1	1
245	1	1	1	1	0	1	0	0	0	1	1	1	1	1	1	1	0	0	0	0	0	0	1	1	1	1	1	1	1	0	1	0	1	0	1	2	2	2	2	2	2
246	1	1	1	1	0	1	0	0	1	1	1	1	1	1	1	1	0	0	0	0	0	0	0	1	1	1	1	1	1	0	1	0	1	0	1	1	1	1	1	1	1
247	0	0	0	0	1	1	1	1	0	0	0	0	0	0	0	1	1	1	1	1	1	1	1	1	1	1	1	1	1	1	1	1	1	1	1	1	1	1	1	1	1
248	1	1	1	1	0	2	0	0	0	0	0	0	0	0	0	2	0	0	0	0	0	0	0	0	2	2	2	2	2	0	2	0	2	0	2	1	1	2	1	1	1
249	2	2	2	2	0	2	0	0	0	0	0	0	0	0	0	2	0	0	0	0	0	0	0	0	2	2	2	2	2	0	2	0	2	0	2	2	2	2	2	2	2
250	0	0	0	0	0	1	0	0	0	1	1	1	1	1	1	1	0	0	0	0	0	0	0	1	1	1	1	1	1	0	1	0	2	0	2	2	2	2	2	2	2
251	1	1	1	1	1	1	1	1	0	1	0	0	0	0	0	1	1	1	1	1	1	1	1	1	1	1	1	1	1	1	1	1	1	1	1	1	1	1	1	1	1
252	1	1	1	1	1	1	1	1	1	1	1	1	1	1	1	1	1	1	1	1	1	1	1	1	1	1	1	1	1	1	1	1	1	1	1	1	1	1	1	1	1
253	1	1	1	1	2	0	2	2	1	2	2	2	2	2	2	0	2	2	2	2	2	2	2	2	0	0	0	0	0	2	0	2	0	2	0	0	0	0	0	0	0
254	1	1	1	1	1	1	1	1	1	1	1	1	1	1	1	1	1	1	1	1	1	1	1	1	1	1	1	1	1	1	1	1	1	1	1	1	1	1	1	1	1
255	1	1	1	1	0	1	0	0	0	1	1	1	1	1	1	1	0	0	0	0	0	0	0	1	1	1	1	1	1	0	1	0	1	0	1	1	1	1	1	1	1
256	1	1	1	1	1	1	1	1	0	0	0	0	0	0	0	1	1	1	1	1	1	1	1	1	1	1	1	1	1	0	1	0	1	0	1	1	1	1	1	1	1
257	1	1	1	1	1	1	1	1	0	0	0	0	0	0	0	1	1	1	1	1	1	1	1	1	1	1	1	1	1	1	1	1	1	1	1	1	1	1	1	1	1
258	1	1	1	1	2	0	2	2	2	2	1	1	1	1	1	0	2	2	2	2	2	2	2	2	0	0	0	0	0	2	0	2	0	2	0	0	0	0	0	0	0
259	0	0	0	0	1	0	1	1	1	1	1	1	1	1	2	0	1	1	1	1	1	1	1	2	0	0	0	0	0	1	0	1	0	1	0	0	0	0	0	0	0
260	1	1	1	1	1	1	1	1	1	1	1	1	1	1	1	1	1	1	1	1	1	1	1	1	1	1	1	1	1	1	1	1	1	1	1	1	1	1	1	1	1
261	1	1	1	1	1	1	1	1	0	0	1	1	1	1	1	1	1	1	1	1	1	1	1	1	1	1	1	1	1	1	1	1	1	1	1	1	1	1	1	1	1
262	1	1	1	1	0	1	0	0	0	0	0	0	0	0	0	1	0	0	0	0	0	0	0	1	1	1	1	1	1	0	1	0	1	0	1	1	1	1	1	1	1
263	1	1	1	1	1	1	1	1	1	1	1	1	1	1	1	1	1	1	1	1	1	1	1	1	1	1	1	1	1	1	1	1	1	1	1	1	1	1	1	1	1
264	0	0	0	0	0	1	0	0	1	1	1	1	1	1	1	1	0	0	0	0	0	0	0	1	1	1	1	1	1	0	1	0	1	0	1	0	0	0	0	0	0
265	0	0	0	0	1	0	1	1	0	1	2	2	2	2	2	0	1	1	1	1	1	1	1	2	0	0	0	0	0	1	0	1	0	1	0	0	0	0	0	0	0
266	1	1	1	1	1	1	1	1	0	0	0	0	0	1	1	1	1	1	1	1	1	1	1	1	1	1	1	1	1	1	1	1	1	1	1	1	1	1	1	1	1
267	1	1	1	1	1	1	1	1	1	1	1	1	1	1	1	1	1	1	1	1	1	1	1	1	1	1	1	1	1	0	1	0	1	0	1	1	1	1	1	1	1
268	0	0	0	0	0	0	0	0	1	2	2	2	2	2	2	0	0	0	0	0	0	0	1	2	0	0	0	0	0	0	0	0	0	0	0	0	0	0	0	0	0
269	1	1	1	1	0	2	0	0	0	0	0	0	0	0	0	2	0	0	0	0	0	0	0	0	2	2	2	2	2	0	2	0	2	0	2	2	2	2	2	2	2
270	0	0	0	0	2	1	1	1	1	1	1	1	1	1	1	1	1	1	1	1	1	1	1	1	1	1	1	1	1	1	1	1	1	1	1	1	1	1	1	1	1
271	0	0	0	0	1	0	1	1	2	1	2	2	2	2	2	0	1	1	1	1	1	1	1	2	0	0	0	0	0	1	0	1	0	1	0	0	0	0	0	0	0
272	0	0	0	0	1	1	1	1	1	1	1	1	1	1	1	1	1	1	1	1	1	1	1	1	1	1	1	1	1	1	1	1	1	1	1	1	1	1	1	1	1
273	1	1	1	1	0	1	0	0	0	0	0	0	0	0	1	1	0	0	0	0	0	0	1	1	1	1	1	1	1	0	1	0	1	0	1	1	1	1	1	1	1
274	1	1	1	1	0	2	0	0	0	0	0	0	0	0	0	2	0	0	0	0	0	0	0	0	2	2	2	2	2	0	2	0	2	0	2	2	2	2	2	2	2
275	1	1	1	1	0	2	0	0	0	0	0	0	0	0	0	2	0	0	0	0	0	0	0	0	2	2	2	2	2	0	2	0	2	0	2	2	2	2	2	2	2
276	0	0	0	0	1	1	1	1	1	1	1	1	1	1	1	1	1	1	1	1	1	1	1	1	1	1	1	1	1	1	1	1	1	1	1	1	1	1	1	1	1
277	1	1	1	1	1	1	1	1	1	1	1	1	1	1	1	1	1	1	1	1	1	1	1	1	1	1	1	1	1	1	1	1	1	1	1	1	1	1	1	1	1
278	1	1	1	1	0	0	0	0	0	2	2	2	2	2	2	0	0	0	0	0	0	0	1	2	0	0	0	0	0	0	0	0	0	0	0	0	0	0	0	0	0
279	1	1	1	1	1	1	1	1	0	0	0	0	0	0	0	1	1	1	1	1	1	1	1	1	1	1	1	1	1	1	1	1	1	1	1	1	1	1	1	1	1
280	1	1	1	0	2	0	2	2	1	1	1	1	1	2	2	0	2	2	2	2	2	2	2	2	0	0	0	0	0	1	0	1	0	1	0	0	0	0	0	0	0
281	1	1	1	1	0	1	0	0	0	0	0	0	0	0	0	1	0	0	0	0	0	0	0	1	1	1	1	1	1	0	1	0	1	0	1	1	1	1	1	1	1
282	2	2	2	2	1	1	1	1	1	0	0	0	0	0	0	1	1	1	1	1	1	1	1	1	1	1	1	1	1	1	1	1	1	1	1	1	1	1	1	1	1
283	1	1	1	1	2	0	2	2	2	1	2	2	2	2	2	0	2	2	2	2	2	2	2	2	0	0	0	0	0	2	0	2	0	2	0	0	0	0	0	0	0
284	0	0	0	0	2	0	2	2	2	2	2	2	2	2	2	0	2	2	2	2	2	2	2	2	0	0	0	0	0	1	0	1	0	1	0	0	0	0	0	0	0
285	1	1	1	1	1	1	1	1	0	0	0	1	0	1	1	1	1	1	1	1	1	1	1	1	1	1	1	1	1	1	1	1	1	1	1	1	1	1	1	1	1
286	1	1	1	1	1	1	1	1	0	0	0	0	0	0	0	1	1	1	1	1	1	1	1	1	1	1	1	1	1	1	1	1	1	1	1	1	1	1	1	1	1
287	1	1	1	1	1	1	1	1	0	1	1	1	1	1	1	1	1	1	1	1	1	1	1	1	1	1	1	1	1	1	1	1	1	1	1	0	0	0	0	0	0
288	0	0	0	0	1	0	1	1	1	2	2	2	2	2	2	0	1	1	1	1	1	1	2	2	0	0	0	0	0	1	0	1	0	1	0	0	0	0	0	0	0
289	0	0	0	0	1	0	1	1	1	2	2	2	2	2	2	0	1	1	1	1	1	1	2	2	0	0	0	0	0	1	0	1	0	1	0	0	0	0	0	0	0
290	0	0	0	0	1	1	1	1	0	0	0	0	0	0	0	1	1	1	1	1	1	1	1	1	1	1	1	1	1	1	1	1	1	1	1	1	1	1	1	1	1
291	1	1	1	0	1	0	1	2	1	1	1	1	1	2	2	0	2	2	2	2	2	2	2	2	0	0	0	0	0	1	0	1	0	1	0	0	0	0	0	0	0
292	2	2	2	2	0	2	0	0	0	0	1	0	0	0	0	2	0	0	0	0	0	0	0	0	2	2	2	2	2	0	2	0	2	0	2	1	1	1	1	1	2
293	0	0	0	0	0	0	0	0	1	2	2	2	2	2	2	0	0	0	0	0	0	0	0	2	0	0	0	0	0	0	0	0	0	0	0	0	0	0	0	0	0
294	1	1	1	1	0	1	0	0	1	0	0	1	1	1	1	1	0	0	0	0	0	0	0	1	1	1	1	1	1	0	1	0	1	0	1	1	1	1	1	1	1
295	2	2	2	2	0	2	0	0	0	0	0	0	0	0	0	2	0	0	0	0	0	0	0	0	2	2	2	2	2	0	2	0	2	0	2	2	2	2	2	2	2
373	2	2	2	2	0	2	0	0	0	0	0	0	0	0	0	2	0	0	0	0	0	0	0	0	2	2	2	2	2	0	2	0	2	0	2	2	2	2	2	2	2
374	0	0	0	0	2	0	2	2	2	2	2	2	2	2	2	0	2	2	2	2	2	2	2	2	0	0	0	0	0	2	0	2	0	2	0	0	0	0	0	0	0
375	1	1	1	1	1	0	1	1	2	1	2	2	1	2	2	0	1	0	1	1	1	1	0	2	0	0	0	0	0	1	0	1	0	1	0	0	0	0	0	0	0
376	0	0	0	0	0	1	0	0	1	1	1	0	1	1	1	1	0	0	0	0	0	0	0	1	1	1	1	1	1	0	1	0	1	0	1	1	1	1	1	1	1
377	0	0	0	0	2	0	2	2	2	2	2	2	2	2	2	0	2	2	2	2	2	2	2	2	0	0	0	0	0	2	0	2	0	2	0	1	1	1	1	1	1
378	2	2	2	1	0	1	0	0	0	1	1	1	1	1	1	1	0	0	0	0	0	0	0	1	1	1	1	1	1	0	1	0	1	0	1	1	1	1	1	1	1
379	0	0	0	0	1	0	1	1	1	2	2	2	2	2	2	0	1	1	1	1	1	1	1	2	0	0	0	0	0	1	0	1	0	1	0	0	0	0	0	0	0
380	0	0	0	0	2	0	2	2	1	2	2	2	2	2	2	0	2	2	2	2	2	2	2	2	0	0	0	0	0	2	0	2	0	2	0	0	0	0	0	0	0
381	2	2	2	2	0	2	0	0	0	0	0	0	0	0	0	2	0	0	0	0	0	0	0	0	2	2	2	2	2	0	2	0	2	0	2	2	2	2	2	2	2
382	0	0	0	0	1	0	1	1	1	1	2	0	2	2	2	0	1	1	1	1	1	1	1	2	0	0	0	0	0	1	0	1	0	1	0	0	0	0	0	0	0
383	0	0	0	0	1	0	1	2	1	1	1	1	1	2	2	0	2	2	2	2	2	2	2	2	0	0	0	0	0	1	0	1	0	1	0	0	0	0	0	0	0
384	0	0	0	0	1	0	1	1	1	2	1	1	1	1	1	0	1	1	1	1	1	1	1	2	0	0	0	0	0	1	0	1	0	1	0	0	0	0	0	0	0
385	1	1	1	1	1	1	1	1	1	1	1	1	1	1	1	1	1	1	1	1	1	1	1	1	1	1	1	1	1	1	1	1	1	1	1	1	1	1	1	1	1
386	1	1	1	1	0	0	0	0	0	1	1	1	1	1	2	0	0	0	0	0	0	0	2	2	0	0	0	0	0	0	0	0	0	0	0	0	0	0	0	0	0
387	1	1	1	1	1	1	1	1	0	0	0	0	0	0	0	1	1	1	1	1	1	1	1	1	1	1	1	1	1	1	1	1	1	1	1	1	1	1	1	1	1
388	1	1	1	1	1	1	1	1	0	0	0	0	0	0	0	1	1	1	1	1	1	1	1	1	1	1	1	1	1	0	1	0	1	0	1	1	1	1	1	1	1
389	2	2	2	1	1	1	1	1	0	1	1	1	1	1	1	1	1	1	1	1	1	1	1	1	1	1	1	1	1	1	1	1	1	1	1	0	0	0	0	0	0
390	0	0	0	0	2	0	2	2	1	1	2	2	2	2	2	0	2	2	2	2	2	2	2	2	0	0	0	0	0	1	0	1	0	1	0	0	0	0	0	0	0
391	0	0	0	0	1	0	1	1	1	2	2	2	2	2	2	0	1	1	1	1	1	1	2	2	0	0	0	0	0	1	0	1	0	1	0	0	0	0	0	0	0
392	0	0	0	0	0	0	0	0	1	1	2	2	2	2	2	0	0	0	0	0	0	0	1	2	0	0	0	0	0	0	0	0	0	0	0	0	0	0	0	0	0
393	2	2	2	2	0	2	0	0	0	0	0	0	0	0	0	2	0	0	0	0	0	0	0	0	2	2	2	2	2	0	2	0	2	0	2	2	2	2	2	2	2
394	1	1	1	1	1	1	1	1	0	0	1	1	1	1	1	1	1	1	1	1	1	1	1	1	1	1	1	1	1	1	1	1	1	1	1	1	1	1	1	1	1
395	2	2	2	2	0	2	0	0	0	0	1	1	1	1	0	2	0	0	0	0	0	0	0	0	2	2	2	2	2	0	2	0	2	0	2	2	2	2	2	2	2
396	0	0	0	0	2	0	1	2	1	0	1	1	1	1	1	0	2	2	2	2	2	2	2	2	0	0	0	0	0	2	0	2	0	2	0	0	0	0	0	0	0
397	1	1	1	1	1	1	1	1	1	0	1	1	0	1	1	1	1	0	1	1	1	1	0	1	1	1	1	1	1	1	1	1	1	1	1	1	1	1	1	1	1
398	0	0	0	0	0	1	0	0	1	0	1	0	1	1	1	1	0	0	0	0	0	0	0	1	1	1	1	1	1	0	1	0	1	0	1	1	1	1	1	1	1
399	1	1	1	1	0	0	0	1	1	1	0	1	1	2	2	0	1	0	1	1	1	1	1	2	0	0	0	0	0	0	0	0	0	0	0	0	0	0	0	0	0
400	0	0	0	0	0	0	0	0	2	2	2	2	2	2	2	0	0	0	0	0	0	0	0	2	0	0	0	0	0	0	0	0	0	0	0	0	0	0	0	0	0
401	0	0	0	0	1	0	1	1	1	1	1	1	1	1	1	0	1	1	1	1	1	1	2	2	0	0	0	0	0	1	0	1	0	1	0	0	0	0	0	0	0
402	0	0	0	0	0	1	1	1	0	0	0	0	0	0	0	1	1	1	1	1	1	1	1	1	1	1	1	1	1	1	1	1	1	1	1	1	1	1	1	1	1
403	0	0	0	0	1	0	1	1	2	1	2	2	2	2	2	0	1	1	1	1	1	1	1	2	0	0	0	0	0	1	0	1	0	1	0	0	0	0	0	0	0
404	0	0	0	0	0	1	0	0	0	0	0	0	0	0	1	1	0	0	0	0	0	0	0	1	1	1	1	1	1	0	1	0	1	0	1	1	1	1	1	1	1
405	0	0	0	0	1	1	1	1	1	1	1	1	1	1	1	1	1	1	1	1	1	1	1	1	1	1	1	1	1	1	1	1	1	1	1	1	1	1	1	1	1
406	0	0	0	0	0	0	0	1	1	1	1	1	1	2	2	0	1	1	1	1	1	1	1	2	0	0	0	0	0	0	0	0	0	0	0	0	0	0	0	0	0
407	1	1	0	0	2	0	2	2	1	1	1	1	1	1	1	0	2	2	2	2	2	2	2	2	0	0	0	0	0	2	0	2	0	2	0	0	0	0	0	0	0
408	1	1	1	1	0	1	0	0	1	1	1	1	1	1	1	1	0	0	0	0	0	0	0	1	1	1	1	1	1	0	1	0	1	0	1	1	1	1	1	1	1
409	0	0	0	0	0	1	0	0	1	1	1	0	1	1	1	1	0	0	0	0	0	0	0	1	1	1	1	1	1	0	1	0	1	0	1	1	1	1	1	1	1
410	0	0	0	0	1	0	1	1	0	1	2	2	2	2	2	0	1	1	1	1	1	1	1	2	0	0	0	0	0	1	0	1	0	1	0	0	0	0	0	0	0
411	0	0	0	0	0	1	0	0	0	1	1	1	1	1	1	1	0	0	0	0	0	0	1	1	1	1	1	1	1	0	1	0	1	0	1	1	1	1	1	1	1
412	0	0	0	0	1	1	1	1	1	1	1	1	1	1	1	1	1	1	1	1	1	1	1	1	1	1	1	1	1	1	1	1	1	1	1	1	1	1	1	1	1
413	1	1	1	1	1	0	1	1	2	2	2	2	2	2	2	0	1	1	1	1	1	1	1	2	0	0	0	0	0	1	0	1	0	1	0	0	0	0	0	0	0
414	0	0	0	0	1	1	1	1	1	1	1	1	1	1	1	1	1	1	1	1	1	1	1	1	1	1	1	1	1	1	1	1	1	1	1	1	1	1	1	1	1
415	1	1	1	1	0	1	0	1	0	0	0	0	0	1	1	1	1	1	1	1	1	1	1	1	1	1	1	1	1	0	1	0	1	0	1	1	1	1	1	1	1
416	0	0	0	0	1	0	1	1	1	1	2	2	2	2	2	0	1	1	1	1	1	1	1	2	0	0	0	0	0	1	0	1	0	1	0	0	0	0	0	0	0
417	1	1	1	1	1	1	1	1	1	1	1	1	1	1	1	1	1	1	1	1	1	1	1	1	0	0	0	0	0	2	0	2	0	2	0	0	0	0	0	0	0
418	0	0	0	0	0	1	0	0	0	0	0	0	0	0	1	1	1	0	1	0	1	1	2	1	1	0	0	0	0	0	0	0	0	0	1	0	1	1	1	1	1
419	0	0	0	0	0	0	0	0	1	1	2	2	2	2	2	0	0	0	0	0	0	0	0	2	0	0	0	0	0	0	0	0	0	0	0	0	0	0	0	0	0
420	0	0	0	1	0	1	0	0	1	1	1	1	1	1	1	1	0	0	0	0	0	0	0	1	1	1	1	1	1	0	1	0	1	0	1	1	1	1	1	1	1
421	1	1	1	1	0	2	0	0	0	0	0	0	0	0	0	2	0	0	0	0	0	0	0	0	2	2	2	2	2	0	2	0	2	0	2	2	2	2	2	2	2
422	1	1	1	1	0	1	0	0	1	0	1	1	1	1	1	1	0	0	0	0	0	0	0	1	1	1	1	1	1	0	1	0	1	0	1	1	1	1	1	1	1
423	1	1	1	1	0	2	0	0	0	0	0	0	0	0	0	2	0	0	0	0	0	0	0	0	2	2	2	2	2	0	2	0	2	0	2	2	2	2	2	2	2
424	0	0	0	0	1	0	1	1	2	2	2	2	2	2	2	0	1	1	1	1	1	1	0	2	0	0	0	0	0	0	0	0	0	0	0	0	0	0	0	0	0
425	2	2	2	2	0	1	1	1	1	1	1	1	1	1	1	1	1	1	1	1	1	1	1	1	1	1	1	1	1	1	1	1	1	1	1	1	1	1	1	1	1
426	0	0	0	0	2	0	2	2	1	1	2	2	2	2	2	0	2	2	2	2	2	2	2	2	0	0	0	0	0	2	0	2	0	2	0	0	0	0	0	0	0
427	1	2	2	2	0	2	0	0	0	0	0	0	0	0	0	2	0	0	0	0	0	0	0	0	2	2	2	2	2	0	2	0	2	0	2	2	2	2	2	2	2
428	0	0	0	0	0	0	0	0	2	2	2	1	2	2	2	0	0	0	0	0	0	0	0	2	0	0	0	0	0	0	0	0	0	0	0	0	0	0	0	0	0
429	2	2	2	2	0	2	0	0	0	0	0	0	0	0	0	2	0	0	0	0	0	0	0	0	2	2	2	2	2	0	2	0	2	0	2	2	2	2	2	2	2
430	0	0	0	0	1	0	1	1	2	2	2	2	2	2	2	0	1	1	1	1	1	1	1	2	0	0	0	0	0	1	0	1	0	1	0	0	0	0	0	0	0
431	0	0	0	0	0	2	0	0	0	0	0	0	0	0	0	2	0	0	0	0	0	0	0	0	2	2	2	2	2	0	2	0	2	0	2	2	2	2	2	2	2
432	0	0	0	0	0	1	0	0	0	0	0	0	0	0	1	1	0	0	0	0	0	0	1	1	1	1	1	1	1	0	1	0	1	0	1	1	1	1	1	1	1
433	1	1	1	1	2	0	2	2	2	2	2	2	2	2	2	0	2	2	2	2	2	2	2	2	0	0	0	0	0	2	0	2	0	2	0	0	0	0	0	0	0
434	1	1	1	1	0	1	0	0	0	1	1	1	1	1	1	1	0	0	0	0	0	0	0	1	1	1	1	1	1	0	1	0	1	0	1	1	1	1	1	1	1
435	0	0	0	0	0	0	0	0	1	2	2	2	2	2	2	0	0	0	0	0	0	0	0	2	0	0	0	0	0	0	0	0	0	0	0	0	0	0	0	0	0
436	0	0	0	0	0	1	0	0	0	1	1	1	1	1	1	1	0	0	0	0	0	0	0	1	1	1	1	1	1	0	1	0	1	0	1	1	1	1	1	1	1
437	1	1	1	1	1	1	1	1	0	0	1	1	1	1	1	1	1	1	1	1	1	1	1	1	1	1	1	1	1	1	1	1	1	1	1	1	1	1	1	1	1
438	2	2	2	2	0	2	0	0	0	0	0	0	0	0	0	2	0	0	0	0	0	0	0	0	2	2	2	2	2	0	2	0	2	0	2	2	2	2	2	2	2
439	1	1	1	1	0	1	0	0	1	1	1	1	1	1	1	1	0	0	0	0	0	0	0	1	1	1	1	1	1	0	1	0	1	0	1	0	0	0	0	0	0
440	1	1	1	1	1	1	1	1	0	0	1	0	0	0	0	1	1	1	1	1	1	1	1	1	1	1	1	1	1	1	1	1	1	1	1	0	0	0	0	0	1
441	1	1	1	1	1	1	1	1	0	0	0	0	0	0	0	1	1	1	1	1	1	1	1	1	1	1	1	1	1	1	1	1	1	1	1	1	1	1	1	1	1
442	1	1	1	1	1	1	1	1	1	1	1	1	1	1	1	1	1	1	1	1	1	1	1	1	1	1	1	1	1	1	1	1	1	1	1	1	1	1	1	1	1
443	1	1	1	1	0	1	0	0	1	1	1	1	1	1	1	1	0	0	0	0	0	0	0	1	1	1	1	1	1	0	1	0	1	0	1	0	0	0	0	0	0
444	0	0	0	0	1	1	1	1	1	1	1	1	1	1	1	1	1	1	1	1	1	1	1	1	1	1	1	1	1	1	1	1	1	1	1	1	1	1	1	1	1
445	0	0	0	0	1	1	1	1	1	1	1	1	1	1	1	1	1	1	1	1	1	1	1	1	1	1	1	1	1	1	1	1	1	1	1	1	1	1	1	1	1
446	0	0	0	0	0	1	0	0	1	1	1	1	1	1	1	1	0	0	0	0	0	0	0	1	1	1	1	1	1	0	1	0	1	0	1	1	1	1	1	1	1
447	1	1	1	1	0	2	0	0	0	0	0	0	0	0	0	2	0	0	0	0	0	0	0	0	2	2	2	2	2	0	2	0	2	0	2	2	2	2	2	2	2
448	0	0	0	0	1	0	1	1	2	2	2	2	2	2	2	0	1	1	1	1	1	1	1	2	0	0	0	0	0	1	0	1	0	1	0	0	0	0	0	0	0
449	1	1	1	1	1	1	1	1	0	0	0	0	0	0	0	1	1	1	1	1	1	1	1	1	1	1	1	1	1	1	1	1	1	1	1	1	1	1	1	1	1
450	1	1	1	1	1	1	1	1	0	0	1	0	0	0	0	1	1	1	1	1	1	1	1	1	1	1	1	1	1	1	1	1	1	1	1	1	1	1	1	1	1
451	1	1	1	1	0	1	0	0	1	1	1	1	1	1	1	1	0	0	0	0	0	0	0	1	1	1	1	1	1	0	1	0	1	0	1	1	1	1	1	1	1
452	0	0	0	0	1	0	1	1	2	2	2	2	2	2	2	0	1	1	1	1	1	1	1	2	0	0	0	0	0	1	0	1	0	1	0	0	0	0	0	0	0
453	0	0	0	0	1	1	1	1	1	1	1	1	1	1	1	1	1	1	1	1	1	1	1	1	1	1	1	1	1	1	1	1	1	1	1	1	1	1	1	1	1
454	0	0	0	0	1	0	1	1	2	1	2	2	2	2	2	0	1	1	1	1	1	1	1	2	0	0	0	0	0	0	0	0	0	0	0	0	0	0	0	0	0
455	1	1	1	1	1	1	1	1	1	1	1	1	1	1	1	1	1	1	1	1	1	1	1	1	1	1	1	1	1	1	1	1	1	1	1	1	1	1	1	1	1
456	1	1	1	1	0	2	0	0	0	0	0	0	0	0	0	2	0	0	0	0	0	0	0	0	2	2	2	2	2	0	2	0	2	0	2	2	2	2	2	2	2
457	2	2	2	2	0	2	0	0	0	0	0	0	0	0	0	2	0	0	0	0	0	0	0	0	2	2	2	2	2	0	2	0	2	0	2	2	2	2	2	2	2
458	2	2	2	2	0	2	0	0	0	0	0	0	0	0	0	2	0	0	0	0	0	0	0	0	2	2	2	2	2	0	2	0	2	0	2	2	2	2	2	2	2
459	1	1	1	1	0	2	0	0	0	0	0	0	0	0	0	2	0	0	0	0	0	0	0	0	2	2	2	2	2	0	2	0	2	0	2	1	1	1	1	1	1
460	0	0	0	0	1	0	1	1	1	2	2	2	2	2	2	0	1	1	1	1	1	1	2	2	0	0	0	0	0	1	0	1	0	1	0	0	0	0	0	0	0
461	0	0	0	0	0	1	0	1	0	0	0	0	0	1	1	1	1	1	1	1	1	1	1	1	1	1	1	1	1	0	1	0	1	0	1	1	1	1	1	1	1
462	1	1	1	1	0	0	0	0	2	2	2	2	2	2	2	0	0	0	0	0	0	0	0	2	0	0	0	0	0	0	0	0	0	0	0	0	0	0	0	0	0
463	1	1	1	1	0	1	0	0	0	1	1	1	1	1	1	1	0	0	0	0	0	0	1	1	1	1	1	1	1	0	1	0	1	0	1	1	1	1	1	1	1
464	1	1	1	1	0	1	0	0	0	0	0	0	0	0	0	1	0	0	0	0	0	0	0	1	1	1	1	1	1	0	1	0	1	0	1	0	0	0	0	0	0
