29	0	0	0	0	0	0	0	0	0	1
30	1	1	1	1	1	1	1	1	1	1
31	0	0	0	0	0	0	0	0	0	1
32	0	0	0	0	0	0	0	0	0	0
33	0	0	0	0	0	0	0	0	0	1
34	0	0	0	0	0	0	0	0	0	1
35	1	1	1	1	1	1	1	1	1	1
36	0	0	0	0	0	0	0	0	0	0
37	0	0	0	0	0	0	0	0	0	0
38	1	1	1	0	0	0	0	0	0	1
39	1	1	1	1	1	1	1	1	1	1
40	2	1	2	2	2	2	1	1	1	2
296	1	1	1	0	0	0	0	0	0	2
297	1	0	1	1	1	1	1	1	0	0
298	1	1	1	1	1	1	1	1	1	1
299	1	1	1	1	1	1	1	1	1	1
300	1	0	1	1	1	1	0	0	0	1
301	1	0	1	1	1	1	0	0	0	2
302	2	2	2	2	2	2	2	2	2	2
303	2	2	2	1	1	1	1	1	1	2
304	2	0	2	1	1	1	0	0	0	2
305	2	2	2	1	1	1	1	1	1	1
306	1	0	1	1	1	1	0	0	0	1
307	1	1	1	1	1	1	1	1	1	1
308	1	0	1	1	1	1	0	0	0	0
309	2	2	2	2	2	2	2	2	2	2
310	0	0	0	0	0	0	0	0	0	1
311	0	0	0	0	0	0	0	0	0	0
312	1	0	1	1	1	1	0	0	0	0
313	2	0	2	1	1	1	1	1	0	1
314	0	0	0	0	0	0	0	0	0	1
315	0	0	0	0	0	0	0	0	0	0
316	0	0	0	0	0	0	0	0	0	0
317	0	0	0	0	0	0	0	0	0	1
318	1	1	1	0	0	0	0	0	0	2
319	0	0	0	0	0	0	1	0	0	1
320	1	0	1	1	1	1	1	1	0	0
321	1	1	1	1	1	1	1	1	1	1
322	1	0	1	1	1	1	0	0	0	0
323	0	0	0	0	0	0	0	0	0	0
324	1	1	1	0	1	0	1	1	1	1
325	0	0	0	0	0	0	1	1	1	1
326	2	1	2	2	2	2	1	1	1	2
327	2	2	2	1	1	1	1	0	0	1
328	0	0	0	0	0	0	0	0	0	1
329	1	1	1	0	0	0	0	0	0	2
330	0	0	0	0	0	1	0	0	0	0
331	1	1	1	1	1	1	1	1	1	1
332	1	1	1	1	1	1	1	1	1	1
333	1	0	1	1	1	1	0	0	0	0
334	1	1	1	1	1	1	1	1	1	1
335	2	2	2	0	0	0	0	0	0	2
336	1	0	1	1	1	1	1	1	0	0
337	1	1	1	1	1	1	1	1	1	1
338	2	2	2	1	1	1	1	1	1	1
339	1	1	1	1	1	1	1	1	1	1
340	0	0	0	0	0	0	0	0	0	0
341	2	0	2	1	1	1	0	0	0	2
342	1	1	1	0	0	0	0	0	0	1
343	1	0	1	1	1	1	1	1	0	0
344	0	0	0	0	0	0	0	0	0	0
345	0	0	0	0	0	0	0	0	0	0
346	2	2	2	1	1	1	1	1	1	1
347	1	1	1	1	1	1	1	1	1	1
348	1	1	1	1	1	1	1	1	1	1
349	1	1	1	0	0	0	0	0	0	1
350	1	1	1	1	1	1	1	1	1	1
351	0	0	0	0	0	0	0	0	0	2
352	2	1	2	2	2	2	1	1	1	2
353	0	0	0	0	0	0	0	0	0	0
354	1	0	1	1	1	1	1	1	0	1
355	0	0	0	0	0	0	0	0	0	0
356	1	1	1	1	1	1	1	1	1	1
357	0	0	0	0	0	0	0	0	0	1
358	1	1	1	1	1	1	1	1	1	2
359	1	1	1	1	1	1	1	1	1	1
360	2	0	2	1	1	1	0	0	0	2
361	1	0	1	1	1	1	0	0	0	1
362	2	1	2	2	2	2	1	1	1	2
363	0	0	0	0	0	0	0	0	0	0
364	1	1	1	1	1	1	1	1	1	1
365	0	0	0	0	0	0	0	0	0	0
366	1	0	1	1	1	1	0	0	0	0
367	0	0	0	0	0	0	0	0	0	0
368	1	1	1	1	1	1	1	1	1	1
369	1	1	1	1	1	1	1	1	1	1
370	2	2	1	1	1	1	1	1	1	1
371	2	0	2	1	1	1	0	0	0	1
372	1	1	1	1	1	1	2	2	2	2
