0	0	0	0	0	0	0	0	0	0	0
2	1	1	1	1	1	1	1	1	1	1
3	1	1	1	1	1	1	1	1	1	1
4	1	1	1	1	1	1	1	1	1	1
5	1	1	1	1	1	1	1	1	1	1
6	0	0	0	0	0	0	0	0	0	0
7	1	1	1	1	1	1	1	1	1	1
8	0	0	0	0	0	0	0	0	0	0
9	0	0	0	0	0	0	0	0	0	0
10	1	1	1	1	1	1	1	1	1	1
11	0	0	0	0	0	0	0	0	0	0
12	2	2	2	2	2	2	2	2	2	2
13	0	0	0	0	0	1	0	0	0	0
14	1	1	1	1	1	1	1	1	1	1
15	0	0	0	0	0	0	0	0	0	0
16	1	1	1	1	1	1	1	1	1	1
17	2	2	2	2	2	2	2	2	2	2
18	1	1	1	1	1	1	1	1	1	1
19	0	0	0	0	0	0	0	0	0	0
20	1	1	1	1	1	1	1	1	1	1
21	2	2	2	2	2	2	2	2	2	2
22	1	1	1	1	1	1	1	1	1	1
23	1	1	1	1	1	1	1	1	1	1
24	1	1	1	1	1	1	1	1	1	1
25	2	2	2	2	2	2	2	2	2	2
26	1	1	1	1	1	1	1	1	1	1
27	2	1	2	2	2	2	2	2	1	1
28	0	0	0	0	0	0	0	0	0	0
41	2	2	2	2	2	2	2	2	2	2
42	1	1	1	1	1	1	1	1	1	1
43	2	2	2	2	2	2	2	2	2	2
44	0	0	0	0	0	0	0	0	0	0
45	1	1	1	1	1	1	1	1	1	1
46	2	2	2	2	2	2	2	2	2	2
47	2	2	2	2	2	2	2	2	2	2
48	0	0	0	0	0	0	0	0	0	0
49	0	0	0	0	0	0	0	0	0	0
50	0	0	0	0	0	0	0	0	0	0
51	0	0	0	0	0	0	0	0	0	0
52	1	1	1	1	1	1	1	1	1	1
53	0	0	0	0	0	0	0	0	0	0
54	0	0	0	0	0	0	0	0	0	0
55	0	0	0	0	0	0	0	0	0	0
56	0	0	0	0	0	0	0	0	0	0
57	1	1	1	1	1	1	1	1	1	1
58	0	0	0	0	0	0	0	0	0	0
59	1	1	1	1	1	1	2	2	2	2
60	1	1	1	1	1	1	1	1	1	1
61	1	1	1	1	1	1	1	1	1	1
62	1	2	1	1	1	1	1	1	1	1
63	0	0	0	0	0	0	0	0	0	0
64	0	0	0	0	0	0	0	0	0	0
65	1	1	1	1	1	1	1	1	1	1
66	1	1	1	1	1	1	1	1	1	0
67	1	1	1	1	1	1	1	1	1	1
68	0	0	0	0	0	0	0	0	0	0
69	1	1	1	1	1	1	1	1	1	1
70	1	1	1	1	1	1	1	1	1	1
71	1	0	1	1	1	1	1	1	0	0
72	2	2	2	2	2	2	2	2	2	2
73	2	2	2	2	2	2	2	2	2	2
74	0	0	0	0	0	0	0	0	0	0
75	1	1	1	1	1	1	1	1	1	1
76	1	1	1	1	1	1	1	1	1	1
77	1	1	1	1	1	1	1	1	1	1
78	1	1	1	1	1	1	1	1	1	1
79	2	2	2	2	2	2	2	2	2	2
80	1	1	1	1	1	1	1	1	1	1
81	0	0	0	0	0	0	0	0	0	0
82	0	0	0	0	0	0	0	0	0	0
83	1	1	1	1	1	1	1	1	1	1
84	1	1	1	1	1	1	1	1	1	1
85	0	0	0	0	0	0	0	0	0	0
86	2	2	2	2	2	2	2	2	2	2
87	1	1	1	1	1	1	1	1	1	1
88	2	2	2	2	2	2	2	2	2	2
89	0	0	0	0	0	0	0	0	0	0
90	0	0	0	0	0	0	0	0	0	0
91	0	0	0	0	0	0	0	0	0	0
92	0	0	0	0	0	0	0	0	0	0
93	2	2	2	2	2	2	2	2	2	2
94	1	1	1	1	1	1	1	1	1	1
95	1	1	1	1	1	1	1	1	1	1
96	1	1	1	1	1	1	1	1	1	1
97	0	0	0	0	0	0	0	0	0	0
98	0	0	0	0	0	0	0	0	0	0
99	1	1	1	1	1	1	1	1	1	1
100	0	0	0	0	0	0	0	0	0	0
101	2	1	2	2	2	2	2	2	1	1
102	0	0	0	0	0	0	0	0	0	0
103	2	2	2	2	2	2	2	2	2	2
104	1	1	1	1	1	1	1	1	1	1
105	2	1	2	2	2	2	2	2	1	1
106	1	1	1	1	1	1	1	1	1	1
107	2	2	2	2	2	2	2	2	2	2
108	1	1	1	1	1	1	1	1	1	1
109	1	1	1	1	1	1	1	1	1	1
110	0	0	0	0	0	0	0	0	0	0
111	0	0	0	0	0	0	0	0	0	0
112	1	1	1	1	1	1	1	1	1	1
113	1	1	1	1	1	1	1	1	1	1
114	1	1	1	1	1	1	1	1	1	1
115	2	2	2	2	2	2	2	2	2	2
117	0	0	0	0	0	0	0	0	0	0
118	1	1	1	1	1	1	1	1	1	1
119	0	0	0	0	0	0	0	0	0	0
120	0	0	0	0	0	0	0	0	0	0
121	0	0	0	0	0	0	0	0	0	0
122	1	1	1	1	1	1	1	1	1	1
123	1	1	1	1	1	1	1	1	1	1
124	0	0	0	0	0	0	0	0	0	0
125	1	1	1	1	1	1	1	1	1	1
126	1	2	1	1	1	1	1	1	1	1
127	1	1	1	1	1	1	1	1	1	1
128	2	2	2	2	2	2	2	2	2	2
129	0	0	0	0	0	0	1	0	0	0
130	0	0	0	0	0	0	0	0	0	0
131	0	0	0	0	0	0	0	0	0	0
132	2	2	2	2	2	2	2	2	2	2
133	0	0	0	0	0	0	0	0	0	0
134	1	1	1	1	1	1	1	1	1	1
135	2	1	2	2	2	2	2	2	1	1
136	1	1	1	1	1	1	1	1	1	1
137	0	0	0	0	0	0	0	0	0	0
138	2	2	2	2	2	2	2	2	2	2
139	0	0	0	0	0	0	0	0	0	0
140	2	2	2	2	2	2	2	2	2	2
141	2	1	2	2	2	2	2	2	1	1
142	0	0	0	0	0	0	0	0	0	0
143	2	1	2	2	2	2	2	2	1	1
144	1	1	1	1	1	1	1	1	1	1
145	1	0	1	1	1	1	1	1	0	0
146	0	0	0	0	0	0	0	0	0	0
147	0	0	0	0	0	0	0	0	0	0
148	1	1	1	1	1	1	1	1	1	1
149	0	0	0	0	0	0	0	0	0	0
150	0	0	0	0	0	0	0	0	0	0
151	0	0	0	0	0	0	0	0	0	0
152	1	1	1	1	1	1	1	1	1	1
153	0	0	0	0	0	0	0	0	0	0
154	0	0	0	0	0	0	0	0	0	0
155	1	1	1	1	1	1	1	1	1	1
156	0	0	0	0	0	0	0	0	0	0
157	0	0	0	0	0	0	0	0	0	0
158	0	0	0	0	0	0	0	0	0	0
159	0	0	0	0	0	0	0	0	0	0
160	1	1	1	1	1	1	1	1	1	1
161	1	0	1	1	1	1	1	1	0	0
162	2	2	2	2	2	2	2	2	2	2
163	0	0	0	0	0	0	0	0	0	0
164	0	0	0	0	0	1	0	0	0	0
165	0	0	0	0	0	0	0	0	0	0
166	0	0	0	0	0	0	0	0	0	0
167	1	1	1	1	1	1	1	1	1	1
168	1	1	1	1	1	1	1	1	1	1
169	0	0	0	0	0	0	0	0	0	0
170	1	1	1	1	1	1	1	1	1	1
171	2	2	2	2	2	2	2	2	2	2
172	0	0	0	0	0	0	0	0	0	0
173	1	1	1	1	1	1	1	1	1	1
174	2	2	2	2	2	2	2	2	2	2
175	2	1	2	2	2	2	2	2	1	1
176	1	1	1	1	1	1	1	1	1	1
177	1	1	1	1	1	1	1	1	1	1
178	2	2	2	2	2	2	2	2	2	2
179	1	1	1	1	1	1	1	1	1	1
180	1	1	1	1	1	1	1	1	1	1
181	2	2	2	2	2	2	2	2	2	2
182	0	0	0	0	0	0	0	0	0	0
183	1	0	1	1	1	1	1	1	0	0
184	0	0	0	0	0	0	0	0	0	0
185	1	1	1	1	1	1	1	1	1	1
186	1	1	1	1	1	1	1	1	1	1
187	1	1	1	1	1	1	1	1	1	1
188	1	1	1	1	1	1	1	1	1	1
189	0	0	0	0	0	0	0	0	0	0
190	0	0	0	0	0	0	0	0	0	0
191	1	1	1	1	1	1	1	1	1	1
192	1	1	1	1	1	1	1	1	1	1
193	0	0	0	0	0	0	0	0	0	0
194	1	1	1	1	1	1	1	1	1	1
195	1	1	1	1	1	1	1	1	1	1
196	1	1	1	1	1	1	1	1	1	1
197	1	1	1	1	1	1	1	1	1	1
198	0	0	0	0	0	0	0	0	0	0
199	1	1	1	1	1	1	1	1	1	1
200	1	1	1	1	1	1	1	1	1	1
201	0	0	0	0	0	1	0	0	0	0
202	2	2	2	2	2	2	2	2	2	2
203	0	0	0	0	0	0	0	0	0	0
204	0	0	0	0	0	0	0	0	0	0
205	0	0	0	0	0	0	0	0	0	0
206	1	1	1	1	1	1	1	1	1	1
207	1	0	1	1	2	1	1	1	0	0
208	1	1	1	1	1	1	1	1	1	1
209	0	0	0	0	0	0	0	0	0	0
210	0	0	0	0	0	0	0	0	0	0
211	0	0	0	0	0	0	0	0	0	0
212	1	1	1	1	1	1	1	1	1	1
213	1	0	1	1	1	1	1	1	0	0
214	0	0	0	0	0	0	0	0	0	0
215	1	1	1	1	1	1	1	1	1	1
216	0	0	0	0	0	0	0	0	0	0
217	0	0	0	0	0	0	0	0	0	0
218	0	0	0	0	0	0	0	0	0	0
219	2	2	2	2	2	2	2	2	2	2
220	2	2	2	2	2	2	2	2	2	2
222	1	1	1	1	1	1	1	1	1	1
223	0	0	0	0	0	0	0	0	0	0
224	1	1	1	1	1	1	1	1	1	1
225	1	1	1	1	1	1	1	1	1	1
226	1	1	1	1	1	1	1	1	1	1
227	1	1	1	1	1	1	1	1	1	1
228	1	1	1	1	1	1	1	1	1	1
229	1	1	1	1	1	1	1	1	1	1
230	1	0	1	1	1	1	1	1	0	0
231	1	1	1	1	1	1	1	1	1	1
232	1	1	1	1	1	1	1	1	1	1
233	1	1	1	1	1	1	1	1	1	1
234	1	1	1	1	1	1	1	1	1	1
235	0	0	0	0	0	0	0	0	0	0
236	0	0	0	0	0	0	0	0	0	0
237	1	1	1	1	1	1	1	1	1	1
238	1	1	1	1	1	1	1	1	1	1
239	1	1	1	1	1	1	1	1	1	1
240	1	1	1	1	1	1	1	1	1	1
241	0	0	0	0	0	0	0	0	0	0
242	1	1	1	1	1	1	1	1	1	1
243	1	1	1	1	1	1	1	1	1	1
244	1	1	1	1	1	1	1	1	1	1
245	2	2	2	2	2	2	2	2	2	2
246	0	0	0	0	0	0	0	0	0	0
247	2	2	2	2	1	2	2	2	2	2
248	2	2	2	2	2	2	2	2	2	2
249	0	0	0	0	0	0	0	0	0	0
250	1	1	1	1	1	1	1	1	1	1
251	1	1	1	1	1	1	1	1	1	1
252	2	1	2	2	2	2	2	2	1	1
253	0	0	0	0	0	0	0	0	0	0
254	0	0	0	0	0	0	0	0	0	0
255	1	0	1	1	1	1	1	1	0	0
256	1	1	1	1	1	1	1	1	1	1
257	1	1	1	1	1	1	1	1	1	1
258	0	0	0	0	0	0	0	0	0	0
259	0	1	0	0	0	0	0	0	0	0
260	0	0	0	0	0	0	0	0	0	0
261	2	2	2	2	2	2	2	2	2	2
262	1	1	1	1	1	1	1	1	1	1
263	1	1	1	1	1	1	1	1	1	1
264	0	0	0	0	0	0	0	0	0	0
265	0	0	0	0	0	0	0	0	0	0
266	1	1	1	1	1	1	1	1	1	1
267	1	1	1	1	1	1	2	1	1	1
268	1	1	1	1	1	2	1	1	1	1
269	2	2	2	2	2	2	2	2	2	2
270	0	0	0	0	0	0	0	0	0	0
271	0	0	0	0	0	0	0	0	0	0
272	2	2	2	2	2	2	2	2	2	2
273	0	0	0	0	0	0	0	0	0	0
274	1	1	1	1	1	1	1	1	1	1
275	1	1	1	1	0	1	1	1	1	1
276	0	0	0	0	0	0	0	0	0	0
277	1	1	1	1	1	1	1	1	1	1
278	0	0	0	0	0	0	0	0	0	0
279	2	2	2	2	2	2	2	2	2	2
280	0	0	0	0	0	0	0	0	0	0
281	2	1	2	2	2	2	1	1	1	2
282	1	1	1	1	1	1	1	1	1	1
283	0	0	0	0	0	0	0	0	0	0
284	1	1	1	1	1	1	1	1	1	1
285	1	1	1	1	1	1	1	1	1	1
286	0	0	0	0	0	0	0	0	0	0
287	0	0	0	0	0	0	0	0	0	0
288	1	1	1	1	1	1	1	1	1	1
289	0	0	0	0	0	0	1	1	1	1
290	1	1	1	1	1	1	1	1	1	1
291	1	1	1	1	1	1	1	1	1	1
292	2	2	2	2	1	2	2	2	2	2
293	1	1	1	1	1	1	1	1	1	1
294	1	1	1	1	1	1	1	1	1	1
295	1	0	1	1	1	1	1	1	0	0
373	0	0	0	0	0	0	0	0	0	0
374	1	1	1	1	1	1	1	1	1	1
375	0	0	0	0	0	0	0	0	0	0
376	1	1	1	1	1	1	1	1	1	1
377	0	0	0	0	0	0	0	0	0	0
378	0	0	0	0	0	0	0	0	0	0
379	1	1	1	1	1	1	1	1	1	1
380	1	2	1	1	1	1	1	1	1	1
381	1	1	1	1	1	1	1	1	1	1
382	1	1	1	1	1	1	1	1	1	1
383	0	0	0	0	0	0	0	0	0	0
384	2	2	2	2	2	2	2	2	2	2
385	1	1	1	1	1	1	1	1	1	1
386	0	0	0	0	0	0	0	0	0	0
387	1	1	1	1	1	1	1	1	1	1
388	2	2	2	2	2	2	2	2	2	2
389	1	1	1	1	1	1	1	1	1	1
390	2	2	2	2	2	2	2	2	2	2
391	1	1	1	1	1	1	1	1	1	1
392	0	0	0	0	0	0	0	0	0	0
393	2	2	2	2	1	2	2	2	2	2
394	1	1	1	1	1	1	1	1	1	1
395	1	1	1	1	1	1	1	1	1	1
396	1	1	1	1	1	1	1	1	1	1
397	0	0	0	0	0	0	0	0	0	0
398	0	0	0	0	0	0	0	0	0	0
399	1	1	1	1	1	1	1	1	1	1
400	1	1	1	1	1	1	1	1	1	1
401	0	0	0	0	0	0	0	0	0	0
402	0	0	0	0	0	0	0	0	0	0
403	1	1	1	1	1	1	1	1	1	1
404	0	0	0	0	0	0	0	0	0	0
405	0	0	0	0	0	0	0	0	0	0
406	1	1	1	1	1	1	1	1	1	1
407	1	1	1	1	1	1	1	1	1	1
408	1	1	1	1	1	1	1	1	1	1
409	2	1	2	2	2	2	2	2	1	1
410	0	0	0	0	0	0	0	0	0	0
411	1	1	1	1	1	1	1	1	1	1
412	0	0	0	0	0	0	0	0	0	0
413	1	1	1	1	1	1	1	1	1	1
414	1	1	1	1	1	1	1	1	1	1
415	0	0	0	0	0	0	0	0	0	0
416	0	0	0	0	0	0	0	0	0	0
417	1	1	1	1	1	1	1	1	1	1
418	2	2	2	2	1	2	2	2	2	2
419	2	2	2	2	2	2	2	2	2	2
420	1	1	1	1	1	1	1	1	1	1
421	1	1	1	1	1	1	1	1	1	1
422	0	0	0	0	0	0	0	0	0	0
423	0	0	0	0	0	0	0	0	0	0
424	1	1	1	1	1	1	1	1	1	1
425	0	0	0	0	0	0	0	0	1	1
426	2	2	2	2	2	2	2	2	2	2
427	1	1	1	1	1	1	1	1	1	1
428	1	1	1	1	1	1	1	1	1	1
429	0	0	0	0	0	0	0	0	0	0
430	0	0	0	0	0	0	0	0	0	0
431	0	0	0	0	0	0	0	0	0	0
432	1	1	1	1	1	1	1	1	1	1
433	0	0	0	0	0	0	0	0	0	0
434	1	1	1	1	1	2	1	1	1	1
435	0	0	0	0	0	0	0	0	0	0
436	1	1	1	1	1	1	1	1	1	1
437	1	1	1	1	1	1	1	1	1	1
438	1	1	1	1	1	1	1	1	1	1
439	0	0	0	0	0	0	0	0	0	0
440	1	1	1	1	1	1	1	1	1	1
441	1	1	1	1	1	1	1	1	1	1
442	1	1	1	1	1	1	1	1	1	1
443	0	0	0	0	0	0	0	0	0	0
444	0	0	0	0	0	0	0	0	0	0
445	1	1	1	1	1	1	1	1	1	1
446	1	1	1	1	1	1	1	1	1	1
447	0	0	0	0	0	0	0	0	0	0
448	0	0	0	0	0	0	0	0	0	0
449	0	0	0	0	0	0	0	0	0	0
450	0	0	0	0	0	0	0	0	0	0
451	0	0	0	0	0	0	0	0	0	0
452	1	1	1	1	1	1	1	1	1	1
453	1	1	1	1	1	1	1	1	1	1
454	1	1	1	1	1	1	1	1	1	1
455	0	0	0	0	0	0	0	0	0	0
456	1	1	1	1	1	1	1	1	1	1
457	0	0	0	0	0	0	0	0	0	0
458	1	1	1	1	1	1	1	1	1	1
459	1	0	1	1	1	1	1	1	0	0
460	1	1	1	1	1	1	1	1	1	1
461	1	1	1	1	1	1	1	1	1	1
462	1	1	1	1	1	1	1	1	1	1
463	2	2	2	2	2	2	2	2	2	2
464	1	1	1	1	0	1	1	1	1	1
