29	0	0	0	0	0	0	0	0	0	0	0	0	0	2	2	0	0	0	2	0	1	1	1	1	1	1	1	1	1	2	2	1	1	1	0	1	0	0	2	2	1	0	1	1	1	1	1	0	0	2	1	1	1	0	2	1	1	1	1	0	1	0	1	1	0	0	0	0	0	0	1	1	0	1	1	1	0	0	0	1	0	0	0	1	0	0	0	0	0	1	0	0	0	0	1	0	1	1	0	1	1	0	0	1	1	0	0	1	0	1	1	1	0	1	1	0	0	2	0	0	1	1	1	1	0	1	1	1	1	0	1	1	0	0	1	1	1	0	0	1	1	0	0	0	0	0	2	0	0	2	2	2	0	0	2	2	1	0	1	1	1	0	2	2	0	2	1	2	0	1	1	2	1	1	2	1	1	1	2	1	2	2	1	1	1	1	1	2	1	0	0	1	0	2	2	2	0	0	0	0	0	0	0	0	0	0	0	2	0	0	0	0	0	0	0	0	0	0	0	0	0	0	0	0	0	0	0	0	0	0	0	0	0	0	2	0	0	0	2	0	0	2	0	2	2	0	2	2	2	2	0
30	1	1	1	1	1	1	1	1	1	1	0	1	1	2	2	1	1	0	1	0	1	1	1	1	1	1	0	0	0	1	1	0	0	0	1	0	0	1	1	1	1	1	0	0	0	0	1	1	0	1	0	0	0	1	2	0	0	0	0	1	0	0	0	0	0	0	0	0	0	0	2	0	1	0	0	1	1	1	1	0	1	1	0	1	0	1	0	0	0	0	0	2	0	2	2	2	2	2	2	2	2	0	0	2	2	0	2	2	2	2	2	2	1	2	2	1	0	1	1	0	2	2	2	2	1	2	2	2	2	1	2	2	1	1	2	2	2	1	1	1	2	0	1	0	0	0	1	0	0	1	1	1	0	0	1	1	0	0	0	0	0	2	1	2	0	2	0	2	0	0	0	2	0	0	2	2	2	0	0	0	0	2	0	0	0	0	0	2	0	0	0	0	0	0	0	0	0	0	0	0	0	0	0	0	0	0	0	2	0	0	0	0	0	0	0	0	0	0	0	0	1	0	1	0	0	0	0	0	0	0	0	0	0	0	0	0	0	2	2	2	2	2	2	2	2	2	0	0	1	0	0
31	0	0	0	0	0	0	0	0	0	0	0	0	0	2	2	1	0	0	0	0	0	0	0	0	2	2	0	0	0	2	2	0	0	0	0	0	0	0	2	2	2	0	0	0	0	0	1	0	0	2	0	0	0	2	2	0	0	0	0	0	0	0	0	0	0	0	0	0	0	0	2	0	0	0	0	0	0	0	0	0	0	0	0	2	0	0	0	0	0	0	0	0	0	0	2	0	2	2	0	2	2	0	0	2	2	0	0	2	2	2	2	2	0	2	2	0	0	1	0	0	1	1	1	1	1	1	1	1	1	0	1	1	0	0	1	1	1	0	0	2	1	0	0	0	0	0	2	0	0	2	2	2	0	0	2	2	1	0	1	1	1	0	2	2	0	2	1	2	0	1	1	2	1	1	2	1	1	1	1	1	1	2	1	1	1	0	1	2	1	0	0	1	0	0	0	0	0	0	1	1	1	1	1	1	1	1	1	1	1	1	0	1	1	0	1	1	1	1	0	1	1	0	1	0	0	0	0	0	0	0	0	0	0	0	0	0	0	1	2	1	1	2	1	2	2	1	1	1	1	1	1
32	2	1	2	2	1	1	1	1	1	2	0	2	2	2	2	2	0	0	0	0	0	0	0	0	2	2	0	0	0	2	2	0	0	0	0	0	0	0	2	2	2	0	0	0	0	0	0	0	0	2	0	0	0	0	2	0	0	0	0	0	0	0	0	0	0	0	0	0	0	0	0	0	0	0	0	0	0	0	0	0	0	0	0	2	0	0	0	0	0	2	0	0	0	0	2	0	2	2	0	2	2	0	0	2	2	0	0	2	0	2	2	2	0	2	2	0	0	2	0	0	1	1	1	1	0	1	1	1	1	0	1	1	0	0	1	1	1	0	0	2	1	0	0	0	0	0	2	0	0	2	2	2	0	0	2	2	1	0	1	1	1	0	2	2	0	2	0	2	0	0	0	2	0	0	2	2	2	0	1	0	1	2	0	0	0	0	0	2	0	0	0	0	0	0	0	0	0	0	1	1	1	1	1	1	1	1	1	1	1	1	0	1	1	0	1	1	1	1	0	1	1	1	1	1	0	0	0	0	0	0	0	0	0	0	0	0	0	2	2	2	2	2	2	2	2	2	0	0	0	0	0
33	0	0	0	0	1	0	0	0	0	1	0	1	1	2	2	0	0	0	1	0	1	1	1	1	1	1	0	0	0	2	2	1	0	0	0	0	0	0	2	1	1	0	0	0	0	0	0	0	0	2	0	0	0	0	2	0	0	0	0	0	1	0	0	0	0	0	0	0	0	0	1	0	0	0	0	0	0	0	0	0	0	0	0	2	0	0	0	0	0	1	0	0	0	0	2	0	2	2	0	2	2	0	0	2	2	0	0	2	1	2	2	2	0	2	2	0	0	1	0	0	2	2	2	2	1	2	2	2	2	0	2	2	0	1	2	2	2	0	0	1	1	0	0	0	0	0	2	0	0	2	2	2	0	0	2	2	1	0	0	1	0	0	2	2	0	2	1	2	0	1	2	2	2	0	2	0	0	0	2	1	2	2	2	1	1	1	2	2	1	0	0	1	0	0	0	0	0	0	0	1	1	1	1	1	1	0	1	2	0	0	0	0	1	0	0	1	1	0	0	1	1	0	1	0	0	0	0	0	0	0	0	0	0	0	0	0	0	2	2	2	2	2	2	2	2	2	0	0	0	0	0
34	0	0	0	0	0	0	0	0	0	0	0	0	0	2	2	1	0	0	1	0	0	1	1	1	2	2	0	0	0	1	1	0	0	1	1	0	0	1	1	1	1	1	0	0	0	0	1	1	0	1	0	0	0	2	2	0	0	0	0	1	0	0	0	0	1	0	0	0	0	0	2	0	1	0	0	0	1	1	1	0	1	1	0	1	0	1	0	0	0	0	0	1	0	1	2	1	2	2	1	2	2	0	0	2	2	0	1	2	2	2	2	2	1	2	2	1	0	0	1	1	2	2	2	2	2	2	2	2	2	1	2	2	1	2	2	2	2	1	1	2	2	0	1	0	0	0	1	0	0	1	1	1	0	0	1	1	0	0	0	0	0	1	2	2	0	2	2	2	0	2	2	2	2	2	2	0	0	2	2	2	2	2	2	2	2	1	2	2	2	0	0	1	0	1	1	1	1	0	0	0	0	0	0	0	0	0	0	2	0	0	0	0	0	1	0	0	0	0	0	0	1	0	1	0	0	0	0	0	0	0	0	0	0	0	1	0	0	1	2	1	1	2	1	2	2	1	1	1	2	1	0
35	1	1	1	1	1	1	1	1	1	1	0	1	1	2	2	1	1	0	2	0	2	2	2	2	0	0	0	0	0	1	1	0	0	0	1	0	0	1	1	1	1	1	0	0	0	0	1	1	0	1	0	0	0	1	2	0	0	0	0	1	0	0	0	0	0	0	0	0	0	0	1	0	1	0	0	1	1	1	1	0	1	1	0	1	0	1	0	0	0	0	0	1	0	1	2	1	2	2	1	2	2	0	0	2	2	0	1	2	1	2	2	2	1	2	2	1	0	0	1	0	2	2	2	2	2	2	2	2	2	1	2	2	1	2	2	2	2	1	1	2	2	0	1	0	0	0	1	0	0	1	1	1	0	0	1	1	0	0	0	0	0	1	1	2	0	2	0	2	0	0	0	2	0	0	2	2	2	0	1	0	1	2	0	0	0	0	0	2	0	0	0	0	0	0	0	0	0	0	1	1	1	1	1	1	1	1	1	1	1	1	0	1	1	0	1	1	1	1	0	1	2	0	2	0	0	0	0	0	0	0	0	0	0	0	0	0	0	2	2	2	2	2	2	2	2	2	0	0	1	0	0
36	1	0	1	0	1	0	0	0	0	1	0	1	1	2	2	2	0	0	1	0	0	1	1	1	2	2	0	0	0	2	2	1	0	1	0	0	0	0	2	1	1	0	0	0	0	0	0	0	0	2	0	0	0	0	2	0	0	0	0	0	1	0	0	0	0	0	0	0	0	0	2	0	0	0	0	0	0	0	0	0	0	0	0	2	0	0	0	0	0	0	0	0	0	0	2	0	2	2	0	2	2	0	0	2	2	0	0	2	2	2	2	2	0	2	2	0	0	0	0	0	2	2	2	2	2	2	2	2	2	0	2	2	0	2	2	2	2	0	0	1	2	0	0	0	0	0	2	0	0	2	2	2	0	0	2	2	0	0	0	0	0	1	2	2	0	2	1	2	0	1	1	2	1	1	2	1	1	1	1	1	1	2	1	1	1	0	1	2	1	0	0	0	0	0	0	0	1	0	0	0	0	0	0	0	0	0	0	2	0	0	0	0	0	0	0	0	0	0	0	0	1	0	1	0	0	0	0	0	0	0	0	0	0	0	0	0	0	2	2	2	2	2	2	2	2	2	0	0	1	0	0
37	1	1	2	2	2	2	2	2	2	2	0	2	2	2	2	1	0	0	0	0	0	0	0	0	2	2	0	0	0	2	2	0	0	0	0	0	0	0	2	0	1	0	0	0	0	0	0	0	0	2	0	0	0	0	2	0	0	0	0	0	0	0	0	0	0	0	0	0	0	0	2	0	0	0	0	0	0	0	0	0	0	0	0	2	0	0	0	0	0	0	0	0	0	0	2	0	2	2	0	2	2	0	0	2	2	0	0	2	2	2	2	2	0	2	2	0	0	0	0	0	2	2	2	2	2	2	2	2	2	0	2	2	0	2	2	2	2	0	0	1	2	0	0	0	0	0	2	0	0	2	2	2	0	1	2	2	0	1	1	1	1	0	2	2	0	2	0	2	0	0	0	2	0	0	2	2	2	0	0	0	0	2	0	0	0	0	0	2	0	0	0	1	0	1	1	1	1	0	0	0	0	0	0	0	0	0	0	2	0	0	0	0	0	0	0	0	0	0	0	0	1	0	1	0	0	0	0	0	0	0	0	0	0	0	1	0	0	1	2	1	1	2	1	2	2	1	1	1	2	0	0
38	2	2	1	1	1	1	1	1	1	2	0	2	2	2	2	2	1	0	1	0	1	1	1	1	2	2	0	0	0	1	1	0	0	0	1	0	0	1	1	1	1	1	0	0	0	0	1	1	0	1	0	0	0	1	2	0	0	0	0	1	0	0	0	0	1	0	0	0	0	0	1	0	1	0	0	0	1	1	1	0	1	1	0	1	0	1	0	0	0	1	0	1	0	1	2	1	2	2	1	2	2	0	0	2	2	0	1	2	1	2	2	2	1	2	2	1	0	1	1	1	2	2	2	2	1	2	2	2	2	1	2	2	1	1	2	2	2	1	1	2	2	0	1	0	0	0	1	0	0	1	1	1	0	0	1	1	0	0	1	0	1	1	2	2	0	2	1	2	0	1	1	2	1	1	2	1	1	1	2	1	2	2	1	1	1	1	1	2	1	0	0	1	0	1	1	1	0	0	0	0	0	0	0	0	0	0	0	2	0	0	0	0	0	0	0	0	0	0	0	0	0	0	0	0	0	0	0	0	0	0	0	0	0	0	1	0	0	1	2	1	1	2	1	2	2	1	2	2	2	1	0
39	0	0	2	2	1	1	1	1	1	2	0	2	2	2	2	1	0	0	0	0	0	0	0	0	2	2	0	0	0	2	2	0	0	0	0	0	0	0	2	1	2	0	0	0	0	0	0	0	0	2	0	0	0	0	2	0	0	0	0	0	0	0	0	0	0	0	0	0	0	0	1	0	0	0	0	0	0	0	0	0	0	0	0	2	0	0	0	0	0	1	0	0	0	0	2	0	2	2	0	2	2	0	0	2	2	0	0	2	1	2	2	2	0	2	2	0	0	1	0	0	2	2	2	2	1	2	2	2	2	0	2	2	0	1	2	2	2	0	0	1	2	0	0	0	0	0	2	0	0	2	2	2	0	0	2	2	0	0	1	0	1	0	2	2	0	2	0	2	0	0	0	2	0	0	2	2	2	0	1	0	1	2	0	0	0	0	0	2	0	0	0	0	0	0	0	0	1	0	0	0	0	0	0	0	0	0	0	2	0	0	0	0	0	0	0	0	0	0	0	0	1	0	1	0	0	0	0	0	0	0	0	0	0	0	0	0	0	2	2	2	2	2	2	2	2	2	0	0	1	0	0
40	2	2	2	2	2	2	2	2	2	2	0	2	2	2	2	2	0	0	0	0	0	0	0	0	2	2	0	0	0	2	2	1	0	1	0	0	0	0	2	1	1	0	0	0	1	0	0	0	0	2	0	0	0	1	2	0	0	0	0	0	0	0	0	0	0	0	0	0	0	0	1	0	0	0	0	0	0	0	0	0	0	0	0	2	0	0	0	0	0	0	0	1	0	0	2	0	2	2	1	2	2	0	0	2	2	0	1	2	1	2	2	2	0	2	2	1	0	0	1	1	2	2	2	2	2	2	2	2	2	1	2	2	0	2	2	2	2	0	0	1	2	0	0	0	0	0	2	0	0	2	2	2	0	0	2	2	0	0	0	0	0	2	2	2	0	2	0	2	0	0	0	2	0	0	2	2	2	0	2	0	2	2	0	0	0	0	0	2	0	0	2	0	2	0	0	0	0	2	2	2	2	2	2	2	2	2	2	0	2	2	2	2	2	2	2	2	2	2	2	2	2	2	2	2	2	2	2	2	2	2	2	2	2	2	2	2	2	0	2	0	0	0	0	0	0	0	2	2	2	2	2
296	1	1	1	1	1	1	1	1	1	1	0	1	1	2	2	2	0	0	1	0	0	1	1	1	2	2	0	0	0	2	2	1	0	1	0	0	0	0	2	1	1	0	0	0	0	0	0	0	0	2	0	0	0	1	2	0	1	0	0	0	0	0	0	0	0	0	0	0	0	0	2	0	0	0	0	0	0	0	0	0	0	0	0	2	0	0	0	0	0	1	0	0	0	0	2	0	2	2	0	2	2	0	0	2	2	0	0	2	1	2	2	2	0	2	2	0	0	1	0	0	2	2	2	2	1	2	2	2	2	0	2	2	0	1	2	2	2	0	0	2	2	0	0	0	0	0	2	0	0	2	2	2	0	0	2	2	0	0	0	1	1	0	2	2	0	2	1	2	0	1	1	2	1	1	2	1	1	1	1	1	1	2	1	1	1	0	1	2	1	0	0	0	0	0	0	0	1	0	0	0	0	0	0	0	0	0	0	2	0	0	0	0	0	0	0	0	0	0	0	0	2	0	2	0	0	0	0	0	0	0	0	0	0	0	0	0	0	2	2	2	2	2	2	2	2	2	0	0	2	0	0
297	0	0	0	0	0	0	0	0	0	0	0	0	0	2	2	1	0	0	2	0	1	2	2	2	1	1	0	0	0	2	2	0	0	1	0	0	0	0	2	1	1	0	0	0	1	0	0	0	0	2	0	0	0	0	2	0	0	0	0	0	0	0	0	0	0	0	0	0	0	0	2	0	0	0	0	0	0	0	0	0	0	0	0	2	0	0	0	0	0	1	0	0	0	0	2	0	2	2	0	2	2	0	0	2	2	0	0	2	1	2	2	2	0	2	2	0	0	1	0	0	1	1	1	1	1	1	1	1	1	0	1	1	0	1	1	1	1	0	0	2	1	0	0	0	0	0	2	0	0	2	2	2	0	0	2	2	1	0	0	1	0	0	2	2	0	2	1	2	0	1	1	2	1	1	2	1	1	1	1	1	1	2	1	1	1	0	1	2	1	0	0	0	0	0	0	0	1	0	1	1	1	1	1	1	1	1	1	1	1	1	0	1	1	0	1	1	1	1	0	1	2	1	2	1	0	0	0	0	0	0	0	1	0	0	0	0	0	2	2	2	2	2	2	2	2	2	0	0	1	0	0
298	1	1	1	1	1	1	1	1	1	1	0	1	1	2	2	2	0	0	0	0	0	0	0	1	1	1	0	0	0	1	1	0	0	0	1	0	0	1	1	1	1	1	0	0	1	0	1	1	0	1	0	0	0	2	1	0	0	0	0	1	0	1	0	0	1	0	0	1	1	0	2	0	1	0	0	0	1	1	1	0	1	1	0	1	0	1	0	0	0	1	0	1	0	1	2	1	2	2	1	2	2	0	0	2	2	0	1	2	1	2	2	2	1	2	2	1	0	1	1	1	2	2	2	2	1	2	2	2	2	1	2	2	1	1	2	2	2	1	1	2	2	0	1	0	0	0	1	0	0	1	1	1	0	0	1	1	0	0	0	1	1	1	1	1	0	1	0	1	0	0	0	1	0	0	1	2	2	0	0	0	0	1	0	0	0	0	0	1	0	1	0	1	0	1	1	1	0	0	1	1	1	1	1	1	1	1	1	1	1	1	0	1	1	0	1	1	1	1	0	1	1	0	1	0	0	0	0	0	0	0	0	0	0	0	1	0	0	1	2	1	1	2	1	2	2	1	1	1	1	1	0
299	1	1	1	1	1	1	1	1	1	2	0	2	2	2	2	2	0	0	0	0	0	0	0	0	2	2	0	0	0	2	2	2	1	2	0	1	0	0	2	1	1	0	1	1	1	1	1	0	1	2	1	1	1	0	2	1	1	1	1	0	1	0	1	1	0	0	1	0	0	1	1	1	0	1	1	1	0	0	0	1	0	0	0	1	0	0	0	0	0	1	0	0	0	0	1	0	1	1	0	1	1	0	0	1	1	0	0	1	0	1	1	1	0	1	1	0	0	1	0	1	1	1	1	1	0	1	1	1	1	0	1	1	0	0	1	1	1	0	0	2	1	1	0	0	0	0	2	1	0	2	2	2	1	0	2	2	1	1	1	2	1	0	2	2	0	2	1	2	1	1	1	2	1	0	2	1	1	0	1	1	1	2	1	1	1	1	1	2	1	0	0	1	0	1	0	0	0	0	1	1	1	1	1	1	1	1	1	1	1	1	0	1	1	0	1	1	1	1	0	1	1	1	1	1	0	0	0	0	0	0	0	0	0	0	0	0	0	2	2	2	2	2	2	2	2	2	0	0	0	0	0
300	1	1	1	1	1	1	1	1	1	1	0	1	1	2	2	1	1	0	2	0	1	1	1	1	1	1	1	1	1	1	1	1	1	1	1	1	0	1	1	1	1	1	1	1	1	1	2	1	0	1	1	1	1	1	2	1	1	1	1	1	1	0	1	1	0	0	0	0	0	1	1	1	1	1	1	2	1	1	1	1	1	1	0	0	0	1	0	0	0	0	0	2	0	1	1	1	1	1	1	1	1	0	0	1	1	0	1	1	1	1	2	1	1	1	1	0	0	2	0	0	1	1	1	1	0	1	1	1	1	0	1	1	0	0	1	1	1	0	0	0	1	0	0	0	0	0	2	0	0	2	2	2	0	0	2	2	1	0	0	2	1	0	2	2	0	2	1	2	0	1	1	2	1	1	2	1	1	1	1	1	1	2	1	1	1	1	1	2	1	0	0	1	0	1	1	1	0	0	1	1	1	1	1	1	1	1	1	1	1	1	0	1	1	0	1	1	1	1	0	1	1	0	1	0	0	0	0	0	0	0	0	0	0	0	1	0	0	1	2	1	1	2	1	2	2	1	1	1	1	1	0
301	0	0	0	0	0	0	0	0	0	1	0	1	1	2	2	1	0	0	0	0	0	0	0	0	2	2	0	0	0	1	1	1	0	1	1	0	0	1	1	0	0	1	0	0	1	0	1	1	0	1	0	0	0	1	2	1	1	1	1	0	1	0	1	1	0	0	0	0	0	1	0	1	0	1	1	1	0	0	0	1	0	0	0	1	0	0	0	0	0	1	0	0	0	0	1	0	1	1	0	1	1	0	0	1	1	0	0	1	0	1	1	1	0	1	1	0	0	1	0	0	1	1	1	1	0	1	1	1	1	0	1	1	0	0	1	1	1	0	0	1	1	0	0	0	0	0	2	0	0	2	2	1	0	0	2	2	1	0	0	1	0	1	2	2	0	2	1	2	0	1	1	2	1	1	2	1	1	1	1	1	1	2	1	1	1	1	1	2	1	0	0	1	0	1	1	1	0	0	1	1	1	1	1	1	1	1	1	1	1	1	0	1	1	0	1	1	1	1	0	1	1	1	1	1	0	0	0	0	0	0	0	0	0	0	1	0	0	2	2	1	1	2	1	2	2	1	1	1	0	0	0
302	0	0	0	0	0	0	0	0	0	1	0	1	1	2	2	1	0	0	1	0	1	1	1	1	1	1	0	0	0	2	2	1	0	1	0	0	0	0	2	1	1	0	0	0	1	0	0	0	0	2	0	0	0	0	2	0	0	0	0	0	0	0	0	0	0	0	0	0	0	0	1	0	0	0	0	0	0	0	0	0	0	0	0	2	0	0	0	0	0	2	0	0	0	0	2	0	2	2	0	2	2	0	0	2	2	0	0	2	0	2	2	2	0	2	2	0	0	2	0	0	1	1	1	1	0	1	1	1	1	0	1	1	0	0	1	1	1	0	0	2	1	0	0	0	0	0	2	0	0	2	2	2	0	0	2	2	1	0	1	1	0	0	2	2	0	2	0	2	0	0	0	2	0	0	2	2	2	0	1	0	1	2	0	0	0	0	0	2	0	0	0	0	0	1	1	1	0	0	1	1	1	1	1	1	1	1	1	1	1	1	0	1	1	0	1	1	1	1	0	1	1	1	1	1	0	0	0	0	0	0	0	0	0	0	1	0	0	1	2	1	1	2	1	2	2	1	1	1	1	1	0
303	1	1	0	1	1	0	0	0	0	1	0	1	1	2	2	2	0	0	0	0	0	0	0	1	1	1	0	1	1	2	2	1	1	1	0	1	0	0	2	2	2	0	1	1	0	1	1	0	0	2	1	1	1	1	2	1	0	1	1	0	1	0	1	1	0	0	0	0	0	1	1	1	0	1	1	1	0	1	0	1	0	0	0	1	0	0	0	0	0	0	0	0	0	0	1	0	1	1	0	1	1	0	0	1	1	0	0	1	1	1	1	1	0	1	1	0	0	2	0	0	2	2	2	2	0	2	2	2	2	0	2	2	0	0	2	2	2	0	0	1	2	1	0	0	0	0	2	1	0	2	2	1	1	0	2	2	0	1	1	1	1	1	2	2	0	2	1	2	0	1	1	2	1	1	2	1	1	1	1	1	1	2	1	1	1	1	1	2	1	0	0	1	0	1	1	1	0	0	1	1	1	1	1	1	1	1	1	2	1	1	0	0	1	0	1	1	1	1	0	1	1	0	1	0	0	0	0	0	0	0	0	0	0	0	1	0	0	1	2	1	1	2	1	2	2	1	1	1	0	0	0
304	2	1	2	2	1	1	1	1	1	2	0	2	2	2	2	2	0	0	0	0	0	0	0	0	2	2	0	0	0	2	2	0	0	0	0	0	0	0	2	2	2	0	0	0	0	0	0	0	0	2	0	0	0	1	2	0	0	0	0	0	0	0	0	0	0	0	0	0	0	0	1	0	0	0	0	0	0	0	0	0	0	0	0	2	0	0	0	0	0	2	0	0	0	0	2	0	2	2	0	2	2	0	0	2	2	0	0	2	0	2	2	2	0	2	2	0	0	2	0	1	2	2	2	2	0	2	2	2	2	0	2	2	0	0	2	2	2	0	0	2	2	0	0	0	0	0	2	0	0	2	2	2	0	0	2	2	0	0	1	1	2	0	2	2	0	2	0	2	0	0	0	2	0	0	2	2	2	0	1	0	1	2	0	0	0	0	0	2	0	0	0	0	0	0	0	0	0	0	1	1	1	1	1	0	1	1	1	1	1	1	0	1	1	0	1	1	1	0	0	1	1	0	1	0	0	0	0	0	0	0	0	0	0	0	0	0	0	2	2	2	2	2	2	2	2	2	1	1	1	0	0
305	1	1	1	1	1	1	1	1	1	1	0	1	1	2	2	1	1	0	1	0	1	1	1	1	1	1	0	0	0	2	2	1	0	1	0	0	0	0	2	1	1	0	0	0	0	0	0	0	0	2	0	0	0	0	2	0	0	0	0	0	0	0	0	0	0	0	0	0	0	0	1	0	0	0	0	0	0	0	0	0	0	0	0	2	0	0	0	0	0	1	0	0	0	0	2	0	2	2	0	2	2	0	0	2	2	0	0	2	0	2	2	2	0	2	2	0	0	1	0	0	2	2	2	2	1	2	2	2	2	0	2	2	0	1	2	2	2	0	0	2	2	0	0	0	0	0	2	0	0	2	2	2	0	0	2	2	0	0	1	0	1	0	2	2	0	2	0	2	0	0	0	2	0	0	2	2	2	0	2	0	2	2	0	0	0	0	0	2	0	0	0	0	0	0	0	0	0	0	1	1	1	1	1	1	1	1	1	1	1	1	0	1	1	0	1	1	1	1	0	1	1	1	1	1	0	0	0	0	0	0	0	0	0	0	0	0	0	2	2	2	2	2	2	2	2	2	1	1	1	0	0
306	1	0	1	1	0	0	0	0	0	2	0	2	2	2	2	2	0	0	0	0	0	0	0	0	2	2	0	0	0	2	2	0	0	0	0	0	0	0	1	2	2	0	0	0	0	0	1	0	0	2	0	0	0	2	2	0	0	0	0	0	0	0	0	0	0	0	0	0	0	0	1	0	0	0	0	0	0	0	0	0	0	0	0	2	0	0	0	0	0	1	0	0	0	0	2	0	2	2	0	2	2	0	0	2	2	0	0	2	1	2	2	2	0	2	2	0	0	2	0	0	1	1	1	1	0	1	1	1	1	0	1	1	0	0	1	1	1	0	0	2	1	0	0	0	0	0	2	0	0	2	2	2	0	0	2	2	1	0	0	2	1	0	2	2	0	2	1	2	0	1	1	2	1	1	2	1	1	1	1	1	1	2	1	1	1	0	1	2	1	0	0	1	0	1	1	1	0	0	0	0	0	0	0	0	0	0	0	2	0	0	0	0	0	0	0	0	0	0	0	0	0	0	0	0	0	0	0	0	0	0	0	0	0	0	1	0	0	2	2	1	1	2	1	2	2	1	1	1	0	0	0
307	1	1	2	2	1	1	1	1	1	2	0	2	2	2	2	2	0	0	0	0	0	0	0	0	2	2	0	0	0	2	2	0	0	1	0	0	0	0	2	1	1	0	0	0	0	0	0	0	0	2	0	0	0	1	2	0	0	0	0	0	0	0	0	0	0	0	0	0	0	0	1	0	0	0	0	0	0	0	0	0	0	0	0	2	0	0	0	0	0	1	0	1	0	0	2	0	2	2	1	2	2	0	0	2	2	0	1	2	1	2	2	2	0	2	2	1	0	1	1	1	2	2	2	2	1	2	2	2	2	1	2	2	0	1	2	2	2	0	0	1	2	0	0	0	0	0	2	0	0	2	2	2	0	0	2	2	0	0	0	1	1	1	2	2	0	2	0	2	0	0	0	2	0	0	2	2	2	0	1	0	1	2	0	0	0	0	0	2	0	0	1	0	1	0	0	0	0	1	2	2	2	2	2	2	2	2	2	0	2	2	1	2	2	1	2	2	2	2	1	2	2	1	2	1	1	1	1	1	1	1	1	1	1	1	1	1	1	1	2	1	1	1	1	1	1	1	1	1	1	1	1
308	1	1	1	0	0	0	0	0	0	1	0	1	1	2	2	2	0	0	1	0	0	1	1	1	2	2	0	0	0	2	2	1	0	1	0	0	0	0	2	1	1	0	0	0	0	0	0	0	0	2	0	0	0	2	2	1	1	1	1	0	1	0	1	1	0	0	0	0	0	1	0	1	0	1	1	1	0	0	0	1	0	0	0	1	0	0	1	0	0	0	0	0	0	0	1	0	1	1	0	1	1	0	0	1	1	0	0	1	1	1	1	1	0	1	1	0	0	1	0	0	1	1	1	1	1	1	1	1	1	0	1	1	0	1	1	1	1	0	0	2	1	0	0	0	0	0	2	0	0	2	2	2	0	0	2	2	1	0	0	1	0	0	2	2	0	2	1	2	0	1	1	2	1	1	2	1	1	1	2	1	2	2	1	1	1	0	1	2	1	0	0	0	0	0	0	0	1	0	0	0	0	0	0	0	0	0	0	2	0	0	0	0	0	0	0	0	0	0	0	0	1	0	1	0	0	0	0	0	0	0	0	0	0	0	0	0	0	2	2	2	2	2	2	2	2	2	1	1	2	0	0
309	0	0	0	0	0	0	0	0	0	1	0	1	1	2	2	1	0	0	0	0	0	0	0	0	2	2	0	0	0	1	1	0	0	0	1	1	0	1	1	0	0	1	0	0	0	0	1	1	0	1	0	0	0	1	2	0	0	0	0	1	0	0	0	0	1	0	0	0	0	0	0	0	1	0	0	0	1	1	1	0	1	1	0	1	0	1	0	0	0	0	0	1	0	1	2	1	2	1	1	2	2	0	0	2	2	0	1	2	2	2	2	2	1	2	2	1	0	0	1	1	2	2	1	2	2	2	2	2	2	1	2	2	1	2	2	2	2	1	1	2	2	0	1	0	0	0	1	0	0	1	1	1	0	1	1	1	0	1	1	1	1	1	2	2	0	2	1	2	0	1	1	2	1	1	2	1	1	1	2	1	2	2	1	1	1	1	1	2	1	0	0	1	0	1	1	1	1	0	0	0	0	0	0	0	0	0	0	2	0	0	0	0	0	0	0	0	0	0	0	0	1	0	1	0	0	0	0	0	0	0	0	0	0	0	1	0	0	1	2	1	1	2	1	2	2	1	1	1	2	1	0
310	1	0	1	0	1	0	0	0	0	1	0	1	1	2	2	1	0	0	1	0	1	1	1	1	1	1	0	0	0	2	2	0	0	0	0	0	0	0	2	1	1	0	0	0	0	0	0	0	0	2	0	0	0	0	2	0	0	0	0	0	0	0	0	0	0	0	0	0	0	0	2	0	0	0	0	0	0	0	0	0	0	0	0	2	0	0	0	0	0	2	0	0	0	0	2	0	2	2	0	1	2	0	0	2	2	0	0	2	0	2	2	2	0	2	2	0	0	2	0	0	2	2	2	2	0	2	2	2	2	0	2	2	0	0	2	2	2	0	0	2	2	0	0	0	0	0	2	0	0	2	2	2	0	0	2	2	0	0	1	1	2	0	2	2	0	2	0	2	0	0	0	2	0	0	2	2	2	0	1	0	0	1	0	0	0	0	0	1	0	1	0	0	0	0	0	0	0	0	1	1	1	1	1	1	1	1	1	1	1	1	0	1	1	0	1	1	1	1	0	1	1	0	1	0	0	0	0	0	0	0	0	0	0	0	1	0	0	2	2	1	1	2	1	2	2	1	1	1	0	0	0
311	1	1	1	1	1	1	1	1	1	2	0	2	2	2	2	2	0	0	0	0	0	0	0	0	2	2	0	0	0	2	2	0	0	0	0	0	0	0	1	2	2	0	0	0	0	0	1	0	0	2	0	0	0	1	2	0	0	0	0	0	0	0	0	0	0	0	0	0	0	0	2	0	0	0	0	0	0	0	0	0	0	0	0	2	0	0	0	0	0	0	0	0	0	0	2	0	2	2	0	2	2	0	0	2	2	0	0	2	2	2	2	2	0	2	2	0	0	1	0	1	1	1	1	1	0	1	1	1	1	0	1	1	0	0	1	1	1	0	0	2	1	0	0	0	0	0	2	0	0	2	2	2	0	0	2	2	1	0	0	1	0	0	2	2	0	2	1	2	0	1	1	2	1	1	2	1	1	1	2	1	2	2	1	1	1	0	1	2	1	0	0	1	0	0	0	0	0	0	0	0	0	0	0	0	0	0	0	2	0	0	0	0	0	0	0	0	0	0	0	0	0	0	0	0	0	0	0	0	0	0	0	0	0	0	0	0	0	2	2	2	2	2	2	2	2	2	0	0	0	0	0
312	1	0	1	0	1	0	0	0	0	2	0	2	2	2	2	2	0	0	0	0	0	0	0	0	2	2	0	0	0	2	2	1	0	1	0	0	0	0	2	1	1	0	0	0	1	0	0	0	0	2	0	0	0	1	2	0	0	0	0	0	0	0	0	0	0	0	0	0	0	0	1	0	0	0	0	0	0	0	0	0	0	0	0	2	0	0	0	0	0	0	0	0	0	0	2	0	2	2	0	2	2	0	0	2	2	0	0	2	1	2	2	2	0	2	2	0	0	0	0	0	2	2	1	2	2	2	2	2	2	0	2	2	0	2	2	2	2	0	0	2	2	0	0	0	0	0	2	0	0	2	2	2	0	1	2	2	0	1	1	1	1	0	2	2	0	2	1	2	0	1	1	2	1	1	2	1	1	1	2	1	2	2	1	1	1	1	1	2	1	0	0	1	0	1	1	1	0	0	1	1	1	1	1	1	1	1	1	1	1	1	0	1	1	0	1	1	1	1	0	1	1	1	1	1	0	0	0	0	0	0	0	0	0	0	1	0	0	2	2	1	1	2	1	2	2	1	1	1	0	0	0
313	0	0	0	0	0	0	0	0	0	1	0	1	1	2	2	2	0	0	0	0	0	0	0	0	2	2	0	0	0	2	2	0	0	0	0	0	0	0	1	2	2	0	0	0	0	0	1	0	0	2	0	0	0	1	2	0	0	0	0	0	0	0	0	0	0	0	0	0	0	0	1	0	0	0	0	0	0	0	0	0	0	0	0	2	0	0	0	0	0	0	0	1	0	1	2	1	2	2	1	1	2	0	0	2	2	0	1	2	2	2	2	2	0	2	2	0	0	2	0	0	1	1	1	1	0	1	1	1	1	0	1	1	0	0	1	1	1	0	0	1	1	0	0	0	0	0	2	0	0	2	2	2	0	0	2	2	1	0	0	1	0	1	2	2	0	2	1	2	0	1	1	2	1	1	2	1	1	1	1	1	1	2	1	1	1	0	1	2	1	0	0	1	0	0	0	0	0	0	0	0	0	0	0	0	0	0	0	2	0	0	0	0	0	0	0	0	0	0	0	0	0	0	0	0	0	0	0	0	0	0	0	0	0	0	0	0	0	2	2	2	2	2	2	2	2	2	0	0	0	0	0
314	2	1	1	1	1	1	1	1	1	2	0	2	2	2	2	2	1	0	1	0	1	1	1	1	1	1	0	0	0	1	1	0	0	0	1	0	0	1	1	1	1	1	0	0	0	0	1	1	0	1	0	0	0	2	2	0	0	0	0	1	0	0	0	0	0	0	0	0	0	0	2	0	1	0	0	1	1	1	1	0	1	1	0	1	0	1	0	0	0	0	0	1	0	1	2	1	2	2	1	2	2	0	0	2	2	0	1	2	2	2	2	2	1	2	2	1	0	0	1	0	2	2	2	2	2	2	2	2	2	1	2	2	1	2	2	2	2	1	1	2	2	0	1	0	0	0	1	0	0	1	1	1	0	1	1	1	0	1	1	1	1	1	1	2	0	2	1	2	0	1	1	2	1	1	2	1	1	1	1	1	1	2	1	1	1	1	1	2	1	0	0	1	0	1	1	1	0	0	0	0	0	0	0	0	0	0	0	2	0	0	0	0	0	0	0	0	0	0	0	0	1	0	1	0	0	0	0	0	0	0	0	0	0	0	1	0	0	1	2	1	1	2	1	2	2	1	1	1	1	0	0
315	0	0	0	0	0	0	0	0	0	0	0	0	0	2	2	0	0	0	1	0	0	0	0	0	2	2	1	1	1	2	2	1	1	1	0	1	0	0	2	2	2	0	1	1	1	1	1	0	0	2	1	1	1	0	2	1	2	1	1	0	1	0	1	1	0	0	0	0	0	0	1	1	0	1	1	1	0	0	0	1	0	0	0	1	0	0	0	0	0	0	0	1	0	1	1	1	1	1	1	1	1	0	0	1	1	0	1	1	1	1	1	1	0	1	1	0	0	2	0	0	1	1	1	1	0	1	1	1	1	0	1	1	0	0	1	1	1	0	0	0	1	0	0	0	0	0	2	0	0	2	2	2	0	0	2	2	1	0	0	1	0	1	2	2	0	2	1	2	0	1	1	2	1	1	2	1	1	1	1	1	1	2	1	1	1	1	1	2	1	0	0	1	0	1	1	1	0	0	0	0	0	0	0	0	0	0	0	2	0	0	0	0	0	0	0	0	0	0	0	0	0	0	0	0	0	0	0	0	0	0	0	0	0	0	1	0	0	1	2	1	1	2	1	2	2	1	1	1	1	1	0
316	1	1	2	2	2	2	2	2	2	2	0	2	2	2	2	1	0	0	0	0	0	0	0	0	2	2	0	0	0	2	2	1	0	1	0	0	0	0	2	0	1	0	0	0	1	0	0	0	0	2	0	0	0	0	2	0	0	0	0	0	0	0	0	0	0	0	0	0	0	0	2	0	0	0	0	0	0	0	0	0	0	0	0	2	0	0	0	0	0	1	0	0	0	0	2	0	2	2	0	2	2	0	0	2	2	0	0	2	1	2	2	2	0	2	2	0	0	2	0	0	1	1	1	1	0	1	1	1	1	0	1	1	0	0	1	1	1	0	0	2	1	0	0	0	0	0	2	0	0	2	2	2	0	0	2	2	1	0	0	2	1	0	2	2	0	2	1	2	0	1	1	2	1	1	2	1	1	1	2	1	2	2	1	1	1	1	1	2	1	0	0	1	0	1	1	1	0	0	0	0	0	0	0	0	0	0	0	2	0	0	0	0	0	0	0	0	0	0	0	0	0	0	0	0	0	0	0	0	0	0	0	0	0	0	1	0	0	1	2	1	1	2	1	2	2	1	2	2	2	1	0
317	0	0	0	0	0	0	0	0	0	0	0	0	0	2	2	0	0	0	0	0	0	0	0	0	2	2	0	0	0	2	2	0	0	0	0	0	0	0	2	1	2	0	0	0	0	0	0	0	0	2	0	0	0	0	2	0	0	0	0	0	0	0	0	0	0	0	0	0	0	0	2	0	0	0	0	0	0	0	0	0	0	0	0	2	0	0	0	0	0	0	0	1	0	1	2	1	2	2	1	1	2	0	0	2	2	0	1	2	2	2	2	2	0	2	2	0	0	1	0	1	2	2	1	2	1	2	2	2	2	0	2	2	0	1	2	2	2	0	0	0	2	0	0	0	0	0	2	0	0	2	2	2	0	0	2	2	0	0	0	0	0	1	2	2	0	2	1	2	0	1	1	2	1	1	2	1	1	1	1	1	1	2	1	1	1	1	1	2	1	0	0	1	0	1	1	1	0	0	0	0	0	0	0	0	0	0	0	2	0	0	0	0	0	0	0	0	0	0	0	0	0	0	0	0	0	0	0	0	0	0	0	0	0	0	1	0	0	1	2	1	1	2	1	2	2	1	1	1	1	1	0
318	0	0	0	0	0	0	0	0	0	0	0	0	0	2	2	1	0	0	2	0	2	2	2	2	0	0	0	0	0	2	2	0	0	0	0	1	0	0	2	2	2	0	0	0	0	0	0	0	0	2	0	0	0	1	2	0	0	0	0	0	0	0	0	0	0	0	0	0	0	0	2	0	0	0	0	0	0	0	0	0	0	0	0	2	0	0	0	0	0	0	0	0	0	0	2	0	2	2	0	2	2	0	0	2	2	0	0	2	2	2	2	2	0	2	2	0	0	0	0	1	2	2	1	2	1	2	2	2	2	0	2	2	0	1	2	2	2	0	0	2	2	0	0	0	0	0	2	0	0	2	2	2	0	1	2	2	0	1	1	1	1	0	2	2	0	2	1	2	0	1	1	2	1	1	2	1	1	1	2	1	2	2	1	1	1	1	1	2	1	0	0	1	0	1	1	1	0	0	0	0	0	0	0	0	0	0	0	2	0	0	0	0	0	0	0	0	0	0	0	0	0	0	0	0	0	0	0	0	0	0	0	0	0	0	1	0	0	1	2	1	1	2	1	2	2	1	1	1	0	0	0
319	2	1	2	1	2	1	1	1	1	2	0	2	2	2	2	2	0	0	0	0	0	0	0	0	2	2	0	0	0	2	2	1	0	1	0	0	0	0	2	0	1	0	0	0	1	0	0	0	0	2	0	0	0	0	2	0	0	0	0	0	0	0	0	0	0	0	0	0	0	0	1	0	0	0	0	0	0	0	0	0	0	0	0	2	0	0	0	0	0	0	0	0	0	0	2	0	2	2	0	2	2	1	0	2	2	0	0	2	1	2	2	2	0	2	2	0	0	0	0	0	2	2	2	2	2	2	2	2	2	0	2	2	0	2	2	2	2	0	0	1	2	0	0	0	0	0	2	0	0	2	2	1	0	0	2	2	0	0	0	0	0	0	2	2	0	2	0	2	0	0	0	2	0	0	2	2	2	0	1	0	1	2	0	0	0	0	0	2	0	0	0	0	0	0	0	0	1	0	1	1	1	1	1	1	1	1	1	1	1	1	1	1	1	1	1	1	1	1	1	1	2	0	2	0	0	0	0	0	0	0	0	0	0	0	0	0	0	2	2	2	2	2	2	2	2	2	0	0	1	0	0
320	1	0	1	0	1	0	0	0	0	1	0	1	1	2	2	1	0	1	1	0	1	1	1	1	1	1	0	0	0	2	2	0	0	0	0	0	0	0	2	1	1	0	0	0	0	0	0	0	0	2	0	0	0	0	2	0	0	0	0	0	0	0	0	0	0	0	0	0	0	0	1	0	0	0	0	0	0	0	0	0	0	0	0	2	0	0	0	0	0	2	0	0	0	0	2	0	2	2	0	2	2	0	0	2	2	0	0	2	0	2	2	2	0	2	2	0	0	2	0	0	2	2	2	2	0	2	2	2	2	0	2	2	0	0	2	2	2	0	0	2	2	0	0	0	0	0	2	0	0	2	2	2	0	0	2	2	0	0	1	1	1	0	2	2	0	2	0	2	0	0	0	2	0	0	2	2	2	0	1	0	1	2	0	0	0	0	0	2	0	0	0	0	0	0	0	0	0	0	1	1	1	1	1	1	1	1	1	1	1	1	0	1	1	0	1	1	1	1	0	1	1	0	1	0	0	0	0	0	0	0	0	0	0	0	0	0	0	2	2	2	2	2	2	2	2	2	1	1	1	0	0
321	1	1	1	1	1	1	1	1	1	2	0	2	2	2	2	2	0	0	0	0	0	0	0	0	2	2	0	0	0	2	2	0	0	0	0	0	0	0	2	1	1	0	0	0	0	0	0	0	0	2	0	0	0	1	2	0	0	0	0	0	0	0	0	0	0	0	0	0	0	0	2	0	0	0	0	0	0	0	0	0	0	0	0	2	0	0	0	0	0	0	0	1	0	0	2	0	2	1	1	2	2	0	0	2	2	0	1	2	2	2	2	2	0	2	2	1	0	0	1	1	2	2	2	2	2	2	2	2	2	1	2	2	0	2	2	2	2	0	0	1	2	0	0	0	0	0	2	0	0	2	2	2	0	0	2	2	0	0	0	0	0	1	2	2	0	2	1	2	0	1	1	2	1	1	2	1	1	1	2	1	2	2	1	1	1	0	1	2	1	0	1	0	1	0	0	0	1	1	1	1	1	1	1	1	1	1	1	1	1	1	1	1	1	1	1	1	1	1	1	1	2	1	2	1	1	1	1	1	1	1	1	1	1	1	1	1	1	1	2	1	1	1	1	1	1	1	1	1	2	1	1
322	0	0	0	0	0	0	0	0	0	0	0	0	0	2	2	1	0	0	1	0	0	1	1	1	2	2	0	0	0	2	2	0	0	1	0	0	0	0	2	2	2	0	0	0	0	0	0	0	0	2	0	0	0	1	2	0	0	0	0	0	0	0	0	0	0	0	0	0	0	0	2	0	0	0	0	0	0	0	0	0	0	0	0	2	0	0	0	0	0	0	0	1	0	1	2	1	2	2	1	2	2	0	0	2	2	0	1	2	2	2	2	2	0	2	2	0	0	1	0	0	2	2	2	2	1	2	2	2	2	0	2	2	0	1	2	2	2	0	0	1	2	0	0	0	0	0	2	0	0	2	2	2	0	0	2	2	0	0	0	0	0	1	2	2	0	2	1	2	0	1	1	2	1	1	2	1	1	1	1	1	1	2	1	1	1	0	1	2	1	0	0	0	0	0	0	0	1	0	0	0	0	0	0	1	0	0	0	2	0	0	0	0	0	0	0	0	0	0	0	0	1	0	1	0	0	0	0	0	0	0	0	0	0	0	0	0	0	2	2	2	2	2	2	2	2	2	0	0	1	0	0
323	0	0	0	0	0	0	0	0	0	0	0	0	0	2	2	2	0	0	0	0	0	0	0	2	0	0	0	1	1	2	2	1	1	1	0	1	0	0	2	2	2	0	1	1	2	1	1	0	0	2	1	1	1	1	2	1	1	1	1	0	1	0	1	1	0	0	0	0	0	1	2	1	0	1	1	1	0	0	0	1	0	0	0	1	0	0	0	0	0	1	0	0	0	0	1	0	1	1	0	1	1	0	0	1	1	0	0	1	0	1	1	1	0	1	1	0	0	1	0	0	2	2	2	2	0	2	2	2	2	0	2	2	0	0	2	2	2	0	0	1	2	0	0	0	0	0	2	0	0	2	2	2	0	0	2	2	0	0	0	1	1	1	2	2	0	2	1	2	0	1	1	2	1	1	2	1	1	1	1	1	1	2	1	1	1	1	1	2	1	0	0	1	0	1	1	1	0	0	1	1	1	1	1	1	1	1	1	1	1	1	0	1	1	0	1	1	2	1	0	1	1	0	1	0	0	0	0	0	0	0	0	0	0	0	1	0	0	1	2	1	1	2	1	2	2	1	1	0	0	0	0
324	1	0	0	0	1	0	0	0	0	1	0	1	1	2	2	2	0	0	0	0	0	0	0	0	2	2	0	0	0	1	1	0	0	0	1	0	0	1	1	1	0	1	0	0	0	0	1	1	0	1	0	0	0	1	2	0	0	0	0	1	0	0	0	0	1	0	0	0	0	0	2	0	1	0	0	0	1	1	1	0	1	1	0	1	0	1	0	0	0	0	0	1	0	1	2	1	2	2	1	2	2	0	0	2	2	0	1	2	2	2	2	2	1	2	2	1	0	0	1	2	2	2	2	2	1	2	2	2	2	1	2	2	1	1	2	2	2	1	1	2	2	0	1	0	0	0	1	0	0	1	1	1	0	0	1	1	0	0	0	0	0	1	2	2	0	2	1	2	0	1	1	2	1	1	2	1	1	1	2	1	2	2	1	1	1	1	1	2	1	0	0	1	0	1	1	1	0	0	0	0	0	0	0	0	0	0	0	2	0	0	0	0	0	0	0	0	0	0	0	0	0	0	0	0	0	0	0	0	0	0	0	0	0	0	1	0	0	1	2	1	1	2	1	2	2	1	1	1	1	1	0
325	0	0	0	0	0	0	0	0	0	2	0	2	2	2	2	2	0	0	0	0	0	0	0	0	2	2	0	0	0	2	2	0	0	0	0	0	0	0	1	1	2	0	0	0	0	0	0	0	0	2	0	0	0	1	2	0	0	0	0	0	0	0	0	0	0	0	0	0	0	0	2	0	0	0	0	0	0	0	0	0	0	0	0	2	0	0	0	0	0	0	0	0	0	0	2	0	2	2	0	2	2	0	0	2	2	0	0	2	2	2	2	2	0	2	2	0	0	0	0	0	2	2	1	2	2	2	2	2	2	0	2	2	0	2	2	2	2	0	0	1	2	0	0	0	0	0	2	0	0	2	2	2	0	1	2	2	0	1	1	1	1	0	2	2	0	2	1	2	0	1	1	2	1	1	2	1	1	1	1	1	1	2	1	1	1	1	1	2	1	0	0	1	0	1	1	1	1	0	0	0	0	0	0	0	0	0	0	2	0	0	0	0	0	0	0	0	0	0	0	0	1	0	1	0	0	0	0	0	0	0	0	0	0	0	1	0	0	2	2	1	1	2	1	2	2	1	1	1	1	0	0
326	2	2	2	1	1	1	1	1	1	2	0	2	2	2	2	2	0	0	0	0	0	0	0	0	2	2	0	0	0	2	2	1	0	0	0	0	0	0	2	1	1	0	0	0	0	0	0	0	0	2	0	0	0	2	2	1	1	1	1	0	1	0	1	1	0	0	0	0	0	1	0	1	0	1	1	1	0	0	0	1	0	0	0	1	0	0	0	0	0	1	0	0	0	0	1	0	1	1	0	1	1	0	0	0	1	0	0	1	0	1	1	1	0	1	1	0	0	2	0	0	1	1	1	1	0	1	1	1	1	0	1	1	0	0	1	1	1	0	0	1	1	0	0	0	0	0	2	0	0	2	2	2	0	0	2	2	1	0	0	1	1	0	2	2	0	2	0	2	0	0	0	2	0	0	2	2	2	0	1	0	1	2	0	0	0	0	0	2	0	0	0	0	0	0	0	0	0	0	1	1	1	1	1	0	1	1	1	1	1	1	0	1	1	0	1	1	1	1	0	1	1	0	1	0	0	0	0	0	0	0	0	0	0	0	0	0	0	2	2	2	2	2	2	2	2	2	1	1	1	0	0
327	1	1	2	2	2	2	2	2	2	2	0	2	2	2	2	1	0	0	0	0	0	0	0	0	2	2	0	0	0	2	2	0	0	0	0	0	0	0	2	1	1	0	0	0	0	0	0	0	0	2	0	0	0	0	2	0	0	0	0	0	0	0	0	0	0	0	0	0	0	0	1	0	0	0	0	0	0	0	0	0	0	0	0	2	0	0	0	0	0	1	0	0	0	0	2	0	2	2	0	2	2	0	0	2	2	0	0	2	1	2	2	2	0	2	2	0	0	1	0	1	2	2	2	2	1	2	2	2	2	0	2	2	0	1	2	2	2	0	0	1	2	0	0	0	0	0	2	0	0	2	2	2	0	0	2	2	0	0	1	0	1	0	2	2	0	2	0	2	0	0	0	2	0	0	2	2	2	0	1	0	1	2	0	0	0	0	0	2	0	0	0	0	0	0	0	0	1	0	0	0	0	0	0	0	0	0	0	2	0	0	0	0	0	0	0	0	0	0	0	0	1	0	1	0	0	0	0	0	0	0	0	0	0	0	0	0	0	2	2	2	2	2	2	2	2	2	1	1	2	0	0
328	0	0	0	0	0	0	0	0	0	1	0	1	1	2	2	2	0	0	0	0	0	0	0	0	2	2	0	0	0	1	1	1	0	0	1	0	0	1	0	1	1	1	0	0	0	0	2	1	0	1	0	0	0	2	2	0	0	0	0	1	0	0	0	0	1	0	0	0	0	0	2	0	1	0	0	0	1	1	1	0	1	1	0	1	0	1	0	0	0	0	0	1	0	1	2	1	2	2	1	2	2	0	0	2	2	0	1	2	2	2	2	2	1	2	2	1	0	1	1	1	1	1	1	1	1	1	1	1	1	1	1	1	1	1	1	1	1	1	1	2	1	0	1	0	0	0	1	0	0	1	1	1	0	0	1	1	1	0	0	1	0	1	2	2	0	2	2	2	0	2	2	2	2	2	2	0	0	2	2	2	2	2	2	2	2	1	2	2	2	0	0	2	0	1	1	1	0	0	0	0	0	0	0	0	0	0	0	2	0	0	0	0	0	1	0	0	0	0	0	0	0	0	0	0	0	0	0	0	0	0	0	0	0	0	1	0	0	1	2	1	1	2	1	2	2	1	1	1	0	1	0
329	1	1	2	1	1	1	1	1	1	2	0	2	2	2	2	1	0	0	0	0	0	0	0	0	2	2	0	0	0	2	2	1	0	0	0	0	0	0	2	0	1	0	0	0	0	0	0	0	0	2	0	0	0	0	2	0	0	0	0	0	0	0	0	0	0	0	0	0	0	0	2	0	0	0	0	0	0	0	0	0	0	0	0	2	0	0	0	0	0	1	0	0	0	0	2	0	2	2	0	2	2	0	0	2	2	0	0	2	1	2	2	2	0	2	2	0	0	1	0	0	2	2	2	2	1	2	2	2	2	0	2	2	0	1	2	2	2	0	0	1	2	0	0	0	0	0	2	0	0	2	2	2	0	0	2	2	0	0	0	1	1	0	2	2	0	2	0	2	0	0	0	2	0	0	2	2	2	0	0	0	0	2	0	0	0	0	0	2	0	0	0	0	0	0	0	0	1	0	1	1	1	1	1	1	1	1	1	1	1	1	0	1	1	0	1	1	1	1	0	1	2	0	2	0	0	0	0	0	0	0	0	0	0	0	0	0	0	2	2	2	2	2	2	2	2	2	0	0	1	0	0
330	0	0	0	0	0	0	0	0	0	0	0	0	0	2	2	0	0	0	2	0	1	1	1	1	1	1	1	1	1	2	2	1	1	1	0	1	0	0	2	2	2	0	1	1	1	1	1	0	0	2	1	1	1	0	2	1	1	1	1	0	1	0	1	1	0	0	0	0	0	1	1	1	0	1	1	1	0	0	0	1	0	0	0	1	0	0	0	0	0	1	0	1	0	0	1	0	1	1	0	1	1	0	0	1	1	0	0	1	0	1	2	1	0	1	1	0	0	2	0	0	1	1	1	1	0	1	1	1	1	0	1	1	0	0	1	1	1	0	0	1	1	0	0	0	0	0	2	0	0	2	2	2	0	0	2	2	1	0	1	1	0	0	2	2	0	2	1	2	0	1	1	2	1	1	2	1	1	1	2	1	2	2	1	1	1	1	1	2	1	0	0	1	0	1	1	1	0	0	0	0	0	0	0	0	0	0	0	2	0	0	0	0	0	0	0	0	0	0	0	0	0	0	0	0	0	0	0	0	0	0	0	0	0	0	1	0	0	1	2	1	1	2	1	2	2	1	2	2	2	1	0
331	2	1	2	1	2	1	1	1	1	2	0	2	2	2	2	2	0	0	1	0	0	1	1	1	2	2	0	0	0	2	2	1	0	1	0	0	0	0	2	1	1	0	0	0	0	0	0	0	0	2	0	0	0	1	2	0	0	0	0	0	0	0	0	0	0	0	0	0	0	0	2	0	0	0	0	0	0	0	0	0	0	0	0	2	0	0	0	0	0	1	0	0	0	0	2	0	2	2	0	2	2	0	0	2	2	0	0	2	1	2	2	2	0	2	2	0	0	1	0	0	2	2	2	2	1	2	2	2	2	0	2	2	0	1	2	2	2	0	0	2	2	0	0	0	0	0	2	0	0	2	2	2	0	0	2	2	0	0	0	1	1	0	2	2	0	1	1	2	0	1	1	2	1	1	2	1	1	1	1	1	1	2	1	1	1	0	1	2	1	0	0	0	0	0	0	0	1	0	1	1	1	1	1	1	1	1	1	1	1	1	0	1	1	0	1	1	1	1	0	1	2	0	2	0	0	0	0	0	0	0	0	0	0	0	0	0	0	2	2	2	2	2	2	2	2	2	0	0	1	0	0
332	0	0	0	0	0	0	0	0	0	0	0	0	0	2	2	0	0	0	2	0	2	2	2	2	0	0	0	0	0	2	2	0	0	0	0	0	0	0	2	2	2	0	0	0	0	0	0	0	0	2	0	0	0	0	2	0	0	0	0	0	0	0	0	0	0	0	0	0	0	0	0	0	0	0	0	0	0	0	0	0	0	0	0	2	0	0	0	0	0	2	0	0	0	0	2	0	2	2	0	1	2	0	0	2	2	0	0	2	0	2	2	2	0	2	2	0	0	2	0	0	2	2	1	2	0	2	2	2	2	0	2	2	0	0	2	2	2	0	0	2	2	0	0	0	0	0	2	0	0	2	2	2	0	0	2	2	0	0	2	0	1	0	2	2	0	2	0	2	0	0	0	2	0	0	2	2	2	0	2	0	1	1	0	0	0	0	0	1	0	1	0	0	0	0	0	0	0	0	0	0	0	0	0	0	0	0	0	2	0	0	0	0	0	0	0	0	0	0	0	0	0	0	0	0	0	0	0	0	0	0	0	0	0	0	0	0	0	2	2	2	2	2	2	2	2	2	1	1	1	0	0
333	1	0	1	0	1	0	0	0	0	1	0	1	1	2	2	1	0	0	1	0	0	1	1	1	2	2	0	0	0	2	2	1	0	1	0	0	0	0	2	1	1	0	0	0	0	0	0	0	0	2	0	0	0	1	2	0	0	0	0	0	0	0	0	0	0	0	0	0	0	0	2	0	0	0	0	0	0	0	0	0	0	0	0	2	0	0	0	0	0	1	0	0	0	0	2	0	2	2	0	2	2	0	0	2	2	0	0	2	1	1	2	2	0	2	2	0	0	1	0	0	2	2	2	2	1	2	2	2	2	0	2	2	0	1	2	2	2	0	0	2	2	0	0	0	0	0	2	0	0	2	2	2	0	0	2	2	0	0	0	1	0	0	2	2	0	2	2	2	0	2	2	2	2	2	2	0	0	2	2	2	2	2	2	2	2	1	2	2	2	0	0	1	0	1	1	1	1	0	0	0	0	0	0	0	0	0	0	2	0	0	0	0	0	0	0	0	0	0	0	0	1	0	1	0	0	0	0	0	0	0	0	0	0	0	1	0	0	1	2	1	1	2	1	2	2	1	1	1	2	1	1
334	0	0	0	0	0	0	0	0	0	0	0	0	0	2	2	0	0	0	1	0	1	1	1	1	1	1	0	0	0	1	1	0	0	0	1	0	0	1	1	1	1	1	0	0	0	0	1	1	0	1	0	0	0	1	2	0	0	0	0	1	0	0	0	0	1	0	0	0	0	0	1	0	1	0	0	0	1	1	1	0	1	1	0	1	0	1	0	0	0	1	0	1	0	1	2	1	2	2	1	2	2	0	0	2	2	0	1	2	1	2	2	2	1	2	2	1	0	1	1	1	2	2	2	2	1	2	2	2	2	1	2	2	1	1	2	2	2	1	1	2	2	0	1	0	0	0	1	0	0	1	1	1	0	0	1	1	0	0	1	0	0	1	2	2	0	2	1	2	0	1	1	2	1	1	2	1	1	1	2	1	2	2	1	1	1	1	1	2	1	0	0	1	0	1	1	1	0	0	0	0	0	0	0	0	0	0	0	2	0	0	0	0	0	0	0	0	0	0	0	0	0	0	0	0	0	0	0	0	0	0	0	0	0	0	1	0	0	1	2	1	1	2	1	2	2	1	2	2	2	1	0
335	2	2	2	2	2	2	2	2	2	2	0	2	2	2	2	2	0	0	0	0	0	0	0	0	2	2	0	0	0	2	2	1	0	0	0	0	0	0	2	1	1	0	0	0	0	0	0	0	0	2	0	0	0	0	2	0	0	0	0	0	0	0	0	0	0	0	0	0	0	0	2	0	0	0	0	0	0	0	0	0	0	0	0	2	0	0	0	0	0	0	0	0	0	0	2	0	2	2	0	2	2	0	0	2	2	0	0	2	2	2	2	2	0	2	2	0	0	0	0	1	2	2	2	2	1	2	2	2	2	0	2	2	0	1	2	2	2	0	0	2	2	1	0	0	0	0	2	0	0	2	2	2	0	0	2	2	0	1	1	0	0	1	2	2	0	2	1	2	0	0	1	2	1	0	2	1	1	0	2	0	2	2	1	1	0	0	1	2	0	0	0	0	0	0	0	0	1	0	0	0	0	0	0	0	0	0	0	2	0	0	0	0	0	0	0	0	0	0	0	0	1	1	1	1	0	0	0	0	0	0	0	0	0	0	0	0	0	2	2	2	2	2	2	2	2	2	0	0	0	0	0
336	1	0	0	0	0	0	0	0	0	1	0	1	1	2	2	1	0	0	1	0	0	0	0	0	2	2	0	0	0	1	1	1	0	1	1	0	0	1	1	0	0	1	0	0	1	0	1	1	0	1	0	0	0	1	1	0	0	0	0	1	0	1	0	0	1	0	0	1	1	0	0	0	1	0	0	0	1	1	1	0	1	1	0	1	0	1	0	0	0	1	0	1	0	1	2	1	2	2	1	2	2	0	0	2	2	0	1	2	1	2	2	2	1	2	2	1	0	1	1	1	1	1	1	1	1	1	1	1	1	1	1	1	1	1	1	1	1	1	1	2	1	0	1	0	0	0	1	0	0	1	1	1	0	0	1	1	1	0	0	1	0	1	1	1	0	1	1	1	0	1	1	1	1	1	1	1	1	1	1	1	1	1	1	1	1	1	1	1	1	1	0	2	0	2	2	2	0	0	0	0	0	0	0	0	0	0	0	2	0	0	0	0	0	0	0	0	0	0	0	0	0	0	0	0	0	0	0	0	0	0	0	0	0	0	2	0	0	1	2	1	1	2	1	2	2	1	1	1	2	1	0
337	0	0	0	0	0	0	0	0	0	0	1	0	0	1	1	0	0	1	2	0	2	1	2	2	0	0	1	1	1	2	2	1	1	1	0	1	1	0	2	2	2	0	1	1	0	1	1	0	1	2	1	1	1	0	2	1	1	1	1	0	1	0	1	1	0	1	1	0	0	1	1	1	0	1	1	1	0	0	0	1	0	0	0	1	0	0	0	0	0	1	0	0	0	0	1	0	1	1	0	1	1	0	0	1	1	0	0	1	0	1	1	1	0	1	1	0	0	2	0	0	1	1	0	1	0	1	1	1	1	0	1	1	0	0	1	1	1	0	0	1	1	0	0	0	0	0	2	0	0	2	2	2	0	0	2	2	1	0	1	1	0	0	2	2	1	2	1	2	1	1	1	2	1	1	2	1	1	1	2	1	2	2	1	1	1	1	1	2	1	0	0	1	0	1	1	1	1	0	0	0	0	0	0	0	0	0	0	2	0	0	0	0	0	0	0	0	0	0	0	0	0	0	0	0	0	0	0	0	0	0	0	0	0	0	0	0	0	2	2	2	2	2	2	2	2	2	1	1	1	0	0
338	0	0	1	1	1	1	1	1	1	1	0	1	1	2	2	1	0	0	0	0	0	0	0	0	2	2	0	0	0	1	1	0	0	0	1	0	0	1	1	0	1	1	0	0	1	0	1	1	0	1	0	0	0	1	2	0	0	0	0	1	0	0	0	0	1	0	0	0	0	0	2	0	1	0	0	0	1	1	1	0	1	1	0	1	0	1	0	0	0	0	0	1	0	1	2	1	2	2	1	2	2	0	0	2	2	0	1	2	2	2	2	2	1	2	2	1	0	0	1	1	2	2	2	2	2	2	2	2	2	1	2	2	1	2	2	2	2	1	1	1	2	0	1	0	0	0	1	0	0	1	1	1	0	0	1	1	0	0	0	0	0	1	2	2	0	2	1	2	0	1	1	2	1	1	2	1	1	1	2	1	2	2	1	1	1	1	1	2	1	0	0	1	0	1	1	1	0	0	0	0	0	0	0	0	0	0	0	2	0	0	0	0	0	1	0	0	0	0	0	0	0	0	0	0	0	0	0	0	0	0	0	0	0	0	1	0	0	1	2	1	1	2	1	2	2	1	2	2	2	1	0
339	1	1	1	1	1	1	1	1	1	1	0	1	1	2	2	1	0	0	0	0	0	0	0	0	2	2	0	0	0	2	2	1	0	0	0	0	0	0	2	1	0	0	0	0	0	0	0	0	0	2	0	0	0	0	2	0	0	0	0	0	0	0	0	0	0	0	0	0	0	0	2	0	0	0	0	0	0	0	0	0	0	0	0	2	0	0	0	0	0	0	0	1	0	1	2	1	2	2	1	2	2	0	0	2	2	0	1	2	2	2	2	2	0	2	2	0	0	1	0	0	2	2	1	2	1	2	2	2	2	0	2	2	0	1	2	2	2	0	0	0	2	0	0	0	0	0	2	0	0	2	2	2	0	0	2	2	0	0	0	0	0	1	2	2	0	2	1	2	0	1	1	2	1	1	2	1	1	1	1	1	1	2	1	1	1	1	1	2	1	0	0	1	0	1	1	1	0	0	0	0	0	0	0	0	0	0	0	2	0	0	0	0	0	0	0	0	0	0	0	0	0	0	0	0	0	0	0	0	0	0	0	0	0	0	1	0	0	1	2	1	1	2	1	2	2	1	1	1	1	1	0
340	0	0	0	0	0	0	0	0	0	1	0	1	1	2	2	1	0	0	1	0	0	1	1	1	2	2	0	0	0	2	2	0	0	1	0	0	0	0	2	2	2	0	0	0	0	0	0	0	0	2	0	0	0	2	2	1	1	1	1	0	1	0	1	1	0	0	0	0	0	1	1	1	0	1	1	1	0	0	0	1	0	0	0	1	0	0	0	0	0	0	0	0	0	0	1	0	1	1	0	1	1	0	0	1	1	0	0	1	1	1	1	1	0	1	1	0	0	1	0	0	1	1	1	1	1	1	1	1	1	0	1	1	0	1	1	1	1	0	0	2	1	0	0	0	0	0	2	0	0	2	2	2	0	0	2	2	1	0	0	1	0	0	2	2	0	2	2	2	0	2	2	2	2	2	2	0	0	2	2	2	2	2	2	2	2	1	2	2	2	0	0	1	0	0	0	0	2	0	0	0	0	0	0	0	0	0	0	2	0	0	0	0	0	0	0	0	0	0	0	0	2	0	2	0	0	0	0	0	0	0	0	0	0	0	0	0	0	2	2	2	2	2	2	2	2	2	0	0	2	0	0
341	2	2	2	1	1	1	1	1	1	2	0	2	2	2	2	2	1	0	1	0	1	1	1	1	2	2	0	0	0	2	2	1	0	0	0	0	0	0	2	1	1	0	0	0	0	0	0	0	0	2	0	0	0	0	2	0	0	0	0	0	0	0	0	0	0	0	0	0	0	0	1	0	0	0	0	0	0	0	0	0	0	0	0	2	0	0	0	0	0	1	0	1	0	0	2	0	2	2	1	2	2	0	0	2	2	0	1	2	1	2	2	2	0	2	2	1	0	1	1	1	2	2	2	2	1	2	2	2	2	1	2	2	0	1	2	2	2	0	0	1	2	0	0	0	0	0	2	0	0	2	2	2	0	0	2	2	0	0	0	1	1	1	2	2	0	2	0	2	0	0	0	2	0	0	2	2	2	0	1	0	1	2	0	0	0	0	0	2	0	0	1	0	1	0	0	0	0	1	2	2	2	2	2	2	2	2	2	0	2	2	1	2	2	1	2	2	2	2	1	2	2	1	2	1	1	1	1	1	1	1	1	1	1	1	1	1	1	1	2	1	1	1	1	1	1	1	1	1	1	1	1
342	1	1	1	1	1	1	1	1	1	2	0	2	2	2	2	2	0	0	0	0	0	0	0	0	2	2	0	0	0	2	2	2	0	2	0	0	0	0	2	0	0	0	0	0	1	0	0	0	0	2	0	0	0	0	2	0	0	0	0	0	0	0	0	0	0	0	0	0	0	0	0	0	0	0	0	0	0	0	0	0	0	0	0	2	0	0	0	0	0	0	0	0	0	0	2	0	2	2	0	2	2	1	0	2	2	0	0	2	0	2	2	2	0	2	2	0	0	0	0	0	2	2	2	2	2	2	2	2	2	0	2	2	0	2	2	2	2	0	0	2	2	0	0	0	0	0	2	0	0	2	2	1	0	0	2	2	0	0	0	0	0	0	2	2	0	2	0	2	0	0	0	2	0	0	2	2	2	0	2	0	2	2	0	0	0	0	0	2	0	0	0	0	0	0	0	0	0	0	2	2	2	2	2	2	2	2	2	0	2	2	1	2	2	1	2	2	2	2	1	2	2	0	2	0	0	0	0	0	0	0	0	0	0	0	0	0	0	2	2	2	2	2	2	2	2	2	0	0	0	0	0
343	0	0	0	0	0	0	0	0	0	0	0	0	0	2	2	1	0	0	1	0	1	1	1	2	0	0	0	0	0	2	2	0	0	0	0	0	0	0	2	2	2	0	0	0	1	0	0	0	0	2	0	0	0	1	2	0	0	0	0	0	0	0	0	0	0	0	0	0	0	0	1	0	0	0	0	0	0	0	0	0	0	0	0	2	0	0	0	0	0	2	0	0	0	0	2	0	2	2	0	2	2	0	0	2	2	0	0	2	0	1	2	2	0	2	2	0	0	2	0	0	2	2	2	2	0	2	2	2	2	0	2	2	0	0	2	2	2	0	0	2	2	0	0	0	0	0	2	0	0	2	2	2	0	0	2	2	0	0	1	1	2	0	2	2	0	2	0	2	0	0	0	2	0	0	2	2	2	0	1	0	0	1	0	0	0	0	0	1	0	1	0	0	0	0	0	0	1	0	0	0	0	0	0	0	0	0	0	2	0	0	0	0	0	0	0	0	0	0	0	0	1	0	1	0	0	0	0	0	0	0	0	0	0	0	0	0	0	2	2	2	2	2	2	2	2	2	0	0	1	0	0
344	0	0	1	1	1	1	1	1	1	2	0	2	2	2	2	1	0	0	0	0	0	0	0	0	2	2	0	0	0	2	2	0	0	0	0	1	0	0	2	1	2	0	0	0	0	0	0	0	0	2	0	0	0	1	2	0	0	0	0	0	0	0	0	0	0	0	0	0	0	0	2	0	0	0	0	0	0	0	0	0	0	0	0	2	0	0	0	0	0	0	0	0	0	0	2	0	2	2	0	2	2	0	0	1	2	0	0	2	2	2	2	2	0	2	2	0	0	0	0	0	2	2	2	2	2	2	2	2	2	0	2	2	0	2	2	2	2	0	0	0	2	0	0	0	0	0	2	0	0	2	2	2	0	1	2	2	0	1	1	1	1	0	2	2	0	2	1	2	0	1	1	2	1	1	2	1	1	1	1	1	1	2	1	1	1	1	1	2	1	0	0	1	0	1	1	1	1	0	0	0	0	0	0	0	0	0	0	2	0	0	0	0	0	0	0	0	0	0	0	0	1	0	1	0	0	0	0	0	0	0	0	0	0	0	1	0	0	2	2	1	1	2	1	2	2	1	1	1	1	0	0
345	1	1	1	1	1	1	1	1	1	1	0	1	1	2	2	1	0	0	1	0	1	1	1	1	1	1	0	0	0	2	2	0	0	0	0	0	0	0	2	2	2	0	0	0	0	0	0	0	0	2	0	0	0	1	2	0	0	0	0	0	0	0	0	0	0	0	0	0	0	0	1	0	0	0	0	0	0	0	0	0	0	0	0	2	0	0	0	0	0	2	0	0	0	0	2	0	2	2	0	1	2	0	0	2	2	0	0	2	0	2	2	2	0	2	2	0	0	2	0	0	2	2	2	2	0	2	2	2	2	0	2	2	0	0	2	2	2	0	0	2	2	0	0	0	0	0	2	0	0	2	2	2	0	0	2	2	0	0	1	1	2	0	2	2	0	2	0	2	0	0	0	2	0	0	2	2	2	0	1	0	0	1	0	0	0	0	0	1	0	1	0	0	0	0	0	0	0	0	1	1	1	1	1	1	1	1	1	1	1	1	0	1	1	0	1	1	1	1	0	1	1	0	1	0	0	0	0	0	0	0	0	0	0	0	0	0	0	2	2	2	2	2	2	2	2	2	0	0	0	0	0
346	1	1	1	1	1	1	1	1	1	1	0	1	1	2	2	2	0	0	0	0	0	0	0	1	1	1	0	0	0	2	2	1	0	1	0	0	0	0	2	1	1	0	0	0	2	0	0	0	0	2	0	0	0	1	2	0	0	0	0	0	0	0	0	0	0	0	0	0	0	0	1	0	0	0	0	0	0	0	0	0	0	0	0	2	0	0	0	0	0	1	0	0	0	0	2	0	2	2	0	2	2	0	0	2	2	0	0	2	0	2	2	2	0	2	2	0	0	1	0	0	2	2	2	2	1	2	2	2	2	0	2	2	0	1	2	2	2	0	0	2	2	0	0	0	0	0	2	0	0	2	2	1	0	0	2	2	0	0	0	1	0	0	2	2	0	2	0	2	0	0	0	2	0	0	2	2	2	0	1	0	1	2	0	0	0	0	0	2	0	0	0	0	0	0	0	0	1	0	1	1	1	1	1	1	1	1	1	1	1	1	0	1	1	0	1	1	1	1	0	1	2	0	2	0	0	0	0	0	0	0	0	0	0	0	0	0	0	2	2	2	2	2	2	2	2	2	0	0	1	0	0
347	2	2	2	1	2	2	2	2	2	2	0	2	2	2	2	1	0	0	0	0	0	0	0	0	2	2	0	0	0	1	1	0	0	0	1	1	0	1	1	0	0	1	0	0	0	0	0	1	0	1	0	0	0	1	2	0	0	0	0	1	0	0	0	0	1	0	0	0	0	0	0	0	0	0	0	0	0	0	1	0	1	1	0	1	0	1	0	0	0	0	0	1	0	1	2	1	2	1	1	1	1	0	0	1	2	0	1	2	2	2	2	2	1	2	2	1	0	0	1	1	2	2	1	2	2	2	2	2	2	1	2	2	1	2	2	2	2	1	1	1	2	0	1	0	0	0	1	0	0	1	1	1	0	1	1	1	0	1	1	1	1	1	1	1	0	1	1	1	0	1	1	1	1	1	1	1	1	1	1	1	1	1	1	1	1	1	1	1	1	1	1	1	1	1	1	1	0	1	1	1	1	1	1	1	1	1	1	1	1	1	1	1	1	1	1	1	1	1	1	1	1	1	1	1	1	1	1	1	1	1	1	1	1	1	2	1	1	0	2	0	0	1	0	1	1	0	2	2	2	2	1
348	1	0	0	0	0	0	0	0	0	1	0	1	1	2	2	1	0	0	0	0	0	0	0	0	2	2	0	0	0	1	1	0	0	0	1	0	0	1	1	1	1	1	0	0	0	0	1	1	0	1	0	0	0	2	2	0	0	0	0	1	0	0	0	0	1	0	0	0	0	0	2	0	1	0	0	0	1	1	1	0	1	1	0	1	0	1	0	0	0	0	0	1	0	1	2	1	2	2	1	2	2	0	0	1	2	0	1	2	2	2	2	2	1	2	2	1	0	0	1	1	2	2	2	2	2	2	2	2	2	1	2	2	1	2	2	2	2	1	1	1	2	0	1	0	0	0	1	0	0	1	1	1	0	1	1	1	0	1	1	1	1	1	2	2	0	2	2	2	0	2	2	2	2	2	2	0	0	2	2	2	2	2	2	2	2	2	2	2	2	0	0	2	0	2	2	2	0	0	0	0	0	0	0	0	0	0	0	2	0	0	0	0	0	0	0	0	0	0	0	0	0	0	0	0	0	0	0	0	0	0	0	0	0	0	2	0	0	0	2	0	0	2	0	2	2	0	2	2	1	1	0
349	1	0	1	1	0	0	0	0	0	1	0	1	1	2	2	1	0	0	1	0	1	1	1	1	1	1	0	0	0	2	2	0	0	0	0	0	0	0	2	2	2	0	0	0	0	0	0	0	0	2	0	0	0	1	2	0	0	0	0	0	0	0	0	0	0	0	0	0	0	0	1	0	0	0	0	0	0	0	0	0	0	0	0	2	0	0	0	0	0	2	0	0	0	0	2	0	2	2	0	2	2	0	0	2	2	0	0	2	0	2	2	2	0	2	2	0	0	2	0	0	2	2	2	2	0	2	2	2	2	0	2	2	0	0	2	2	2	0	0	1	1	0	0	0	0	0	2	0	0	2	2	2	0	0	2	2	1	0	0	2	1	0	2	2	0	2	0	2	0	0	0	2	0	0	2	2	2	0	1	0	1	2	0	0	0	0	0	2	0	0	0	0	0	0	0	0	0	0	1	1	1	1	1	0	1	1	1	1	1	1	0	1	1	0	1	1	1	0	0	1	1	0	1	0	0	0	0	0	0	0	0	0	0	0	0	0	0	1	2	1	1	2	2	2	2	1	1	1	1	0	1
350	1	1	1	1	1	1	1	1	1	1	0	1	1	2	2	2	0	0	1	0	0	1	1	1	2	2	0	0	0	2	2	1	0	1	0	0	0	0	2	1	1	0	0	0	0	0	0	0	0	2	0	0	0	1	2	0	0	0	0	0	0	0	0	0	0	0	0	0	0	0	2	0	0	0	0	0	0	0	0	0	0	0	0	2	0	0	0	0	0	1	0	0	0	0	2	0	2	2	0	2	2	0	0	2	2	0	0	2	1	2	2	2	0	2	2	0	0	1	0	0	2	2	1	2	1	2	2	2	2	0	2	2	0	1	2	2	2	0	0	2	2	0	0	0	0	0	2	0	0	2	2	2	0	0	2	2	0	0	0	1	1	0	2	2	0	2	1	2	0	1	1	2	1	1	2	1	1	1	1	1	1	2	1	1	1	0	1	2	1	0	0	0	0	0	0	0	1	0	1	1	1	1	1	1	1	1	1	1	1	1	0	1	1	0	1	1	1	1	0	1	2	0	2	0	0	0	0	0	0	0	0	0	0	0	0	0	0	2	2	2	2	2	2	2	2	2	0	0	1	0	0
351	1	1	1	1	1	1	1	1	1	1	0	1	1	2	2	1	0	0	1	0	1	1	1	1	2	2	0	0	0	2	2	0	0	0	0	0	0	0	2	2	2	0	0	0	1	0	0	0	0	2	0	0	0	1	2	0	0	0	0	0	0	0	0	0	0	0	0	0	0	0	2	0	0	0	0	0	0	0	0	0	0	0	0	2	0	0	0	0	0	1	0	0	0	0	2	0	2	2	0	2	2	0	0	2	2	0	0	2	1	2	2	2	0	2	2	0	0	2	0	0	1	1	1	1	0	1	1	1	1	0	1	1	0	0	1	1	1	0	0	2	1	0	0	0	0	0	2	0	0	2	2	2	0	0	2	2	1	0	1	1	1	0	2	2	0	2	0	2	0	0	0	2	0	0	2	2	2	0	1	0	0	1	0	0	0	0	0	1	0	1	0	0	0	0	0	0	0	0	0	0	0	0	0	0	0	0	0	2	0	0	0	0	0	0	0	0	0	0	0	0	0	0	0	0	0	0	0	0	0	0	0	0	0	0	0	0	0	2	2	2	2	2	2	2	2	2	0	0	0	0	0
352	1	1	1	1	1	1	1	1	1	1	0	1	1	2	2	2	0	0	0	0	0	0	0	0	2	2	0	0	0	1	1	0	0	0	1	0	0	1	1	1	1	1	0	0	0	0	1	1	0	1	0	0	0	1	2	0	0	0	0	1	0	0	0	0	1	0	0	0	0	0	2	0	1	0	0	0	1	1	1	0	1	1	0	1	0	1	0	0	0	0	0	2	0	1	2	1	2	2	2	2	2	0	0	2	2	0	2	2	2	2	2	2	1	2	2	2	0	0	2	1	2	2	2	2	2	2	2	2	2	2	2	2	1	2	2	2	2	1	1	1	1	0	1	0	0	0	1	0	0	1	1	1	0	0	1	1	0	0	0	0	0	1	2	1	0	2	2	2	0	2	2	2	2	1	2	0	0	2	2	2	2	2	2	2	2	2	2	2	1	0	0	1	0	2	1	1	1	0	0	0	0	0	0	0	0	0	0	2	0	0	0	0	0	0	0	0	0	0	0	0	0	0	0	0	1	0	0	0	0	0	0	0	0	0	1	0	0	1	2	1	1	2	1	2	2	1	1	1	1	1	0
353	2	1	1	1	2	2	2	2	2	2	0	2	2	2	2	1	0	0	0	0	0	0	0	0	2	2	0	0	0	1	1	0	0	0	1	0	0	1	1	1	1	1	0	0	0	0	1	1	0	1	0	0	0	1	2	0	0	0	1	0	0	0	0	0	1	0	0	0	0	0	1	0	1	0	0	0	1	1	1	0	1	1	0	1	0	1	0	0	0	0	0	2	0	2	1	2	2	2	2	0	0	0	0	0	2	0	2	2	2	1	2	2	2	2	1	1	0	1	1	1	2	2	2	2	1	2	2	2	2	1	2	2	1	1	2	2	2	0	0	0	2	0	0	0	0	0	2	0	0	1	1	1	0	0	1	1	0	0	0	0	0	1	2	1	0	1	0	2	0	0	0	2	0	0	2	2	2	0	1	0	1	2	0	1	0	0	0	2	0	0	0	0	0	0	0	0	0	0	0	0	0	0	0	0	0	0	0	1	0	0	0	0	0	0	0	0	0	0	0	0	0	0	0	0	0	0	0	0	0	0	0	0	0	0	0	0	0	2	2	2	2	2	2	2	2	2	1	1	1	0	0
354	1	0	1	1	0	0	0	0	0	1	0	1	1	2	2	2	0	0	1	0	1	0	1	1	2	2	0	0	0	2	2	0	0	0	0	0	0	0	2	2	2	0	0	0	0	0	0	0	0	2	0	0	0	2	2	0	0	0	0	0	0	0	0	0	0	0	0	0	0	0	2	0	0	0	0	0	0	0	0	0	0	0	0	2	0	0	0	0	0	1	0	0	0	0	2	0	2	2	0	2	2	0	0	2	2	0	0	2	1	2	2	2	0	2	2	0	0	1	0	0	2	2	1	2	1	2	2	2	2	0	2	2	0	1	2	2	2	0	0	2	2	0	0	0	0	0	2	0	0	2	2	1	0	1	2	2	0	1	1	2	2	0	2	2	0	2	1	2	0	0	0	2	0	0	2	2	2	0	0	0	0	2	0	0	0	0	0	2	0	0	0	0	0	0	0	0	0	1	2	2	2	2	2	1	2	1	2	1	2	2	1	1	2	0	2	2	2	1	1	2	2	0	2	0	0	0	0	0	0	0	0	0	0	0	0	0	0	1	2	1	1	2	1	2	2	1	1	1	1	1	0
355	0	0	0	1	1	1	1	1	1	1	0	1	1	2	2	1	0	0	0	0	0	0	0	0	2	2	0	1	1	2	2	1	1	1	0	1	0	0	2	2	2	0	1	1	0	1	1	0	1	2	1	1	1	0	2	0	0	0	0	0	0	0	0	0	0	0	0	0	0	0	2	0	0	0	0	0	0	0	0	0	0	0	0	2	0	0	0	0	0	1	0	1	0	1	2	1	2	2	1	2	2	0	0	2	2	0	1	2	1	2	2	2	0	2	2	0	0	2	0	0	2	2	2	2	0	2	2	2	2	0	2	2	0	0	2	2	2	0	0	1	2	0	0	0	0	0	2	0	0	2	2	2	0	0	2	2	0	0	0	1	1	1	2	2	0	2	0	2	0	0	0	2	0	0	2	2	2	0	0	0	0	2	0	0	0	0	0	2	0	0	0	0	0	0	0	0	0	0	1	1	1	1	1	1	1	1	1	1	1	1	0	1	1	0	1	1	1	1	0	1	1	1	1	1	0	0	0	0	0	0	0	0	0	0	0	0	0	2	2	2	2	2	2	2	2	2	0	0	0	1	1
356	1	1	1	1	1	1	1	1	1	2	0	2	2	2	2	2	0	0	0	0	0	0	0	0	2	2	0	0	0	2	2	0	0	0	0	0	0	0	2	2	2	0	0	0	0	0	1	0	0	2	0	0	0	1	2	0	0	0	0	0	0	0	0	0	0	0	0	0	0	0	2	0	0	0	0	0	0	0	0	0	0	0	0	2	0	0	0	0	0	0	0	1	0	1	2	1	2	2	1	2	2	0	0	2	2	0	1	2	2	2	2	2	0	2	2	1	0	2	0	1	1	1	1	1	1	1	1	1	1	1	1	1	0	1	1	1	1	1	0	2	1	0	1	0	0	0	2	0	0	2	2	1	0	0	2	1	1	0	0	1	0	1	2	2	0	1	1	1	0	1	1	1	1	1	1	1	1	1	1	1	1	1	1	1	1	0	1	1	1	1	1	1	1	0	0	0	0	1	1	1	1	1	1	1	1	1	1	1	1	1	1	1	1	1	1	1	1	1	1	1	1	1	1	1	1	1	1	1	1	1	1	1	1	1	1	1	0	1	2	1	1	1	1	1	1	1	1	1	1	1	1
357	0	0	0	0	0	0	0	0	0	1	0	1	1	2	2	2	0	0	1	0	0	1	1	1	2	2	0	0	0	2	2	1	0	1	0	0	0	0	2	1	1	0	0	0	0	0	0	0	0	2	0	0	0	1	2	0	0	0	0	0	0	0	0	0	0	0	0	0	0	0	2	0	0	0	0	0	0	0	0	0	0	0	0	2	0	0	0	0	0	1	0	0	0	0	2	0	2	2	0	2	2	0	0	2	2	0	0	2	1	2	2	2	0	2	2	0	0	1	0	0	2	2	2	2	1	2	2	2	2	0	2	2	0	1	2	2	2	0	0	2	2	0	0	0	0	0	2	0	0	2	2	2	0	0	2	2	0	0	0	1	1	0	2	2	0	2	1	2	0	1	1	2	1	1	2	1	1	1	1	1	1	2	1	1	1	0	1	2	1	0	0	0	0	0	0	0	1	0	1	1	1	1	1	1	1	1	1	1	1	1	0	1	1	0	1	1	1	1	0	1	2	0	2	0	0	0	0	0	0	0	0	0	0	0	0	0	0	2	2	2	2	2	2	2	2	2	0	0	1	0	0
358	1	1	1	1	1	1	1	1	1	1	0	1	1	2	2	2	1	0	2	0	1	2	2	2	1	1	0	0	0	1	1	0	0	1	1	0	0	1	1	1	1	1	0	0	0	0	1	1	0	1	0	0	0	2	2	0	1	0	0	1	0	0	0	0	0	0	0	0	0	0	2	0	1	0	0	1	1	1	1	0	1	1	0	1	0	1	0	0	0	0	0	1	0	1	2	1	2	2	1	2	2	0	0	2	2	0	1	2	2	2	2	2	1	2	2	1	0	0	1	0	2	2	2	2	2	2	2	2	2	1	2	2	1	2	2	2	2	1	1	2	2	0	1	0	0	0	1	0	0	1	1	1	0	0	1	1	0	0	0	0	0	1	1	2	0	2	1	2	0	1	1	2	1	1	2	1	1	1	1	1	1	2	1	1	1	0	1	2	1	0	0	0	0	0	0	0	1	0	0	0	0	0	0	0	0	0	0	2	0	0	0	0	0	0	0	0	0	0	0	0	2	0	2	0	0	0	0	0	0	0	0	0	0	0	0	0	0	2	2	2	2	2	2	2	2	2	0	0	2	0	0
359	1	0	1	1	0	0	0	0	0	1	0	1	1	2	2	2	0	0	2	0	1	2	2	2	1	1	1	1	1	2	2	1	1	2	0	1	0	0	2	2	2	0	0	0	0	0	0	0	0	2	0	0	1	0	2	1	1	1	1	0	1	0	1	1	0	0	0	0	0	1	1	1	0	1	1	1	0	0	0	1	0	0	0	1	0	0	0	0	0	1	0	0	0	0	1	0	1	1	0	1	1	0	0	1	1	0	0	1	0	1	1	1	0	1	1	0	0	1	0	1	2	2	2	2	0	2	2	2	2	0	2	2	0	0	2	2	2	0	0	1	2	0	0	0	0	0	2	0	0	2	2	1	0	0	2	2	0	0	1	0	1	1	2	2	0	2	1	2	0	1	1	2	1	1	2	1	1	1	2	1	2	2	1	1	1	1	1	2	1	0	0	1	0	1	1	1	0	0	0	0	0	0	0	0	0	0	0	2	0	0	0	0	0	0	0	0	0	0	0	0	0	0	0	0	0	0	0	0	0	0	0	0	0	0	1	0	0	2	2	1	1	2	1	2	2	1	2	2	1	0	0
360	0	0	0	0	0	0	0	0	0	0	0	0	0	2	2	0	0	0	2	0	1	1	1	1	1	1	1	1	1	2	2	1	1	1	0	1	0	0	2	2	2	0	1	1	1	1	1	0	0	2	1	1	1	0	2	1	1	1	1	0	1	0	1	1	0	0	0	0	0	0	0	1	0	1	1	1	0	0	0	1	0	0	0	1	0	0	0	0	0	1	0	0	0	0	1	0	1	1	0	1	1	0	0	1	1	0	0	1	0	1	1	1	0	1	1	0	0	2	0	0	1	1	1	1	0	1	1	1	1	0	1	1	0	0	1	1	1	0	0	2	1	0	0	0	0	0	2	0	0	2	2	2	0	0	2	2	1	0	1	1	1	0	2	2	0	2	1	2	0	1	1	2	1	1	2	1	1	1	2	1	2	2	1	1	1	1	1	2	1	0	0	1	0	1	1	1	0	0	0	0	0	0	0	0	0	0	0	2	0	0	0	0	0	0	0	0	0	0	0	0	0	0	0	0	0	0	0	0	0	0	0	0	0	0	1	0	0	1	2	1	1	2	1	2	2	1	2	2	2	1	0
361	1	1	1	1	1	1	1	1	1	2	0	2	2	2	2	2	0	0	0	0	0	0	0	0	2	2	0	0	0	2	2	0	0	0	0	0	0	0	1	2	2	0	0	0	0	0	1	0	0	2	0	0	0	1	2	0	0	0	0	0	0	0	0	0	0	0	0	0	0	0	2	0	0	0	0	0	0	0	0	0	0	0	0	2	0	0	0	0	0	0	0	1	0	1	2	1	2	2	1	2	2	0	0	2	2	0	1	2	2	2	2	2	0	2	2	0	0	2	0	0	1	1	1	1	0	1	1	1	1	0	1	1	0	0	1	1	1	0	0	1	1	0	0	0	0	0	2	0	0	2	2	2	0	0	2	2	1	0	0	1	0	1	2	2	0	2	1	2	0	1	1	2	1	1	2	1	1	1	2	1	1	1	1	1	1	0	1	1	1	1	0	1	0	0	0	0	0	0	0	0	0	0	0	0	0	0	0	2	0	0	0	0	0	0	0	0	0	0	0	0	0	0	0	0	0	0	0	0	0	0	0	0	0	0	0	0	0	2	2	2	2	2	2	2	2	2	0	0	0	0	0
362	0	0	0	0	0	0	0	0	0	0	0	0	0	2	2	1	0	0	2	0	1	2	2	2	1	1	0	0	0	2	2	1	0	1	0	0	0	0	2	2	2	0	0	0	0	0	0	0	0	2	0	0	0	2	2	0	0	0	0	0	0	0	0	0	0	0	0	0	0	0	2	0	0	0	0	0	0	0	0	0	0	0	0	2	0	0	0	0	0	0	0	0	0	0	2	0	2	2	0	2	2	0	0	2	2	0	0	2	2	2	2	2	0	2	2	0	0	0	0	0	2	2	1	2	2	2	2	2	2	0	2	2	0	2	2	2	2	0	0	2	2	0	0	0	0	0	2	0	0	2	2	2	0	1	2	2	0	1	1	1	1	0	2	2	0	2	2	2	0	2	2	2	2	2	2	0	0	2	2	2	2	2	2	2	2	1	2	2	2	0	0	1	0	1	1	1	1	0	0	0	0	0	0	0	0	0	0	2	0	0	0	0	0	0	0	0	0	0	0	0	1	0	1	0	0	0	0	0	0	0	0	0	0	0	1	0	0	1	2	1	1	2	1	2	2	1	1	1	1	0	0
363	1	1	1	1	1	1	1	1	1	1	0	1	1	2	2	1	0	0	1	0	1	1	1	1	1	1	0	0	0	2	2	0	0	0	0	0	0	0	2	1	1	0	0	0	0	0	0	0	0	2	0	0	0	0	2	0	0	0	0	0	0	0	0	0	0	0	0	0	0	0	1	0	0	0	0	0	0	0	0	0	0	0	0	2	0	0	0	0	0	1	0	0	0	0	2	0	2	2	0	2	2	0	0	2	2	0	0	2	1	2	2	2	0	2	2	0	0	1	0	0	2	2	2	2	1	2	2	2	2	0	2	2	0	1	2	2	2	0	0	2	2	0	0	0	0	0	2	0	0	2	2	2	0	0	2	2	0	0	1	0	1	0	2	2	0	2	0	2	0	0	0	2	0	0	2	2	2	0	1	0	1	2	0	0	0	0	0	2	0	0	0	0	0	0	0	0	0	0	1	1	1	1	1	1	1	1	1	1	1	1	0	1	1	0	1	1	1	1	0	1	1	0	1	0	0	0	0	0	0	0	0	0	0	0	0	0	0	2	2	2	2	2	2	2	2	2	2	2	2	0	0
364	2	1	1	1	0	1	1	1	1	2	0	2	2	2	2	2	1	0	0	0	0	0	0	0	2	2	0	0	0	2	2	1	0	0	0	0	0	0	2	2	1	0	0	0	0	0	0	0	0	2	0	0	0	1	1	0	1	0	0	1	0	1	0	0	1	0	0	1	1	0	2	0	1	0	0	0	1	1	1	0	1	1	1	1	1	1	1	1	1	1	1	1	1	1	2	1	2	2	1	2	2	1	1	2	2	1	1	2	1	2	2	2	1	2	1	1	0	1	1	1	2	2	2	1	1	2	2	2	2	1	2	2	1	1	2	1	2	1	1	1	2	1	1	1	1	1	1	1	1	1	1	1	1	1	1	0	0	1	1	0	0	1	1	1	0	1	1	1	0	1	0	1	1	1	1	1	1	1	1	1	1	1	1	1	1	1	1	1	1	1	0	2	0	2	2	2	0	0	0	0	0	0	0	0	0	0	0	2	0	0	0	0	0	0	0	0	0	0	0	0	0	0	0	0	0	0	0	0	0	0	0	0	0	0	1	0	0	0	2	0	0	2	1	2	2	0	2	2	2	1	1
365	1	0	1	0	1	0	0	0	0	1	0	1	1	2	2	2	0	0	1	0	0	1	1	1	2	2	0	0	0	2	2	1	0	1	0	0	0	0	2	1	1	0	0	0	0	0	0	0	0	2	0	0	0	1	2	0	0	0	0	0	0	0	0	0	0	0	0	0	0	0	1	0	0	0	0	0	0	0	0	0	0	0	0	2	0	0	0	0	0	0	0	0	0	0	2	0	2	2	0	2	2	0	0	2	2	0	0	2	1	2	2	2	0	2	2	0	0	0	0	0	2	2	2	2	2	2	2	2	2	0	2	2	0	2	2	2	2	0	0	2	2	0	0	0	0	0	2	0	0	2	2	2	0	0	2	2	0	0	0	0	0	0	2	2	0	2	1	2	0	1	1	2	1	1	2	1	1	1	2	1	2	2	1	1	1	0	1	2	1	0	0	0	0	0	0	0	1	0	1	1	1	1	1	1	1	1	1	1	1	1	0	1	1	0	1	1	1	1	0	1	2	1	2	1	0	0	0	0	0	0	0	0	0	0	0	0	0	2	2	2	2	2	2	2	2	2	0	0	1	1	1
366	2	2	2	2	2	2	2	2	2	2	0	2	2	2	2	2	1	0	1	0	1	1	1	1	1	1	0	0	0	1	1	1	0	0	1	0	0	1	1	0	0	1	0	0	0	0	1	1	0	1	0	0	0	1	2	0	0	0	0	1	0	0	0	0	0	0	0	0	0	0	2	0	1	0	0	1	1	1	1	0	1	1	0	1	0	1	0	0	0	1	0	1	0	1	2	1	2	2	1	2	2	0	0	2	2	0	1	2	1	2	2	2	1	2	2	1	0	1	1	0	2	2	2	2	1	2	2	2	2	1	2	2	1	1	2	2	2	1	1	2	2	0	1	0	0	0	1	0	0	1	1	1	0	0	1	1	0	0	0	2	1	1	1	2	0	2	0	2	0	0	0	2	0	0	2	2	2	0	0	0	0	2	0	0	0	0	0	2	0	0	0	0	0	0	0	0	0	0	0	0	0	0	0	0	0	0	0	2	0	0	0	0	0	0	0	0	0	0	0	0	2	0	2	0	0	0	0	0	0	0	0	0	0	0	0	0	0	2	2	2	2	2	2	2	2	2	0	0	2	0	0
367	0	0	1	1	1	1	1	1	1	1	0	1	1	2	2	1	0	0	0	0	0	0	0	0	2	2	0	0	0	1	1	0	0	0	1	0	0	1	1	0	1	1	0	0	1	0	1	1	0	1	0	0	0	1	2	0	0	0	0	1	0	0	0	0	1	0	0	0	0	0	2	0	1	0	0	0	1	1	1	0	1	1	0	1	0	1	0	0	0	0	0	1	0	1	2	1	2	2	1	2	2	0	0	2	2	0	1	2	2	2	2	2	1	2	2	1	0	0	1	1	2	2	2	2	2	2	2	2	2	1	2	2	1	2	2	2	2	1	1	1	2	0	1	0	0	0	1	0	0	1	1	1	0	0	1	1	0	0	0	0	0	1	2	2	0	2	1	2	0	1	1	2	1	1	2	1	1	1	1	1	1	2	1	1	1	1	1	2	1	0	0	1	0	1	1	1	1	0	0	0	0	0	0	0	0	0	0	2	0	0	0	0	0	0	0	0	0	0	0	0	1	0	1	0	0	0	0	0	0	0	0	0	0	0	1	0	0	1	2	1	1	2	1	2	2	1	1	1	2	1	0
368	1	0	0	0	1	0	0	0	0	1	0	1	1	2	2	2	0	0	1	0	0	1	1	1	2	2	0	0	0	2	2	0	0	1	0	0	0	0	2	2	2	0	0	0	0	0	0	0	0	2	0	0	0	1	2	0	1	0	0	0	0	0	0	0	0	0	0	0	0	0	2	0	0	0	0	0	0	0	0	0	0	0	0	2	0	0	0	0	0	0	0	0	0	0	2	0	2	2	0	2	2	0	0	2	2	0	0	2	2	2	2	2	0	2	2	0	0	0	0	1	2	2	1	2	1	2	2	2	2	0	2	2	0	1	2	2	2	0	0	2	2	0	0	0	0	0	2	0	0	2	2	2	0	0	2	2	0	0	0	0	0	0	2	2	0	2	1	2	0	1	1	2	1	1	2	1	1	1	2	1	2	2	1	1	1	0	1	2	1	0	0	0	0	0	0	0	1	0	0	0	0	0	0	0	0	0	0	2	0	0	0	0	0	0	0	0	0	0	0	0	1	0	1	0	0	0	0	0	0	0	0	0	0	0	0	0	0	2	2	2	2	2	2	2	2	2	0	0	1	0	0
369	1	1	1	1	1	1	1	1	1	1	0	1	1	2	2	2	0	0	1	0	0	1	1	1	2	2	0	0	0	2	2	1	0	1	0	0	0	0	2	0	1	0	0	0	1	0	0	0	0	2	0	0	0	0	2	0	0	0	0	0	0	0	0	0	0	0	0	0	0	0	1	0	0	0	0	0	0	0	0	0	0	0	0	2	0	0	0	0	0	0	0	0	0	0	2	0	2	2	0	2	2	0	0	2	2	0	0	2	1	2	2	2	0	2	2	0	0	0	0	1	2	2	1	2	2	2	2	2	2	0	2	2	0	2	2	2	2	0	0	1	2	0	0	0	0	0	2	0	0	2	2	2	0	0	2	2	0	0	0	0	0	0	2	2	0	2	0	2	0	0	0	2	0	0	2	2	2	0	1	0	1	2	0	0	0	0	0	2	0	0	0	0	0	0	0	0	1	0	1	1	1	1	1	1	1	1	1	1	1	1	0	1	1	0	1	1	1	1	0	1	2	0	2	0	0	0	0	0	0	0	0	0	0	0	0	0	0	2	2	2	2	2	2	2	2	2	0	0	1	0	0
370	2	1	2	1	2	1	1	1	1	2	0	2	2	2	2	2	1	0	1	0	1	1	1	1	1	1	0	0	0	2	2	2	0	0	0	0	0	0	2	0	0	0	0	0	0	0	0	0	0	2	0	0	0	1	2	0	0	0	0	0	0	0	0	0	0	0	0	0	0	0	1	0	0	0	0	0	0	0	0	0	0	0	0	2	0	0	0	0	0	1	0	0	0	0	2	0	2	2	0	2	2	0	0	2	2	0	0	2	0	2	2	2	0	2	2	0	0	2	0	0	2	2	2	2	0	2	2	2	2	0	2	2	0	0	2	2	2	0	0	2	2	1	1	0	0	0	2	1	0	2	2	2	1	0	2	2	0	1	1	2	2	0	2	2	0	2	0	2	0	0	0	2	0	0	2	2	2	0	0	0	0	2	0	0	0	0	0	2	0	0	0	0	0	0	0	0	0	0	2	2	2	2	2	2	2	2	2	1	2	2	0	1	2	0	2	2	2	2	0	2	2	0	2	0	0	0	0	0	0	0	0	0	0	0	0	0	0	2	2	2	2	2	2	2	2	2	0	0	0	0	0
371	1	1	1	1	1	1	1	1	1	2	0	2	2	2	2	2	1	0	1	0	1	1	1	1	1	1	0	0	0	1	1	0	0	0	1	0	0	1	1	1	1	1	0	0	0	0	1	1	0	1	0	0	0	2	2	0	0	0	0	1	0	0	0	0	0	0	0	0	0	0	2	0	1	0	0	1	1	1	1	0	1	1	0	1	0	1	0	0	0	0	0	1	0	1	2	1	2	2	1	2	2	0	0	2	2	0	1	2	2	2	2	2	1	2	2	1	0	0	1	0	2	2	2	2	2	2	2	2	2	1	2	2	1	2	2	2	2	1	1	2	2	0	1	0	0	0	1	0	0	1	1	1	0	1	1	1	0	1	1	1	1	1	1	2	0	2	1	2	0	1	1	2	1	1	2	1	1	1	1	1	1	2	1	1	1	1	1	2	1	0	0	1	0	1	1	1	0	0	0	0	0	0	0	0	0	0	0	2	0	0	0	0	0	0	0	0	0	0	0	0	1	0	1	0	0	0	0	0	0	0	0	0	0	0	1	0	0	1	2	1	1	2	1	2	2	1	1	1	1	0	0
372	0	0	0	0	0	0	0	0	0	1	0	1	1	2	2	1	0	0	1	0	0	0	0	0	2	2	1	1	1	2	2	1	1	1	0	1	0	0	2	2	2	0	1	1	1	1	1	0	0	2	1	1	1	1	2	1	1	1	1	0	1	0	1	1	0	0	0	0	0	1	2	1	0	1	1	1	0	0	0	1	0	0	0	1	0	0	0	0	0	0	0	1	0	0	1	0	1	1	1	1	1	0	0	1	1	0	1	1	1	1	1	1	0	1	1	1	0	1	1	0	1	1	1	1	1	1	1	1	1	1	1	1	0	1	1	1	1	0	0	0	1	0	0	0	0	0	2	0	0	2	2	2	0	0	2	2	1	0	0	1	0	1	2	2	0	2	1	2	0	1	1	2	1	1	2	1	1	1	2	1	2	2	1	1	1	1	1	2	1	0	1	1	1	1	1	1	0	1	1	1	1	1	1	1	1	1	1	1	1	1	1	1	1	1	1	1	1	1	1	1	1	1	1	1	1	1	1	1	1	1	1	1	1	1	2	1	1	0	2	0	0	1	0	1	1	0	2	2	2	2	1
