29	2
30	2
31	1
32	2
33	2
34	2
35	2
36	2
37	2
38	2
39	2
40	2
296	2
297	2
298	2
299	2
300	2
301	2
302	2
303	2
304	2
305	2
306	2
307	2
308	2
309	2
310	2
311	2
312	2
313	2
314	2
315	2
316	2
317	2
318	2
319	2
320	2
321	2
322	2
323	2
324	2
325	2
326	2
327	2
328	2
329	2
330	2
331	2
332	2
333	2
334	2
335	2
336	2
337	2
338	2
339	1
340	2
341	2
342	2
343	2
344	2
345	2
346	2
347	2
348	1
349	1
350	2
351	2
352	2
353	2
354	1
355	2
356	1
357	2
358	2
359	2
360	2
361	2
362	2
363	2
364	2
365	2
366	2
367	2
368	2
369	2
370	2
371	2
372	2
