0	2
2	2
3	2
4	2
5	2
6	2
7	2
8	1
9	2
10	2
11	2
12	2
13	2
14	2
15	2
16	2
17	2
18	2
19	2
20	2
21	2
22	0
23	2
24	2
25	2
26	2
27	2
28	2
41	2
42	2
43	2
44	1
45	2
46	1
47	2
48	2
49	2
50	2
51	1
52	2
53	2
54	1
55	2
56	2
57	1
58	2
59	1
60	2
61	2
62	2
63	2
64	2
65	2
66	2
67	2
68	2
69	1
70	2
71	1
72	2
73	2
74	2
75	2
76	2
77	2
78	2
79	2
80	2
81	2
82	1
83	2
84	1
85	2
86	2
87	2
88	2
89	2
90	2
91	1
92	1
93	2
94	2
95	2
96	2
97	2
98	2
99	2
100	2
101	2
102	2
103	2
104	2
105	2
106	2
107	2
108	2
109	2
110	2
111	2
112	2
113	2
114	1
115	2
117	1
118	2
119	2
120	2
121	2
122	1
123	2
124	2
125	2
126	2
127	2
128	2
129	2
130	2
131	2
132	2
133	2
134	2
135	1
136	2
137	2
138	2
139	1
140	1
141	2
142	2
143	2
144	2
145	2
146	2
147	2
148	2
149	1
150	1
151	2
152	2
153	2
154	2
155	1
156	2
157	2
158	2
159	2
160	2
161	2
162	2
163	2
164	2
165	2
166	2
167	2
168	2
169	2
170	1
171	2
172	2
173	2
174	2
175	2
176	2
177	2
178	2
179	2
180	2
181	2
182	2
183	2
184	2
185	2
186	2
187	2
188	2
189	2
190	2
191	2
192	1
193	1
194	2
195	1
196	2
197	2
198	2
199	2
200	2
201	2
202	2
203	2
204	2
205	2
206	2
207	2
208	2
209	2
210	2
211	1
212	2
213	2
214	2
215	2
216	2
217	2
218	2
219	2
220	2
222	1
223	2
224	2
225	2
226	2
227	2
228	2
229	2
230	2
231	2
232	2
233	2
234	2
235	2
236	2
237	2
238	2
239	2
240	2
241	2
242	2
243	2
244	2
245	2
246	2
247	2
248	2
249	2
250	2
251	1
252	2
253	2
254	2
255	2
256	2
257	2
258	2
259	2
260	2
261	2
262	2
263	2
264	2
265	2
266	1
267	2
268	2
269	2
270	2
271	2
272	2
273	2
274	2
275	2
276	2
277	2
278	2
279	2
280	1
281	2
282	1
283	2
284	2
285	2
286	2
287	2
288	2
289	2
290	2
291	2
292	2
293	2
294	2
295	2
373	2
374	2
375	2
376	2
377	2
378	2
379	2
380	2
381	2
382	2
383	2
384	2
385	2
386	2
387	2
388	2
389	2
390	2
391	2
392	2
393	2
394	2
395	2
396	2
397	2
398	2
399	2
400	2
401	2
402	2
403	2
404	2
405	2
406	2
407	2
408	2
409	2
410	1
411	2
412	2
413	2
414	2
415	2
416	2
417	2
418	2
419	2
420	2
421	2
422	2
423	2
424	2
425	2
426	2
427	1
428	1
429	2
430	2
431	2
432	1
433	2
434	2
435	2
436	2
437	2
438	2
439	2
440	2
441	2
442	2
443	2
444	1
445	1
446	2
447	2
448	2
449	2
450	2
451	2
452	2
453	1
454	2
455	2
456	2
457	2
458	1
459	1
460	2
461	1
462	2
463	2
464	1
