29	2	0	2	0	2	0	0	0	0	0	0	0	0	2	0	2	0	0	0	0	2	2	2	2	2	0	2	2	0	0	2	2	2	2	2	2	2	2	2	2	2	2	2	2	2	2	2	2	2	0	2	2	2	2	2	2	2	2	2	2	2	2	0	0	2	2	2	2	2	0	0	0	2	1	1	2	0	0	2	0	0	0	0	2	1	2	0	2	1	0	0	2	1	1	2	2	2	2	1	2	2	2	0	2	2	2	2	2	2
30	1	1	2	0	2	0	0	0	0	0	0	0	0	2	0	2	0	0	0	1	2	2	2	2	2	0	2	2	0	0	2	2	2	2	2	2	2	2	2	2	2	2	2	2	2	2	2	2	2	0	2	2	2	2	2	2	2	2	2	2	2	2	0	0	2	2	2	2	2	0	0	0	2	2	2	2	0	0	2	0	0	0	0	2	1	2	0	2	1	0	0	2	1	2	2	2	2	2	1	2	2	2	0	2	2	2	2	2	2
31	0	0	2	0	2	0	0	0	0	0	0	0	0	2	0	2	0	0	0	2	2	2	2	2	2	1	2	2	1	1	2	2	2	2	2	2	2	2	2	2	2	2	2	2	2	2	2	2	2	0	2	2	2	2	2	2	2	2	2	2	2	2	1	1	2	2	2	2	2	0	0	1	2	1	0	2	1	0	2	1	1	0	0	2	1	2	0	2	1	0	0	2	1	1	2	2	2	2	0	2	2	2	0	2	2	2	2	2	2
32	2	0	2	0	2	0	0	0	0	1	0	0	0	2	0	2	0	0	0	2	2	2	2	2	2	2	2	2	2	2	2	2	2	2	2	2	2	2	2	2	2	2	2	2	2	2	2	2	2	1	2	2	2	2	2	2	2	2	2	2	2	2	2	2	2	2	2	2	2	1	0	2	2	2	1	2	1	1	2	1	1	1	1	2	2	2	1	2	2	1	1	2	2	2	2	2	2	2	1	2	2	2	1	2	2	2	2	2	2
33	1	0	2	0	2	0	0	0	0	0	0	0	0	2	0	2	0	0	0	2	2	2	2	2	2	1	2	2	1	1	2	2	2	2	2	2	2	2	2	2	2	2	2	2	2	2	2	2	2	0	2	2	2	2	2	2	2	2	2	2	2	2	1	1	2	2	2	2	2	0	0	1	2	2	1	2	1	0	2	1	1	0	1	2	1	2	0	2	1	0	0	2	1	2	2	2	2	2	0	2	2	2	0	2	2	2	2	2	2
34	2	0	2	0	2	0	0	0	0	0	0	0	0	2	0	2	0	0	0	1	2	2	1	2	2	1	2	2	0	0	2	2	2	2	2	2	2	2	2	2	2	2	2	2	2	2	2	2	2	0	2	2	2	2	2	2	2	2	2	2	1	2	0	0	2	2	2	2	2	0	0	2	2	2	1	2	1	0	2	0	0	0	0	2	1	2	0	2	1	0	0	2	1	1	2	2	2	2	0	2	2	2	0	2	2	2	2	2	2
35	1	0	2	0	2	0	0	0	0	0	0	0	0	2	0	2	0	0	0	1	2	2	2	2	2	0	2	2	0	0	2	2	2	2	2	2	2	2	2	2	2	2	2	2	2	2	2	2	2	0	2	2	2	2	2	2	2	2	2	2	2	2	0	0	2	2	2	2	2	0	0	0	2	1	1	2	0	0	2	0	0	0	0	2	1	2	0	2	1	0	0	2	1	1	2	2	2	2	1	2	2	2	0	2	2	2	2	2	2
36	2	0	2	0	2	0	0	0	0	0	0	0	0	2	0	2	0	0	0	2	2	2	0	2	2	2	2	2	0	0	2	2	2	2	2	2	2	2	2	2	2	2	2	2	2	2	2	2	2	0	2	2	2	2	2	2	2	2	2	2	0	2	0	0	2	2	2	2	2	0	0	2	2	2	0	2	0	0	2	0	0	0	0	2	0	2	0	2	0	0	0	2	0	0	2	2	2	2	0	2	2	2	0	2	2	2	2	2	2
37	1	1	2	1	2	1	1	1	1	0	1	1	1	2	1	2	1	1	1	2	2	2	0	2	2	1	2	2	0	0	2	2	2	2	2	2	2	2	2	2	2	2	2	2	2	2	2	2	2	0	2	2	2	2	2	2	2	2	2	2	0	2	0	0	2	2	2	2	2	0	0	1	2	2	0	2	1	0	2	1	1	0	0	2	1	2	0	2	1	0	0	2	1	1	2	2	2	2	0	2	2	2	0	2	2	2	2	2	2
38	2	0	2	0	2	0	0	0	0	0	0	0	0	2	0	2	0	0	0	2	2	2	2	2	2	0	2	2	0	0	2	2	2	2	2	2	2	2	2	2	2	2	2	2	2	2	2	2	2	0	2	2	2	2	2	2	2	2	2	2	2	2	0	0	2	2	2	2	2	0	0	1	2	2	2	2	1	0	2	0	0	0	1	2	1	2	0	2	1	0	0	2	1	2	2	2	2	2	0	2	2	2	0	2	2	2	2	2	2
39	2	0	2	0	2	0	0	0	0	0	0	0	0	2	0	2	0	0	0	2	2	2	1	2	2	0	2	2	0	0	2	2	2	2	2	2	2	2	2	2	2	2	2	2	2	2	2	2	2	0	2	2	2	2	2	2	2	2	2	2	1	2	0	0	2	2	2	2	2	0	0	1	2	2	1	2	0	0	2	0	0	0	0	2	0	2	0	2	0	0	0	2	0	1	2	2	2	2	0	2	2	2	0	2	2	2	2	2	2
40	1	0	2	0	2	0	0	1	0	0	1	0	0	2	0	2	0	1	0	2	2	2	1	2	2	0	2	2	0	0	2	2	2	2	2	2	2	2	2	2	2	2	2	2	2	2	2	2	2	0	2	2	2	2	2	2	2	2	2	2	1	2	0	0	2	2	2	2	2	0	0	0	2	1	0	2	1	0	2	0	1	0	0	2	1	2	0	2	1	0	0	2	1	1	2	2	2	2	1	2	2	2	0	2	2	1	1	2	2
296	2	0	2	0	2	0	0	0	0	0	0	0	0	2	0	2	0	0	0	1	2	2	2	2	2	0	2	2	0	0	2	2	2	2	2	2	2	2	2	2	2	2	2	2	2	2	2	2	2	0	2	2	2	2	2	2	2	2	2	2	2	2	0	0	2	2	2	2	2	0	0	0	2	1	1	2	0	0	2	0	0	0	0	2	1	2	0	2	1	0	0	2	1	1	2	2	2	2	1	2	2	2	0	2	2	2	2	2	2
297	1	0	2	0	2	0	0	0	0	0	0	0	0	1	0	2	0	0	0	0	2	2	2	2	2	0	2	2	0	0	2	2	2	2	2	2	2	2	2	2	2	2	2	2	2	2	2	2	2	0	2	2	2	2	2	2	2	2	2	2	2	2	0	0	2	2	2	2	2	0	0	0	2	1	1	2	0	0	2	0	0	0	0	2	1	2	0	2	1	0	0	2	1	1	2	2	2	2	1	2	2	2	0	2	2	2	2	2	2
298	0	0	2	0	2	0	0	0	0	0	0	0	0	2	0	2	0	0	0	2	2	2	2	2	2	0	2	2	0	0	2	2	2	2	2	2	2	2	2	2	2	2	2	2	2	2	2	2	2	0	2	2	2	2	2	2	2	2	2	2	2	2	0	0	2	2	2	2	2	0	0	0	2	0	0	2	0	0	2	0	0	0	0	2	0	2	0	2	0	0	0	2	0	0	2	2	2	2	0	2	2	2	0	2	2	2	2	2	2
299	1	0	2	0	2	0	0	0	0	0	0	0	0	2	0	2	0	0	0	1	2	2	2	2	2	1	2	2	1	1	2	2	2	2	2	2	2	2	2	2	2	2	2	2	2	2	2	2	2	0	2	2	2	2	2	2	2	2	2	2	2	2	1	1	2	2	2	2	2	0	0	1	2	2	1	2	1	0	2	1	1	0	0	2	2	2	0	2	2	0	0	2	2	2	2	2	2	2	0	2	2	2	0	2	2	2	2	2	2
300	2	1	2	0	2	0	0	0	0	0	0	0	0	2	0	2	0	0	0	2	2	2	2	2	2	0	2	2	0	0	2	2	2	2	2	2	2	2	2	2	2	2	2	2	2	2	2	2	2	0	2	2	2	2	2	2	2	2	2	2	2	2	0	0	2	2	2	2	2	0	0	0	2	2	2	2	0	0	2	0	0	0	0	2	1	2	0	2	1	0	0	2	1	2	2	2	2	2	1	2	2	2	0	2	2	2	2	2	2
301	2	1	2	1	2	1	1	1	1	0	1	1	1	2	1	2	1	1	1	1	2	2	0	2	2	1	2	2	0	0	2	2	2	2	2	2	2	2	2	2	2	2	1	2	2	2	2	2	2	0	2	2	2	2	2	2	2	2	2	2	0	2	0	0	2	2	2	2	2	0	0	1	2	2	0	2	1	0	2	1	1	0	0	2	1	2	0	2	1	0	0	2	1	1	2	2	2	2	0	2	2	2	0	2	2	2	2	2	2
302	2	0	1	0	1	0	0	0	0	0	0	0	0	2	0	2	0	0	0	0	2	2	2	2	2	1	2	2	1	1	2	2	2	2	2	2	2	2	2	2	2	2	2	2	2	2	2	2	2	0	2	2	2	2	2	2	2	2	2	2	2	2	1	1	2	2	2	2	2	0	0	1	2	1	0	2	1	0	2	1	1	0	0	2	1	2	0	2	1	0	0	2	1	1	2	2	2	2	0	2	2	2	0	2	2	2	2	2	2
303	2	1	2	1	2	1	1	1	1	0	1	1	1	2	1	2	1	1	1	1	2	2	0	2	2	1	2	2	0	0	2	2	2	2	2	2	2	2	2	2	2	2	1	2	2	2	2	2	2	0	2	2	2	2	2	2	2	2	2	2	0	2	0	0	2	2	2	2	2	0	0	1	2	2	0	2	1	0	2	1	1	0	0	2	1	2	0	2	1	0	0	2	1	1	2	2	2	2	0	2	2	2	0	2	2	2	2	2	2
304	1	0	2	0	2	0	0	0	0	0	0	0	0	2	0	2	0	0	0	1	2	2	1	2	2	2	2	2	1	1	2	2	2	2	2	2	2	2	2	2	2	2	2	2	2	2	2	2	2	0	2	2	2	2	2	2	2	2	2	2	1	2	1	1	2	2	2	2	2	0	0	2	2	2	0	2	1	0	2	1	1	0	0	2	1	2	0	2	1	0	0	2	1	1	2	2	2	2	0	2	2	2	0	2	2	2	2	2	2
305	2	1	2	0	2	0	0	0	0	0	0	0	0	2	0	2	0	0	0	2	2	2	1	2	2	1	2	2	0	0	2	2	2	2	2	2	2	2	2	2	2	2	2	2	2	2	2	2	2	0	2	2	2	2	2	2	2	2	2	2	1	2	0	0	2	2	2	2	2	0	0	1	2	2	1	2	0	0	2	0	0	0	0	2	0	2	0	1	0	0	0	2	0	1	2	2	2	2	0	2	2	2	0	2	2	2	2	2	2
306	1	0	2	0	2	0	0	0	0	0	0	0	0	2	0	2	0	0	0	2	2	2	2	2	2	0	2	2	0	0	2	2	2	2	2	2	2	2	2	2	2	2	2	2	2	2	2	2	2	0	2	2	2	2	2	2	2	2	2	2	2	2	0	0	2	2	2	2	2	0	0	0	2	1	1	2	0	0	2	0	0	0	0	2	1	2	0	2	1	0	0	2	1	1	2	2	2	2	0	2	2	2	0	2	2	2	2	2	2
307	1	0	2	0	2	0	0	0	0	0	0	0	0	2	0	2	0	0	0	1	2	2	2	2	2	0	2	2	0	0	2	2	2	2	2	2	2	2	2	2	2	2	2	2	2	2	2	2	2	0	2	2	2	2	2	2	2	2	2	2	2	2	0	0	2	2	2	2	2	0	0	0	2	1	1	2	0	0	2	0	0	0	0	2	1	2	0	2	1	0	0	2	1	1	2	2	2	2	1	2	2	2	0	2	2	2	2	2	2
308	2	0	2	0	2	0	0	0	0	1	0	0	0	2	0	2	0	1	0	2	2	2	1	2	2	0	2	2	0	0	2	2	2	2	2	2	2	2	2	2	2	2	2	2	2	2	2	2	2	0	2	2	2	2	2	2	2	2	2	2	1	2	0	0	2	2	2	2	2	0	0	0	2	1	0	2	1	0	2	0	1	0	0	2	1	2	0	2	1	0	0	2	1	1	2	2	2	2	1	2	2	2	0	2	2	1	1	2	2
309	2	1	2	1	2	1	1	2	1	0	2	1	1	2	1	2	1	2	1	2	2	2	0	2	2	0	2	2	0	0	2	2	2	2	2	2	2	2	2	2	2	2	2	2	2	2	2	2	2	0	2	2	2	2	2	2	2	2	2	2	0	2	0	0	2	2	2	2	2	0	0	0	2	2	0	2	2	0	2	1	2	0	0	2	2	2	0	2	2	0	0	2	2	2	2	2	2	2	1	2	2	2	0	2	2	1	1	2	2
310	1	0	1	0	2	0	0	0	0	0	0	0	0	2	0	2	0	0	0	1	2	2	2	2	2	2	2	2	2	2	2	2	2	2	2	2	2	2	2	2	2	2	2	2	2	2	2	2	2	0	2	2	2	2	2	2	2	2	2	2	2	2	2	2	2	2	2	2	2	0	0	2	2	2	0	2	2	0	2	2	2	0	0	2	2	2	0	2	2	0	0	2	2	2	2	2	2	2	0	2	2	2	0	2	2	2	2	2	2
311	2	0	2	0	2	0	0	1	0	0	1	0	0	2	0	2	0	1	0	2	2	2	1	2	2	0	2	2	0	0	2	2	2	2	2	2	2	2	2	2	2	2	2	2	2	2	2	2	2	0	2	2	2	2	2	2	2	2	2	2	1	2	0	0	2	2	2	2	2	0	0	0	2	1	0	2	1	0	2	0	1	0	0	2	1	2	0	2	1	0	0	2	1	1	2	2	2	2	1	2	2	2	0	2	2	1	1	2	2
312	1	0	2	0	2	0	0	0	0	0	0	0	0	2	0	2	0	0	0	1	2	2	2	2	2	0	2	2	0	0	2	2	2	2	2	2	2	2	2	2	2	2	2	2	2	2	2	2	2	0	2	2	2	2	2	2	2	2	2	2	2	2	0	0	2	2	2	2	2	0	0	1	2	1	1	2	1	0	2	0	0	0	0	2	1	2	0	2	1	0	0	2	1	1	2	2	2	2	0	2	2	2	0	2	2	2	2	2	2
313	1	1	2	1	2	1	1	1	1	0	1	1	1	2	1	2	1	1	1	2	2	2	1	2	2	0	2	2	0	0	2	2	2	2	2	2	2	2	2	2	2	2	2	2	2	2	2	2	2	0	2	2	2	2	2	2	2	2	2	2	1	2	0	0	2	2	2	2	2	0	0	0	2	1	0	2	1	0	2	1	1	0	0	2	1	2	0	2	1	0	0	2	1	1	2	2	2	2	0	2	2	2	0	2	2	2	2	2	2
314	1	0	2	0	2	0	0	0	0	0	0	0	0	2	0	2	0	0	0	2	2	2	2	2	2	0	2	2	0	0	2	2	2	2	2	2	2	2	2	2	2	2	2	2	2	2	2	2	2	0	2	2	2	2	2	2	2	2	2	2	2	2	0	0	2	2	2	2	2	0	0	0	2	1	1	2	0	0	2	0	0	0	0	2	0	2	0	2	0	0	0	2	0	1	2	2	2	2	0	2	2	2	0	2	2	2	2	2	2
315	1	1	2	0	2	0	0	0	0	0	0	0	0	2	0	2	0	0	0	1	2	2	1	2	2	1	2	2	0	0	2	2	2	2	2	2	2	2	2	2	2	2	2	2	2	2	2	2	2	0	2	2	2	2	2	2	2	2	2	2	1	2	0	0	2	2	2	2	2	0	0	1	2	2	1	2	0	0	2	0	0	0	0	2	0	2	0	2	0	0	0	2	0	1	2	2	2	2	0	2	2	2	0	2	2	2	2	2	2
316	0	0	2	0	2	0	0	0	0	0	0	0	0	1	0	2	0	0	0	1	2	2	2	2	2	0	2	2	0	0	2	2	2	2	2	2	2	2	2	2	2	2	2	2	2	2	2	2	2	0	2	2	2	2	2	2	2	2	2	2	2	2	0	0	2	2	2	2	2	0	0	0	2	1	1	2	0	0	2	0	0	0	0	2	1	2	0	2	1	0	0	2	1	1	2	2	2	2	1	2	2	2	0	2	2	2	2	2	2
317	0	0	2	0	2	0	0	0	0	0	0	0	0	2	0	2	0	0	0	1	2	2	2	2	2	0	2	2	0	0	2	2	2	2	2	2	2	2	2	2	2	1	2	2	2	2	2	2	2	0	2	2	2	2	2	2	2	2	2	2	2	2	0	0	2	2	2	2	2	0	0	0	2	1	1	2	0	0	2	0	0	0	0	2	0	2	0	2	0	0	0	2	0	1	2	2	2	2	0	2	2	2	0	2	2	2	2	2	2
318	2	0	2	0	2	0	0	0	0	0	0	0	0	2	0	2	0	0	0	1	2	2	2	2	2	0	2	2	0	0	2	2	2	2	2	2	2	2	2	2	2	2	2	2	2	2	2	2	2	0	2	2	2	2	2	2	2	2	2	2	2	2	0	0	2	2	2	2	2	0	0	1	2	2	2	2	1	0	2	0	0	0	0	2	2	2	0	2	2	0	0	2	2	2	2	2	2	2	1	2	2	2	0	2	2	2	2	2	2
319	2	0	2	0	2	0	0	0	0	0	0	0	0	2	0	2	0	0	0	2	2	2	0	2	2	1	2	2	0	0	2	2	2	2	2	2	2	2	2	2	2	2	1	2	2	2	2	2	2	0	2	2	2	2	2	2	2	2	2	2	0	2	0	0	2	2	2	2	2	0	0	2	2	2	0	2	0	0	2	0	0	0	0	2	1	2	0	2	1	0	0	2	1	1	2	2	2	2	0	2	2	2	0	2	2	2	2	2	2
320	2	0	2	0	2	0	0	0	0	1	0	0	0	2	0	2	0	0	0	2	2	2	2	2	2	1	2	2	1	1	2	2	2	2	2	2	2	2	2	2	2	2	2	2	2	2	2	2	2	1	2	2	2	2	2	2	2	2	2	2	2	2	1	1	2	2	2	2	2	1	0	1	2	1	1	2	0	1	2	0	0	1	1	2	1	2	1	2	1	1	1	2	1	1	2	2	2	2	1	2	2	2	1	2	2	2	2	2	2
321	1	0	2	0	2	0	0	0	0	0	0	0	0	2	0	2	0	0	0	1	2	2	2	2	2	0	2	2	0	0	2	2	2	2	2	2	2	2	2	2	2	2	2	2	2	2	2	2	2	0	2	2	2	2	2	2	2	2	2	2	2	2	0	0	2	2	2	2	2	0	0	0	2	1	1	2	0	0	2	0	0	0	0	2	1	2	0	2	1	0	0	2	1	1	2	2	2	2	1	2	2	2	0	2	2	2	2	2	2
322	2	0	2	0	2	0	0	0	0	0	0	0	0	1	0	2	0	0	0	1	2	2	2	2	2	1	2	2	1	1	2	2	2	2	2	2	2	2	2	2	2	2	2	2	2	2	2	2	2	0	2	2	2	2	2	2	2	2	2	2	2	2	1	1	2	2	2	2	2	0	0	1	2	2	1	2	1	0	2	1	1	0	0	2	2	2	0	2	2	0	0	2	2	2	2	2	2	2	1	2	2	2	0	2	2	2	2	2	2
323	1	0	2	0	2	0	0	0	0	0	0	0	0	2	0	2	0	0	0	1	2	2	1	2	2	1	2	2	0	0	2	2	2	2	2	2	2	2	2	2	2	2	2	2	2	2	2	2	2	0	2	2	2	2	2	2	2	2	2	2	1	2	0	0	2	2	2	2	2	0	0	1	2	2	1	2	0	0	2	0	0	0	0	2	1	2	0	2	1	0	0	2	1	1	2	2	2	2	1	2	2	2	0	2	2	2	2	2	2
324	2	0	2	0	2	0	0	0	0	0	0	0	0	2	0	2	0	0	0	2	2	2	2	2	2	1	2	2	1	1	2	2	2	2	2	2	2	2	2	2	2	2	2	2	2	2	2	2	2	0	2	2	2	2	2	2	2	2	2	2	2	2	1	1	2	2	2	2	2	0	0	1	2	1	0	2	1	0	2	1	1	0	0	2	1	2	0	2	1	0	0	2	1	1	2	2	2	2	0	2	2	2	0	2	2	2	2	2	2
325	1	1	2	1	2	1	1	2	1	0	2	1	1	2	1	2	1	2	1	2	2	2	1	2	2	0	2	2	0	0	2	2	2	2	2	2	2	2	2	2	2	2	2	2	2	2	2	2	2	0	2	2	2	2	2	2	2	2	2	2	1	2	0	0	2	2	2	2	2	0	0	0	2	1	0	2	1	0	2	0	1	0	0	2	1	2	0	2	1	0	0	2	1	1	2	2	2	2	1	2	2	2	0	2	2	1	1	2	2
326	0	0	2	0	2	0	0	0	0	1	0	0	0	2	0	2	0	0	0	2	2	2	2	2	2	1	2	2	1	1	2	2	2	2	2	2	2	2	2	2	2	2	2	2	2	2	2	2	2	1	2	2	2	2	2	2	2	2	2	2	2	2	1	1	2	2	2	2	2	1	0	1	2	2	2	2	0	1	2	0	0	1	1	2	1	2	1	2	1	1	1	2	1	2	2	2	2	2	1	2	2	2	1	2	2	2	2	2	2
327	2	0	2	0	2	0	0	0	0	0	0	0	0	1	0	2	0	0	0	0	2	2	1	2	2	0	2	2	0	0	2	2	2	2	2	2	2	2	2	2	2	2	2	2	2	2	2	2	2	0	2	2	2	2	2	2	2	2	2	2	1	2	0	0	2	2	2	2	2	0	0	0	2	2	2	2	0	0	2	0	0	0	0	2	1	2	0	2	1	0	0	2	1	1	2	2	2	2	1	2	2	2	0	2	2	2	2	2	2
328	1	0	2	0	2	0	0	0	0	0	0	0	0	2	0	2	0	0	0	2	2	2	2	2	2	0	2	2	0	0	2	2	2	2	2	2	2	2	2	2	2	2	2	2	2	2	2	2	2	0	2	2	2	2	2	2	2	2	2	2	2	2	0	0	2	2	2	2	2	0	0	0	2	1	1	2	0	0	2	0	0	0	0	2	0	2	0	2	0	0	0	2	0	1	2	2	2	2	0	2	2	2	0	2	2	2	2	2	2
329	2	0	2	0	2	0	0	0	0	0	0	0	0	2	0	2	0	0	0	0	2	2	2	2	2	0	2	2	0	0	2	2	2	2	2	2	2	2	2	2	2	2	2	2	2	2	2	2	2	0	2	2	2	2	2	2	2	2	2	2	2	2	0	0	2	2	2	2	2	0	0	0	2	2	2	2	0	0	2	0	0	0	0	2	2	2	0	2	2	0	0	2	2	2	2	2	2	2	2	2	2	2	0	2	2	2	2	2	2
330	1	0	2	1	2	0	0	0	0	1	0	0	0	2	0	2	0	0	0	2	2	2	2	2	2	1	2	2	1	1	2	2	2	2	2	2	2	2	2	2	2	2	2	2	2	2	2	2	2	1	2	2	2	2	2	2	2	2	2	2	2	2	1	1	2	2	2	2	2	1	0	1	2	2	2	2	0	1	2	0	0	1	1	2	2	2	1	2	2	1	1	2	2	2	2	2	2	2	1	2	2	2	1	2	2	2	2	2	2
331	2	0	2	0	2	0	0	0	0	1	0	0	0	2	0	2	0	0	0	2	2	2	1	2	2	2	2	2	1	1	2	2	2	2	2	2	2	2	2	2	2	2	2	2	2	2	2	2	2	1	2	2	2	2	2	2	2	2	2	2	1	2	1	1	2	2	2	2	2	1	0	2	2	2	1	2	0	1	2	0	0	1	1	2	1	2	1	2	1	1	1	2	1	1	2	2	2	2	1	2	2	2	1	2	2	2	2	2	2
332	1	0	2	0	2	0	0	0	0	0	0	0	0	2	0	2	0	0	0	1	2	2	2	2	2	1	2	2	1	1	2	2	2	2	2	2	2	2	2	2	2	2	2	2	2	2	2	2	2	0	2	2	2	2	2	2	2	2	2	2	2	2	1	1	2	2	2	2	2	0	0	1	2	2	1	2	1	0	2	1	1	0	0	2	2	2	0	2	2	0	0	2	2	2	2	2	2	2	1	2	2	2	0	2	2	2	2	2	2
333	2	1	2	1	2	1	1	1	1	0	1	1	1	2	1	2	1	1	1	2	2	2	0	2	2	1	2	2	0	0	2	2	2	2	2	2	2	2	2	2	2	2	2	2	2	2	2	2	2	0	2	2	2	2	2	2	2	2	2	2	0	2	0	0	2	2	2	2	2	0	0	1	2	2	0	2	1	0	2	1	1	0	0	2	1	2	0	2	1	0	0	2	1	1	2	2	2	2	0	2	2	2	0	2	2	2	2	2	2
334	2	0	2	0	2	0	0	2	0	0	2	0	0	2	0	2	0	2	0	2	2	2	0	2	2	0	2	2	0	0	2	2	2	2	2	2	2	2	2	2	2	2	2	2	2	2	2	2	2	0	2	2	2	2	2	2	2	2	2	2	0	2	0	0	2	2	2	2	2	0	0	0	2	2	0	2	2	0	2	0	2	0	0	2	2	2	0	2	2	0	0	2	2	2	2	2	2	2	2	2	2	2	0	2	2	0	0	2	2
335	0	1	2	1	1	1	1	1	1	0	1	1	1	2	1	2	1	1	1	2	2	2	1	2	2	0	2	2	0	0	2	2	2	2	2	2	2	2	2	2	2	2	2	2	2	2	2	2	2	0	2	2	2	2	2	2	2	2	2	2	1	2	0	0	2	2	2	2	2	0	0	0	2	1	0	2	1	0	2	1	1	0	0	2	1	2	0	2	1	0	0	2	1	1	2	2	2	2	0	2	2	2	0	2	2	1	2	2	2
336	1	0	2	0	2	0	0	0	0	1	0	0	0	2	0	2	0	0	0	2	2	2	2	2	2	1	2	2	1	1	2	2	2	2	2	2	2	2	2	2	2	2	2	2	2	2	2	2	2	1	2	2	2	2	2	2	2	2	2	2	2	2	1	1	2	2	2	2	2	1	0	1	2	2	2	2	0	1	2	0	0	1	1	2	2	2	1	2	2	1	1	2	2	2	2	2	2	2	1	2	2	2	1	2	2	2	2	2	2
337	2	1	2	1	2	1	1	1	1	1	0	1	1	1	1	2	1	1	1	1	2	2	1	2	2	1	2	2	1	1	2	2	2	2	2	2	2	2	2	2	2	1	2	2	2	2	2	2	2	1	2	2	2	2	2	2	2	2	2	2	1	2	1	1	2	2	2	2	2	1	0	1	2	2	1	2	1	1	2	1	1	1	1	2	2	2	1	2	2	1	1	2	2	2	2	2	2	2	1	2	2	2	1	2	2	2	2	2	2
338	2	1	2	0	2	0	0	0	0	0	0	0	0	2	0	2	0	0	0	1	2	2	2	2	2	0	2	2	0	0	2	2	2	2	2	2	2	2	2	2	2	2	2	2	2	2	2	2	2	0	2	2	2	2	2	2	2	2	2	2	2	2	0	0	2	2	2	2	2	0	0	0	2	2	2	2	0	0	2	0	0	0	0	2	1	2	0	2	1	0	0	2	1	2	2	2	2	2	1	2	2	2	0	2	2	2	2	2	2
339	2	0	2	0	2	0	0	0	0	1	0	0	0	2	0	2	0	0	0	1	2	2	2	2	2	1	2	2	1	1	2	2	2	2	2	2	2	2	2	2	2	2	2	2	2	2	2	2	2	1	2	2	2	2	2	2	2	2	2	2	2	2	1	1	2	2	2	2	2	1	0	1	2	2	2	2	0	1	2	0	0	1	1	2	2	2	1	2	2	1	1	2	2	2	2	2	2	2	2	2	2	2	1	2	2	2	2	2	2
340	0	0	2	0	2	0	0	0	0	0	0	0	0	2	0	2	0	0	0	2	2	2	2	2	2	0	2	2	0	0	2	2	2	2	2	2	2	2	2	2	2	2	2	2	2	2	2	2	2	0	2	2	2	2	2	2	2	2	2	2	2	2	0	0	2	2	2	2	2	0	0	0	2	0	0	2	0	0	2	0	0	0	0	2	0	2	0	2	0	0	0	2	0	0	2	2	2	2	0	2	2	2	0	2	2	2	2	2	2
341	1	0	2	0	2	0	0	1	0	0	1	0	0	2	0	2	0	1	0	2	2	2	1	2	2	0	2	2	0	0	2	2	2	2	2	2	2	2	2	2	2	2	2	2	2	2	2	2	2	0	2	2	2	2	2	2	2	2	2	2	1	2	0	0	2	2	2	2	2	0	0	0	2	2	1	2	1	0	2	0	1	0	0	2	1	2	0	2	1	0	0	2	1	2	2	2	2	2	1	2	2	2	0	2	2	1	1	2	2
342	2	0	2	0	2	0	0	0	0	0	0	0	0	1	0	2	0	0	0	1	2	2	2	2	2	0	2	2	0	0	2	2	2	2	2	2	2	2	2	2	2	2	2	2	2	2	2	2	2	0	2	2	2	2	2	2	2	2	2	2	2	2	0	0	2	2	2	2	2	0	0	0	2	1	1	2	0	0	2	0	0	0	0	2	1	2	0	2	1	0	0	2	1	1	2	2	2	2	1	2	2	2	0	2	2	2	2	2	2
343	2	0	2	0	2	0	0	1	0	0	1	0	0	2	0	2	0	1	0	2	2	2	1	2	2	1	2	2	1	1	2	2	2	2	2	2	2	2	2	2	2	2	2	2	2	2	2	2	2	0	2	2	2	2	2	2	2	2	2	2	1	2	1	1	2	2	2	2	2	0	0	1	2	2	0	2	2	0	2	1	2	0	0	2	2	2	0	2	2	0	0	2	2	2	2	2	2	2	1	2	2	2	0	2	2	1	1	2	2
344	0	0	2	0	1	0	0	0	0	0	0	0	0	2	0	2	0	0	0	2	2	2	2	2	2	1	2	2	1	1	2	2	2	2	2	2	2	2	2	2	2	2	2	2	2	2	2	2	2	0	2	2	2	2	2	2	2	2	2	2	2	2	1	1	2	2	2	2	2	0	0	1	2	1	0	2	1	0	2	1	1	0	0	2	1	2	0	2	1	0	0	2	1	1	2	2	2	2	0	2	2	2	0	2	2	1	2	2	2
345	2	1	2	1	2	1	1	1	1	0	1	1	1	2	1	2	1	1	1	1	2	2	0	2	2	1	2	2	0	0	2	2	2	2	2	2	2	2	2	2	2	1	2	2	2	2	2	2	2	0	2	2	2	2	2	2	2	2	2	2	0	2	0	0	2	2	2	2	2	0	0	1	2	2	0	2	1	0	2	1	1	0	0	2	1	2	0	2	1	0	0	2	1	1	2	2	2	2	0	2	2	2	0	2	2	2	2	2	2
346	1	1	2	1	2	1	1	1	1	0	1	1	1	2	1	2	1	1	1	0	2	2	0	2	2	1	2	2	0	0	2	2	2	2	2	2	2	2	2	2	2	2	1	2	2	2	2	2	2	0	2	2	2	2	2	2	2	2	2	2	0	2	0	0	2	2	2	2	2	0	0	1	2	2	0	2	1	0	2	1	1	0	0	2	1	2	0	2	1	0	0	2	1	1	2	2	2	2	0	2	2	2	0	2	2	2	2	2	2
347	1	1	2	1	2	1	1	1	1	0	1	1	1	1	1	2	1	1	1	1	2	2	2	2	2	0	2	2	0	0	2	2	2	2	2	2	2	2	2	2	2	1	2	2	2	2	2	2	2	0	2	2	2	2	2	2	2	2	2	2	2	2	0	0	2	2	2	2	2	0	0	0	2	1	1	2	0	0	2	0	0	0	0	2	1	2	0	2	1	0	0	2	1	1	2	2	2	2	1	2	2	2	0	2	2	2	2	2	2
348	1	0	2	0	2	0	0	0	0	0	0	0	0	2	0	2	0	0	0	2	2	2	1	2	2	1	2	2	0	0	2	2	2	2	2	2	2	2	2	2	2	2	2	2	2	2	2	2	2	0	2	2	2	2	2	2	2	2	2	2	1	2	0	0	2	2	2	2	2	0	0	1	2	1	0	2	0	0	2	0	0	0	0	2	0	2	0	2	0	0	0	2	0	0	2	2	2	2	0	2	2	2	0	2	2	2	2	2	2
349	2	1	2	0	2	0	0	0	0	0	0	0	0	2	0	2	0	0	0	2	2	2	2	2	2	0	2	2	0	0	2	2	2	2	2	2	2	2	2	2	2	2	2	2	2	2	2	2	2	0	2	2	2	2	2	2	2	2	2	2	2	2	0	0	2	2	2	2	2	0	0	0	2	1	1	2	0	0	2	0	0	0	0	2	0	2	0	2	0	0	0	2	0	1	2	2	2	2	0	2	2	2	0	2	2	2	2	2	2
350	1	0	2	0	2	0	0	0	0	0	0	0	0	2	0	2	0	0	0	1	2	2	2	2	2	0	2	2	0	0	2	2	2	2	2	2	2	2	2	2	2	2	2	2	2	2	2	2	2	0	2	2	2	2	2	2	2	2	2	2	2	2	0	0	2	2	2	2	2	0	0	0	2	1	1	2	0	0	2	0	0	0	0	2	1	2	0	2	1	0	0	2	1	1	2	2	2	2	1	2	2	2	0	2	2	2	2	2	2
351	1	0	2	0	2	0	0	0	0	0	0	0	0	2	0	2	0	0	0	0	2	2	2	2	2	0	2	2	0	0	2	2	2	2	2	2	2	2	2	2	2	2	2	2	2	2	2	2	2	0	2	2	2	2	2	2	2	2	2	2	2	2	0	0	2	2	2	2	2	0	0	0	2	1	1	2	0	0	2	0	0	0	0	2	1	2	0	2	1	0	0	2	1	1	2	2	2	2	1	2	2	2	0	2	2	2	2	2	2
352	2	1	2	1	2	1	1	1	1	0	1	1	1	2	1	2	1	1	1	2	2	2	1	2	2	0	2	2	0	0	2	2	2	2	2	2	2	2	2	2	2	2	2	2	2	2	2	2	2	0	2	2	2	2	2	2	2	2	2	2	1	2	0	0	2	2	2	2	2	0	0	0	2	2	1	2	1	0	2	1	1	0	0	2	2	2	0	2	2	0	0	2	2	2	2	2	2	2	0	2	2	2	0	2	2	2	2	2	2
353	1	1	2	0	2	0	0	0	0	1	0	0	0	2	0	2	0	0	0	1	2	2	2	2	2	1	2	2	1	1	2	2	2	2	2	2	2	2	2	2	2	2	2	2	2	2	2	2	2	0	2	2	2	2	2	2	2	2	2	2	2	2	1	1	2	2	2	2	2	0	0	1	2	2	1	2	1	0	2	1	1	0	0	2	1	2	0	2	1	0	0	2	1	2	2	2	2	2	0	2	2	2	0	2	2	2	2	2	2
354	1	1	2	1	2	1	1	1	1	0	0	1	1	1	1	2	1	1	1	1	2	2	1	2	2	0	2	2	0	0	2	2	2	2	2	2	2	2	2	2	2	1	2	2	2	2	2	2	2	0	2	2	2	2	2	2	2	2	2	2	1	2	0	0	2	2	2	2	2	0	0	0	2	1	0	2	1	0	2	1	1	0	0	2	1	2	0	2	1	0	0	2	1	1	2	2	2	2	0	2	2	2	0	2	2	2	2	2	2
355	2	0	2	0	2	0	0	0	0	0	0	0	0	1	0	2	0	0	0	1	2	2	2	2	2	0	2	2	0	0	2	2	2	2	2	2	2	2	2	2	2	2	2	2	2	2	2	2	2	0	2	2	2	2	2	2	2	2	2	2	2	2	0	0	2	2	2	2	2	0	0	0	2	1	1	2	0	0	2	0	0	0	0	2	1	2	0	2	1	0	0	2	1	1	2	2	2	2	1	2	2	2	0	2	2	2	2	2	2
356	1	0	1	0	1	0	0	0	0	0	0	0	0	2	0	2	0	0	0	2	2	2	2	2	2	1	2	2	1	1	2	2	2	2	2	2	2	2	2	2	2	2	2	2	2	2	2	2	2	0	2	2	2	2	2	2	2	2	2	2	2	2	1	1	2	2	2	2	2	0	0	1	2	1	0	2	1	0	2	1	1	0	0	2	1	2	0	2	1	0	0	2	1	1	2	2	2	2	0	2	2	2	0	2	2	2	2	2	2
357	1	0	2	0	2	0	0	0	0	0	0	0	0	2	0	2	0	0	0	2	2	2	1	2	2	1	2	2	0	0	2	2	2	2	2	2	2	2	2	2	2	2	2	2	2	2	2	2	2	0	2	2	2	2	2	2	2	2	2	2	1	2	0	0	2	2	2	2	2	0	0	1	2	1	0	2	0	0	2	0	0	0	0	2	0	2	0	2	0	0	0	2	0	0	2	2	2	2	0	2	2	2	0	2	2	2	2	2	2
358	1	0	2	0	2	0	0	0	0	0	0	0	0	2	0	2	0	0	0	2	2	2	2	2	2	1	2	2	1	1	2	2	2	2	2	2	2	2	2	2	2	2	2	2	2	2	2	2	2	0	2	2	2	2	2	2	2	2	2	2	2	2	1	1	2	2	2	2	2	0	0	1	2	1	0	2	1	0	2	1	1	0	0	2	1	2	0	2	1	0	0	2	1	1	2	2	2	2	0	2	2	2	0	2	2	2	2	2	2
359	1	0	2	0	2	0	0	0	0	0	0	0	0	2	0	2	0	0	0	2	2	2	2	2	2	1	2	2	1	1	2	2	2	2	2	2	2	2	2	2	2	2	2	2	2	2	2	2	2	0	2	2	2	2	2	2	2	2	2	2	2	2	1	1	2	2	2	2	2	0	0	1	2	1	0	2	1	0	2	1	1	0	0	2	1	2	0	2	1	0	0	2	1	1	2	2	2	2	0	2	2	2	0	2	2	2	2	2	2
360	1	0	2	0	2	0	0	0	0	0	0	0	0	2	0	2	0	0	0	2	2	2	1	2	2	2	2	2	1	1	2	2	2	2	2	2	2	2	2	2	2	2	2	2	2	2	2	2	2	0	2	2	2	2	2	2	2	2	2	2	1	2	1	1	2	2	2	2	2	0	0	2	2	2	0	2	1	0	2	1	1	0	0	2	1	2	0	2	1	0	0	2	1	1	2	2	2	2	0	2	2	2	0	2	2	2	2	2	2
361	2	1	2	1	2	1	1	1	1	0	1	1	1	2	1	2	1	1	1	1	2	2	0	2	2	1	2	2	0	0	2	2	2	2	2	2	2	2	2	2	2	2	2	2	2	2	2	2	2	0	2	2	2	2	2	2	2	2	2	2	0	2	0	0	2	2	2	2	2	0	0	1	2	2	0	2	1	0	2	1	1	0	0	2	1	2	0	2	1	0	0	2	1	1	2	2	2	2	0	2	2	2	0	2	2	2	2	2	2
362	1	0	2	0	2	0	0	0	0	0	0	0	0	2	0	2	0	0	0	1	2	2	2	2	2	0	2	2	0	0	2	2	2	2	2	2	2	2	2	2	2	2	2	2	2	2	2	2	2	0	2	2	2	2	2	2	2	2	2	2	2	2	0	0	2	2	2	2	2	0	0	0	2	1	1	2	0	0	2	0	0	0	0	2	1	2	0	2	1	0	0	2	1	1	2	2	2	2	1	2	2	2	0	2	2	2	2	2	2
363	2	1	2	0	2	0	0	0	0	1	0	0	0	2	0	2	0	0	0	1	2	2	1	2	2	0	2	2	0	0	2	2	2	2	2	2	2	2	2	2	2	2	2	2	2	2	2	2	2	0	2	2	2	2	2	2	2	2	2	2	1	2	0	0	2	2	2	2	2	0	0	0	2	2	1	2	1	0	2	0	1	0	0	2	1	2	0	2	1	0	0	2	1	2	2	2	2	2	1	2	2	2	0	2	2	2	2	2	2
364	2	0	2	0	2	0	0	0	0	0	0	0	0	2	0	2	0	0	0	2	2	2	1	2	2	1	2	2	0	0	2	2	2	2	2	2	2	2	2	2	2	2	2	2	2	2	2	2	2	0	2	2	2	2	2	2	2	2	2	2	1	2	0	0	2	2	2	2	2	0	0	1	2	1	0	2	0	0	2	0	0	0	0	2	0	2	0	2	0	0	0	2	0	0	2	2	2	2	0	2	2	2	0	2	2	2	2	2	2
365	1	0	2	0	2	0	0	0	0	0	0	0	0	2	0	2	0	0	0	2	2	2	2	2	2	1	2	2	1	1	2	2	2	2	2	2	2	2	2	2	2	2	2	2	2	2	2	2	2	0	2	2	2	2	2	2	2	2	2	2	2	2	1	1	2	2	2	2	2	0	0	1	2	1	0	2	1	0	2	1	1	0	0	2	1	2	0	2	1	0	0	2	1	1	2	2	2	2	0	2	2	2	0	2	2	2	1	2	2
366	0	0	2	0	2	0	0	0	0	1	0	0	0	2	0	2	0	0	0	2	2	2	1	2	2	2	2	2	1	1	2	2	2	2	2	2	2	2	2	2	2	2	2	2	2	2	2	2	2	0	2	2	2	2	2	2	2	2	2	2	1	2	1	1	2	2	2	2	2	0	0	2	2	2	0	2	1	0	2	1	1	0	0	2	1	2	0	2	1	0	0	2	1	1	2	2	2	2	0	2	2	2	0	2	2	2	2	2	2
367	2	1	2	1	2	1	1	1	1	0	1	1	1	2	1	2	1	1	1	2	2	2	0	2	2	1	2	2	0	0	2	2	2	2	2	2	2	2	2	2	2	2	2	2	2	2	2	2	2	0	2	2	2	2	2	2	2	2	2	2	0	2	0	0	2	2	2	2	2	0	0	1	2	2	0	2	1	0	2	1	1	0	0	2	1	2	0	2	1	0	0	2	1	1	2	2	2	2	0	2	2	2	1	2	2	2	2	2	2
368	1	0	2	0	2	0	0	0	0	1	0	0	0	2	0	2	0	0	0	2	2	2	1	2	2	2	2	2	1	1	2	2	2	2	2	2	2	2	2	2	2	2	2	2	2	2	2	2	2	0	2	2	2	2	2	2	2	2	2	2	1	2	1	1	2	2	2	2	2	0	0	2	2	2	0	2	1	0	2	1	1	0	0	2	1	2	0	2	1	0	0	2	1	1	2	2	2	2	0	2	2	2	0	2	2	2	2	2	2
369	1	0	2	0	2	0	0	1	0	1	1	0	0	2	0	2	0	1	0	2	2	2	1	2	2	1	2	2	1	1	2	2	2	2	2	2	2	2	2	2	2	2	2	2	2	2	2	2	2	0	2	2	2	2	2	2	2	2	2	2	1	2	1	1	2	2	2	2	2	0	0	1	2	2	0	2	2	0	2	1	2	0	0	2	2	2	0	2	2	0	0	2	2	2	2	2	2	2	1	2	2	2	0	2	2	1	1	2	2
370	1	1	2	1	2	1	1	1	1	0	1	1	1	2	1	2	1	1	1	2	2	2	0	2	2	1	2	2	0	0	2	2	2	2	2	2	2	2	2	2	2	2	2	2	2	2	2	2	2	0	2	2	2	2	2	2	2	2	2	2	0	2	0	0	2	2	2	2	2	0	0	1	2	2	0	2	1	0	2	1	1	0	0	2	1	2	0	2	1	0	0	2	1	1	2	2	2	2	0	2	2	2	0	2	2	2	2	2	2
371	2	1	2	1	2	1	1	1	1	0	1	1	1	2	1	2	1	1	1	2	2	2	1	2	2	0	2	2	0	0	2	2	2	2	2	2	2	2	2	2	2	2	2	2	2	2	2	2	2	0	2	2	2	2	2	2	2	2	2	2	1	2	0	0	2	2	2	2	2	0	0	0	2	1	0	2	1	0	2	1	1	0	0	2	1	2	0	2	1	0	0	2	1	1	2	2	2	2	0	2	2	2	0	2	2	2	2	2	2
372	1	0	2	0	2	0	0	0	0	0	0	0	0	2	0	2	0	0	0	2	2	2	2	2	2	0	2	2	0	0	2	2	2	2	2	2	2	2	2	2	2	2	2	2	2	2	2	2	2	0	2	2	2	2	2	2	2	2	2	2	2	2	0	0	2	2	2	2	2	0	0	0	2	1	1	2	0	0	2	0	0	0	0	2	0	2	0	2	0	0	0	2	0	1	2	2	2	2	0	2	2	2	0	2	2	2	2	2	2
