0	1	0	1	0	1	0	0	0	0	1	0	0	0	1	0	1	0	0	0	1	1	1	1	1	1	1	1	1	1	1	1	1	1	1	1	1	1	1	1	1	1	1	1	1	1	1	1	1	1	1	1	1	1	1	1	1	1	1	1	1	1	1	1	1	1	1	1	1	1	1	0	1	1	1	1	1	0	1	1	0	0	1	1	1	1	1	1	1	1	1	1	1	1	1	1	1	1	1	1	1	1	1	1	1	1	1	1	1	1
2	2	0	2	0	2	0	0	0	0	2	0	0	0	2	0	2	0	0	0	2	2	2	2	2	2	2	2	2	2	2	2	2	2	2	2	2	2	2	2	2	2	2	2	2	2	2	2	2	2	2	2	2	2	2	2	2	2	2	2	2	2	2	2	2	2	2	2	2	2	2	0	2	2	2	2	2	0	2	2	0	0	2	2	2	2	2	2	2	2	2	2	2	2	2	2	2	2	2	2	2	2	2	2	2	2	2	2	2	2
3	1	0	1	0	1	0	0	0	0	1	0	0	0	1	0	1	0	0	0	1	1	1	1	1	1	1	1	1	1	1	1	1	1	1	1	1	1	1	1	1	1	1	1	1	1	1	1	1	1	1	1	1	1	1	1	1	1	1	1	1	1	1	1	1	1	1	1	1	1	1	0	1	1	1	1	1	0	1	1	0	0	1	1	1	1	1	1	1	1	1	1	1	1	1	1	1	1	1	1	1	1	1	1	1	1	1	1	1	1
4	2	0	2	0	2	0	0	0	0	2	0	0	0	2	0	2	0	0	0	2	2	2	2	2	2	2	2	2	2	2	2	2	2	2	2	2	2	2	2	2	2	2	2	2	2	2	2	2	2	2	2	2	2	2	2	2	2	2	2	2	2	2	2	2	2	2	2	2	2	2	0	2	2	2	2	2	0	2	2	0	0	2	2	2	2	2	2	2	2	2	2	2	2	2	2	2	2	2	2	2	2	2	2	2	2	2	2	2	2
5	2	0	2	0	2	0	0	0	0	2	0	0	0	2	0	2	0	0	0	2	2	2	2	2	2	2	2	2	2	2	2	2	2	2	2	2	2	2	2	2	2	2	2	2	2	2	2	2	2	2	2	2	2	2	2	2	2	2	2	2	2	2	2	2	2	2	2	2	2	2	0	2	2	2	2	2	0	2	2	0	0	2	2	2	2	2	2	2	2	2	2	2	2	2	2	2	2	2	2	2	2	2	2	2	2	2	2	2	2
6	2	0	2	0	2	0	0	0	0	0	0	0	0	2	0	2	0	0	0	2	2	2	2	2	2	0	2	2	0	0	2	2	2	2	2	2	2	2	2	2	2	2	2	2	2	2	2	2	2	0	2	2	2	2	2	2	2	2	2	2	2	2	0	0	2	2	2	2	2	0	2	0	2	2	2	2	0	0	2	0	0	0	0	2	2	2	0	2	2	0	0	2	2	2	2	2	2	2	0	2	2	2	0	2	2	2	2	2	2
7	2	0	2	0	2	0	0	0	0	1	0	0	0	2	0	2	0	0	0	2	2	2	2	2	2	0	2	2	0	0	2	2	2	2	2	2	2	2	2	2	2	2	2	2	2	2	2	2	2	0	2	2	2	2	2	2	2	2	2	2	2	2	0	0	2	2	2	2	2	0	2	0	2	2	2	2	0	0	2	0	0	0	0	2	2	2	0	2	2	0	0	2	2	2	2	2	2	2	0	2	2	2	0	2	2	2	2	2	2
8	1	0	2	0	2	0	0	0	0	2	0	0	0	2	0	2	0	0	0	2	2	2	2	2	2	1	2	2	1	1	2	2	2	2	2	2	2	2	2	2	2	2	2	2	2	2	2	2	2	1	2	2	2	2	2	2	2	2	2	2	2	2	1	1	2	2	2	2	2	1	0	1	2	2	2	2	0	1	2	0	0	1	1	2	2	2	1	2	2	1	1	2	2	2	2	2	2	2	1	2	2	2	1	2	2	2	2	2	2
9	2	0	2	0	2	0	0	0	0	2	0	0	0	2	0	2	0	0	0	2	2	2	2	2	2	2	2	2	2	2	2	2	2	2	2	2	2	2	2	2	2	2	2	2	2	2	2	2	2	2	2	2	2	2	2	2	2	2	2	2	2	2	2	2	2	2	2	2	2	2	0	2	2	2	2	2	0	2	2	0	0	2	2	2	2	2	2	2	2	2	2	2	2	2	2	2	2	2	2	2	2	2	2	2	2	2	2	2	2
10	2	0	2	0	2	0	0	0	0	2	0	0	0	2	0	2	0	0	0	2	2	2	2	2	2	1	2	2	1	1	2	2	2	2	2	2	2	2	2	2	2	2	2	2	2	2	2	2	2	1	2	2	2	2	2	2	2	2	2	2	2	2	1	1	2	2	2	2	2	1	1	1	2	2	2	2	0	1	2	0	0	1	1	2	2	2	1	2	2	1	1	2	2	2	2	2	2	2	1	2	2	2	1	2	2	2	2	2	2
11	2	0	2	0	2	0	0	0	0	1	0	0	0	2	0	2	0	0	0	2	2	2	2	2	2	0	2	2	0	0	2	2	2	2	2	2	2	2	2	2	2	2	2	2	2	2	2	2	2	0	2	2	2	2	2	2	2	2	2	2	2	2	0	0	2	2	2	2	2	0	1	0	2	2	2	2	0	0	2	0	0	0	0	2	2	2	0	2	2	0	0	2	2	2	2	2	2	2	0	2	2	2	0	2	2	2	2	2	2
12	1	0	1	0	1	0	0	0	0	1	0	0	0	1	0	1	0	0	0	1	1	1	1	1	1	1	1	1	1	1	1	1	1	1	1	1	1	1	1	1	1	1	1	1	1	1	1	1	1	1	1	1	1	1	1	1	1	1	1	1	1	1	1	1	1	1	1	1	1	1	0	1	1	1	1	1	0	1	1	0	0	1	1	1	1	1	1	1	1	1	1	1	1	1	1	1	1	1	1	1	1	1	1	1	1	1	1	1	1
13	1	0	1	0	1	0	0	0	0	0	0	0	0	1	0	1	0	0	0	1	1	1	1	2	2	0	2	2	0	0	2	2	2	2	2	2	2	2	2	2	2	2	2	2	2	2	2	2	2	0	2	2	2	2	2	2	2	2	2	2	1	2	0	0	2	2	2	2	2	0	1	0	1	1	1	1	0	0	1	0	0	0	0	1	1	1	0	1	1	0	0	1	1	1	1	1	1	1	0	1	1	1	0	1	1	1	1	1	1
14	1	0	1	0	1	0	0	0	0	1	0	0	0	1	0	1	0	0	0	1	1	1	1	1	1	1	1	1	1	1	1	1	1	1	1	1	1	1	1	1	1	1	1	1	1	1	1	1	1	1	1	1	1	1	1	1	1	1	1	1	1	1	1	1	1	1	1	1	1	1	0	1	1	1	1	1	0	1	1	0	0	1	1	1	1	1	1	1	1	1	1	1	1	1	1	1	1	1	1	1	1	1	1	1	1	1	1	1	1
15	2	0	2	0	2	0	0	0	0	2	0	0	0	2	0	2	0	0	0	2	2	2	2	2	2	2	2	2	2	2	2	2	2	2	2	2	2	2	2	2	2	2	2	2	2	2	2	2	2	2	2	2	2	2	2	2	2	2	2	2	2	2	2	2	2	2	2	2	2	2	0	2	2	2	2	2	0	2	2	0	0	2	2	2	2	2	2	2	2	2	2	2	2	2	2	2	2	2	2	2	2	2	2	2	2	2	2	2	2
16	1	0	1	0	1	0	0	0	0	1	0	0	0	1	0	1	0	0	0	1	1	1	1	1	1	1	1	1	1	1	1	1	1	0	1	1	1	1	1	1	1	1	1	1	1	1	1	1	1	1	1	1	1	1	1	1	1	1	1	1	1	1	1	1	1	1	1	1	1	1	0	1	1	1	1	1	0	1	1	0	0	1	1	1	1	1	1	1	1	1	1	1	1	1	1	1	1	1	1	1	1	1	1	1	1	1	1	1	1
17	2	0	1	0	1	0	0	0	0	1	0	0	0	1	0	1	0	0	0	1	1	1	0	1	1	0	1	1	0	0	1	1	1	1	1	1	1	1	1	1	1	1	1	1	1	1	1	1	1	0	1	1	1	1	1	1	1	1	1	1	0	1	0	0	1	1	1	1	1	0	0	0	1	1	0	1	1	0	1	1	1	0	0	1	1	1	0	1	1	0	0	1	1	1	1	1	1	1	0	1	1	1	0	1	1	1	1	1	1
18	2	0	2	0	2	0	0	0	0	1	0	0	0	2	0	2	0	0	0	2	2	2	1	2	2	2	2	2	1	1	2	2	2	2	2	2	2	2	2	2	2	2	2	2	2	2	2	2	2	1	2	2	2	2	2	2	2	2	2	2	1	2	1	1	2	2	2	2	2	1	0	2	2	2	1	2	0	1	2	0	0	1	1	2	1	2	1	2	1	1	1	2	1	1	2	2	2	2	1	2	2	2	1	2	2	2	2	2	2
19	1	0	2	0	2	0	0	0	0	1	0	0	0	2	0	2	0	0	0	2	2	2	2	2	2	1	2	2	1	1	2	2	2	2	2	2	2	2	2	2	2	2	2	2	2	2	2	2	2	1	2	2	2	2	2	2	2	2	2	2	2	2	1	1	2	2	2	2	2	1	0	1	2	2	2	2	0	1	2	0	0	1	1	2	2	2	1	2	2	1	1	2	2	2	2	2	2	2	1	2	2	2	1	2	2	2	2	2	2
20	1	0	1	0	1	0	0	0	0	0	0	0	0	1	0	1	0	0	0	1	1	1	1	1	1	0	1	1	0	0	1	1	1	1	1	1	1	1	1	1	1	1	1	1	1	1	1	1	1	0	1	1	1	1	1	1	1	1	1	1	1	1	0	0	1	1	1	1	1	0	1	0	1	1	1	1	0	0	1	0	0	0	0	1	1	1	0	1	1	0	0	1	1	1	1	1	1	1	0	1	1	1	0	1	1	1	1	1	1
21	2	0	2	0	2	0	0	0	0	0	0	0	0	2	0	2	0	0	0	2	2	2	2	2	2	0	2	2	0	0	2	2	2	2	2	2	2	2	2	2	2	2	2	2	2	2	2	2	2	0	2	2	2	2	2	2	2	2	2	2	2	2	0	0	2	2	2	2	2	0	2	0	2	2	2	2	0	0	2	0	0	0	0	2	2	2	0	2	2	0	0	2	2	2	2	2	2	2	0	2	2	2	0	2	2	2	2	2	2
22	1	0	1	0	1	0	0	0	0	1	0	0	0	1	0	1	0	0	0	1	1	1	1	1	1	1	1	1	1	1	1	1	1	1	1	1	1	1	1	1	1	1	1	1	1	1	1	1	1	1	1	1	1	1	1	1	1	1	1	1	1	1	1	1	1	1	1	1	1	1	0	1	1	1	1	1	0	1	1	0	0	1	1	1	1	1	1	1	1	1	1	1	1	1	1	1	1	1	1	1	1	1	1	1	1	1	1	1	1
23	2	0	2	0	2	0	0	0	0	1	0	0	0	2	0	2	0	0	0	1	2	2	2	2	2	1	2	2	1	1	2	2	2	2	2	2	2	2	2	2	2	2	2	2	2	2	2	2	2	1	2	2	2	2	2	2	2	2	2	2	2	2	1	1	2	2	2	2	2	1	1	1	2	2	2	2	0	1	2	0	0	1	1	2	2	2	1	2	2	1	1	2	2	2	2	2	2	2	1	2	2	2	1	2	2	2	2	2	2
24	1	1	2	1	2	1	1	1	1	1	1	1	1	2	1	2	1	1	1	2	2	2	1	2	2	1	2	2	0	1	2	2	2	2	2	2	2	2	2	2	2	2	2	2	2	2	2	2	2	1	2	2	2	2	2	2	2	2	2	2	1	2	1	1	2	2	2	2	2	1	0	1	2	2	1	2	1	1	2	1	1	1	1	2	2	2	1	2	2	1	1	2	2	2	2	2	2	2	1	2	2	2	1	2	1	2	2	2	2
25	1	0	1	0	1	0	0	0	0	1	0	0	0	1	0	1	0	0	0	1	1	1	1	1	1	1	1	1	1	1	1	1	1	1	1	1	1	1	1	1	1	1	1	1	1	1	1	1	1	1	1	1	1	1	1	1	1	1	1	1	1	1	1	1	1	1	1	1	1	1	0	1	1	1	1	1	0	1	1	0	0	1	1	1	1	1	1	1	1	1	1	1	1	1	1	1	1	1	1	1	1	1	1	1	1	1	1	1	1
26	2	1	2	1	2	1	1	1	1	1	1	1	1	2	1	2	1	1	1	2	2	2	1	2	2	1	2	2	1	1	2	2	2	2	2	2	2	2	2	2	2	2	2	2	2	2	2	2	2	1	2	2	2	2	2	2	2	2	2	2	1	2	1	1	2	2	2	2	2	1	0	1	2	2	1	2	1	1	2	1	1	1	1	2	2	2	1	2	2	1	1	2	2	2	2	2	2	2	1	2	2	2	1	2	1	2	2	2	2
27	1	0	1	0	1	0	0	0	0	0	0	0	0	1	0	1	0	0	0	1	1	1	1	1	1	0	1	1	0	0	1	1	1	1	1	1	1	1	1	1	1	1	1	1	1	1	1	1	1	0	1	1	1	1	1	1	1	1	1	1	1	1	0	0	1	1	1	1	1	0	1	0	1	1	1	1	0	0	1	0	0	0	0	1	1	1	0	1	1	0	0	1	1	1	1	1	1	1	0	1	1	1	0	1	1	1	1	1	1
28	0	0	0	0	0	0	0	0	0	0	0	0	0	0	0	0	0	0	0	0	0	0	0	0	0	0	0	0	0	0	0	0	0	0	0	0	0	0	0	0	0	0	0	0	0	0	0	0	0	0	0	0	0	0	0	0	0	0	0	0	0	0	0	0	0	0	0	0	0	0	0	0	0	0	0	0	0	0	0	0	0	0	0	0	0	0	0	0	0	0	0	0	0	0	0	0	0	0	0	0	0	0	0	0	0	0	0	0	0
41	1	1	2	1	2	1	1	1	1	1	1	1	1	2	1	2	1	1	1	2	2	2	1	2	2	0	2	2	0	0	2	2	2	2	2	2	2	2	2	2	2	2	2	2	2	2	2	2	2	0	2	2	2	2	2	2	2	2	2	2	1	2	0	0	2	2	2	2	2	0	0	0	2	2	1	2	1	0	2	1	1	0	0	2	2	2	0	2	2	0	0	2	2	2	2	2	2	2	0	2	2	2	0	2	2	2	2	2	2
42	2	0	2	0	2	0	0	0	0	1	0	0	0	2	0	2	0	0	0	1	2	2	2	2	2	1	2	2	1	1	1	2	2	2	2	2	2	2	2	2	2	2	2	2	2	2	2	2	2	1	2	2	2	2	2	2	2	2	2	2	2	2	1	1	2	2	2	2	2	1	1	1	2	2	2	2	0	1	2	0	0	1	1	2	2	2	1	2	2	1	1	2	2	2	2	2	2	2	1	2	2	2	1	2	2	2	2	2	2
43	1	0	1	0	1	0	0	0	0	0	0	0	0	1	0	1	0	0	0	1	1	1	1	1	1	0	1	1	0	0	1	1	1	1	1	1	1	1	1	1	1	1	1	1	1	1	1	1	1	0	1	1	1	1	1	1	1	1	1	1	1	1	0	0	1	1	1	1	1	0	1	0	1	1	1	1	0	0	1	0	0	0	0	1	1	1	0	1	1	0	0	1	1	1	1	1	1	1	0	1	1	1	0	1	1	1	1	1	2
44	2	0	2	0	2	0	0	0	0	2	0	0	0	2	0	2	0	0	0	2	2	2	2	2	2	2	2	2	2	2	2	2	2	2	2	2	2	2	2	2	2	2	2	2	2	2	2	2	2	2	2	2	2	2	2	2	2	2	2	2	2	2	2	2	2	2	2	2	2	2	0	2	2	2	2	2	0	2	2	0	0	2	2	2	2	2	2	2	2	2	2	2	2	2	2	2	2	2	2	2	2	2	2	2	2	2	2	2	2
45	2	1	2	1	2	1	1	1	1	1	1	1	1	2	1	2	1	1	1	2	2	2	1	2	2	1	2	2	1	1	2	2	2	2	2	2	2	2	2	2	2	2	2	2	2	2	2	2	2	1	2	2	2	2	2	2	2	2	2	2	1	2	1	1	2	2	2	2	2	1	0	1	2	2	1	2	1	1	2	1	1	1	1	2	2	2	1	2	2	1	1	2	2	2	2	2	2	2	1	2	2	2	1	2	2	2	2	2	2
46	1	0	1	0	1	0	0	0	0	0	0	0	0	1	0	1	0	0	0	1	1	1	1	1	1	0	1	1	0	0	1	1	1	1	1	1	1	1	1	1	1	1	1	1	1	1	1	1	1	0	1	1	1	1	1	1	1	1	1	1	1	1	0	0	1	1	1	1	1	0	1	0	1	1	1	1	0	0	1	0	0	0	0	1	1	1	0	1	1	0	0	1	1	1	1	1	1	1	0	1	1	1	0	1	1	1	1	1	1
47	2	0	2	0	2	0	0	0	0	2	0	0	0	2	0	2	0	0	0	1	2	2	2	2	2	2	2	2	2	2	2	2	2	2	2	2	2	2	2	2	2	1	1	2	2	2	2	2	2	2	2	2	2	2	2	2	2	2	2	2	2	2	2	2	2	2	2	2	2	2	0	2	2	2	2	2	0	2	2	0	0	2	2	2	2	2	2	2	2	2	2	2	2	2	2	2	2	2	2	2	2	2	2	2	2	2	2	2	2
48	1	0	1	0	1	0	0	0	0	1	0	0	0	1	0	1	0	0	0	1	1	1	1	1	1	1	1	1	1	1	1	1	1	1	1	1	1	1	1	1	1	1	1	1	1	1	1	1	1	1	1	1	1	1	1	1	1	1	1	1	1	1	1	1	1	1	1	1	1	1	0	1	1	1	1	1	0	1	1	0	0	1	1	1	1	1	1	1	1	1	1	1	1	1	1	1	1	1	1	1	1	1	1	1	1	1	1	1	0
49	2	0	2	0	2	0	0	0	0	1	0	0	0	1	0	2	0	0	0	2	2	2	2	2	2	1	2	2	1	1	2	2	2	2	2	2	2	2	2	2	2	2	2	2	2	2	2	2	2	1	2	2	2	2	2	2	2	2	2	2	2	2	1	1	2	2	2	2	2	1	0	1	2	2	2	2	0	1	2	0	0	1	1	2	2	2	1	2	2	1	1	2	2	2	2	2	2	2	1	2	2	2	1	2	2	2	2	2	2
50	2	0	2	0	2	0	0	0	0	2	0	0	0	2	0	2	0	0	0	2	2	2	2	2	2	2	2	2	2	2	2	2	2	2	2	2	2	2	2	2	2	2	2	2	2	2	2	2	2	2	2	2	2	2	2	2	2	2	2	2	2	2	2	2	2	2	2	2	2	2	0	2	2	2	2	2	0	2	2	0	0	2	2	2	2	2	2	2	2	2	2	2	2	2	2	2	2	2	2	2	2	2	2	2	2	2	2	2	2
51	1	0	0	0	1	0	0	0	0	1	0	0	0	1	0	1	0	0	0	1	1	1	1	1	1	1	1	1	1	1	1	1	1	1	1	1	1	1	1	1	1	1	1	1	1	1	1	1	1	1	1	1	1	1	1	1	1	1	1	1	1	1	1	1	1	1	1	1	1	1	0	1	1	1	1	1	0	1	1	0	0	1	1	1	1	1	1	1	1	1	1	1	1	1	1	1	1	1	1	1	1	1	1	1	1	1	1	1	1
52	0	0	1	0	1	0	0	0	0	0	0	0	0	1	0	0	0	0	0	0	1	1	1	1	1	0	1	1	0	0	1	1	1	1	1	1	1	1	1	1	1	1	1	1	1	1	1	1	1	0	1	1	1	1	1	1	1	1	1	1	1	1	0	0	1	1	1	1	1	0	0	0	1	1	1	1	0	0	1	0	0	0	0	1	1	1	0	1	1	0	0	1	1	1	1	1	1	1	0	1	1	1	0	1	1	1	1	1	1
53	1	0	2	0	2	0	0	0	0	1	0	0	0	2	0	1	0	0	0	0	2	2	2	2	2	1	2	2	1	1	2	2	2	2	2	2	2	2	2	2	2	2	2	2	2	2	2	2	2	1	2	2	2	2	2	2	2	2	2	2	2	2	1	1	2	2	2	2	2	1	0	1	2	2	2	2	0	1	2	0	0	1	1	2	2	2	1	2	2	1	1	2	2	2	2	2	2	2	1	2	2	2	1	2	2	2	2	2	2
54	1	0	1	0	1	0	0	0	0	1	0	0	0	1	0	1	0	0	0	1	1	1	1	1	1	1	1	1	1	1	1	1	1	1	1	1	1	1	1	1	1	1	1	1	1	1	1	1	1	1	1	1	1	1	1	1	1	1	1	1	1	1	1	1	1	1	1	1	1	1	0	1	1	1	1	1	0	1	1	0	0	1	1	1	1	1	1	1	1	1	1	1	1	1	1	1	1	1	1	1	1	1	1	1	1	1	1	1	1
55	2	0	2	0	2	0	0	0	0	2	0	0	0	2	0	2	0	0	0	2	2	2	2	2	2	2	2	2	2	2	2	2	2	2	2	2	2	2	2	2	2	2	2	2	2	2	2	2	2	2	2	2	2	2	2	2	2	2	2	2	2	2	2	2	2	2	2	2	2	2	0	2	2	2	2	2	0	2	2	0	0	2	2	2	2	2	2	2	2	2	2	2	2	2	2	2	2	2	2	2	2	2	2	2	2	2	2	2	2
56	2	0	2	0	2	0	0	0	0	2	0	0	0	2	0	2	0	0	0	2	2	2	2	2	2	2	2	2	2	2	2	2	2	2	2	2	2	2	2	2	2	2	2	2	2	2	2	2	2	2	2	2	2	2	2	2	2	2	2	2	2	2	2	2	2	2	2	2	2	2	0	2	2	2	2	2	0	2	2	0	0	2	2	2	2	2	2	2	2	2	2	2	2	2	2	2	2	2	2	2	2	2	2	2	2	2	2	2	2
57	2	0	2	0	2	0	0	0	0	1	0	0	0	2	0	2	0	0	0	2	2	2	2	2	2	1	2	2	1	1	1	2	2	2	2	2	2	2	2	2	2	2	2	2	2	2	2	2	2	1	2	2	2	2	2	2	2	2	2	2	2	2	1	1	2	2	2	2	2	1	1	1	2	2	2	2	0	1	2	0	0	1	1	2	2	2	1	2	2	1	1	2	2	2	2	2	2	2	1	2	2	2	1	2	2	2	2	2	2
58	2	0	2	0	2	0	0	0	0	1	0	0	0	2	0	2	0	0	0	2	2	2	2	2	2	1	2	2	1	1	2	2	2	2	2	2	2	2	2	2	2	2	2	2	2	2	2	2	2	1	2	2	2	2	2	2	2	2	2	2	2	2	1	1	2	2	2	2	2	1	1	1	2	2	2	2	0	1	2	0	0	1	1	2	2	2	1	2	2	1	1	2	2	2	2	2	2	2	1	2	2	2	1	2	2	2	2	2	2
59	2	0	2	0	2	0	0	0	0	2	0	0	0	2	0	2	0	0	0	1	2	2	2	2	2	2	2	2	2	2	2	2	2	2	2	2	2	2	2	2	2	2	2	2	2	2	2	2	2	2	2	2	2	2	2	2	2	2	2	2	2	2	2	2	2	2	2	2	2	2	0	2	2	2	2	2	0	2	2	0	0	2	2	2	2	2	2	2	2	2	2	2	2	2	2	2	2	2	2	2	2	2	2	2	2	2	2	2	2
60	1	0	1	0	1	0	0	0	0	0	0	0	0	1	0	1	0	0	0	1	1	1	1	1	1	1	1	1	1	1	1	1	1	1	1	1	1	1	1	1	1	1	1	1	1	1	1	1	1	1	1	1	1	1	1	1	1	1	1	1	1	1	1	1	1	1	1	1	1	1	0	1	1	1	1	1	0	1	1	0	0	1	1	1	1	1	1	1	1	1	1	1	1	1	1	1	1	1	1	1	1	1	1	1	1	1	1	1	1
61	1	0	2	0	2	0	0	0	0	0	0	0	0	2	0	2	0	0	0	0	2	2	2	2	2	0	2	2	0	0	1	2	2	2	2	2	2	2	2	2	2	2	2	2	2	2	2	2	2	0	2	2	2	2	2	2	2	2	2	2	2	2	0	0	2	2	2	2	2	0	1	0	2	2	2	2	0	0	2	0	0	0	0	2	2	2	0	2	2	0	0	2	2	2	2	2	2	2	0	2	2	2	0	2	2	2	2	2	2
62	1	0	2	0	2	0	0	0	0	1	0	0	0	2	0	2	0	0	0	1	2	2	2	2	2	1	2	2	1	1	2	2	2	2	2	2	2	2	2	2	2	2	2	2	2	2	2	2	2	1	2	2	2	2	2	2	2	2	2	2	2	2	1	1	2	2	2	2	2	1	0	1	2	2	2	2	0	1	2	0	0	1	1	2	2	2	1	2	2	1	1	2	2	2	2	2	2	2	1	2	2	2	1	2	2	2	2	2	2
63	1	0	1	0	1	0	0	0	0	0	0	0	0	1	0	1	0	0	0	1	1	1	1	1	1	0	1	1	0	0	1	1	1	1	1	1	1	1	1	1	1	1	1	1	1	1	1	1	1	0	1	1	1	1	1	1	1	1	1	1	1	1	0	0	1	1	1	1	1	0	1	0	1	1	1	1	0	0	1	0	0	0	0	1	1	1	0	1	1	0	0	1	1	1	1	1	1	1	0	1	1	1	0	1	1	1	1	1	1
64	1	0	0	0	1	0	0	0	0	1	0	0	0	1	0	1	0	0	1	2	2	2	1	2	2	1	2	2	1	1	2	2	2	2	2	2	2	2	2	2	2	2	2	2	2	2	2	2	2	1	2	2	2	2	2	2	2	2	2	2	1	2	1	1	2	2	2	2	2	1	0	1	2	2	1	2	1	1	2	1	1	1	1	2	2	2	1	2	2	1	1	2	2	2	2	2	2	2	1	2	2	2	1	2	2	2	2	2	2
65	1	0	2	0	2	0	0	0	0	1	0	0	0	2	0	2	0	0	0	1	2	2	2	2	2	1	2	2	1	1	2	2	2	2	2	2	2	2	2	2	2	2	2	2	2	2	2	2	2	1	2	2	2	2	2	2	2	2	2	2	2	2	1	1	2	2	2	2	2	1	0	1	2	2	2	2	0	1	2	0	0	1	1	2	2	2	1	2	2	1	1	2	2	2	2	2	2	2	1	2	2	2	1	2	2	2	2	2	2
66	2	0	2	0	2	0	0	0	0	1	0	0	0	2	0	2	0	0	0	2	2	2	2	2	2	1	2	2	1	1	2	2	2	2	2	2	2	2	2	2	2	2	2	2	2	2	2	2	2	1	2	2	2	2	2	2	2	2	2	2	2	2	1	1	2	2	2	2	2	1	1	1	2	2	2	2	0	1	2	0	0	1	1	2	2	2	1	2	2	1	1	2	2	2	2	2	2	2	1	2	2	2	1	2	2	2	2	2	2
67	1	0	0	0	0	0	0	0	0	0	0	0	0	0	0	0	0	0	0	0	0	0	0	0	0	0	0	0	0	0	0	0	0	0	0	0	0	0	0	0	0	0	0	0	0	0	0	0	0	0	0	0	0	0	0	0	0	0	0	0	0	0	0	0	0	0	0	0	0	0	0	0	0	0	0	0	0	0	0	0	0	0	0	0	0	0	0	0	0	0	0	0	0	0	0	0	0	0	0	0	0	0	0	0	0	0	0	0	0
68	1	0	1	0	1	0	0	0	0	1	0	0	0	1	0	1	0	0	0	1	1	1	1	1	1	1	1	1	1	1	1	1	1	1	1	1	1	1	1	1	1	1	1	1	1	1	1	1	1	1	1	1	1	1	1	1	1	1	1	1	1	1	1	1	1	1	1	1	1	1	0	1	1	1	1	1	0	1	1	0	0	1	1	1	1	1	1	1	1	1	1	1	1	1	1	1	1	1	1	1	1	1	1	1	1	1	1	1	1
69	2	0	2	0	2	0	0	0	0	2	0	0	0	2	0	2	0	0	0	2	1	1	1	1	1	1	1	1	1	1	1	1	1	1	1	1	1	1	1	1	1	1	1	1	1	1	1	1	1	1	1	1	1	1	1	1	1	1	1	1	1	1	1	1	1	1	1	1	1	1	0	1	1	1	1	1	0	1	1	0	0	1	1	1	1	1	1	1	1	1	1	1	1	1	1	1	1	1	1	1	1	1	1	1	1	1	1	1	1
70	1	0	1	0	1	0	0	0	0	1	0	0	0	1	0	1	0	0	0	1	1	1	1	1	1	1	1	1	1	1	1	1	1	1	1	1	1	1	1	1	1	1	1	1	1	1	1	1	1	1	1	1	1	1	1	1	1	1	1	1	1	1	1	1	1	1	1	1	1	1	0	1	1	1	1	1	0	1	1	0	0	1	1	1	1	1	1	1	1	1	1	1	1	1	1	1	1	1	1	1	1	1	1	1	1	1	1	1	1
71	2	0	2	0	2	0	0	0	0	2	0	0	0	2	0	2	0	0	0	1	2	2	2	2	2	2	2	2	2	2	2	2	2	2	2	2	2	2	2	2	2	2	2	2	2	2	2	2	2	2	2	2	2	2	2	2	2	2	2	2	2	2	2	2	2	2	2	2	2	2	0	2	2	2	2	2	0	2	2	0	0	2	2	2	2	2	2	2	2	2	2	2	2	2	2	2	2	2	2	2	2	2	2	2	2	2	2	2	2
72	2	0	2	0	2	0	0	0	0	2	0	0	0	2	0	2	0	0	0	2	2	2	2	2	2	2	2	2	2	2	2	2	2	2	2	2	2	2	2	2	2	2	2	2	2	2	2	2	2	2	2	2	2	2	2	2	2	2	2	2	2	2	2	2	2	2	2	2	2	2	0	2	2	2	2	2	0	2	2	0	0	2	2	2	2	2	2	2	2	2	2	2	2	2	2	2	2	2	2	2	2	2	2	2	2	2	2	2	2
73	1	0	1	0	1	0	0	0	0	1	0	0	0	1	0	1	0	0	0	1	1	1	1	1	1	1	1	1	1	1	1	1	1	1	1	1	1	1	1	1	1	1	1	1	1	1	1	1	1	1	1	1	1	1	1	1	1	1	1	1	1	1	1	1	1	1	1	1	1	1	0	1	1	1	1	1	0	1	1	0	0	1	1	1	1	1	1	1	1	1	1	1	1	1	1	1	1	1	1	1	1	1	1	1	1	1	1	1	1
74	2	0	2	0	2	0	0	0	0	2	0	0	0	2	0	2	0	0	0	1	2	2	2	2	2	2	2	2	2	2	2	2	2	2	2	2	2	2	2	2	2	2	1	2	2	2	2	2	2	2	2	2	2	2	2	2	2	2	2	2	2	2	2	2	2	2	2	2	2	2	0	2	2	2	2	2	0	2	2	0	0	2	2	2	2	2	2	2	2	2	2	2	2	2	2	2	2	2	2	2	2	2	2	2	2	2	2	2	2
75	0	1	1	1	1	1	1	1	1	0	1	1	1	1	1	1	1	1	1	0	1	1	0	1	1	0	1	1	0	0	1	1	1	1	1	1	1	1	1	1	1	1	1	1	1	1	1	1	1	0	1	1	1	1	1	1	1	1	1	1	0	1	0	0	1	1	1	1	1	0	0	0	1	1	0	1	1	0	1	1	1	0	0	1	1	1	0	1	1	0	0	1	1	1	1	1	1	1	0	1	1	1	0	1	0	1	1	1	1
76	2	0	2	0	2	0	0	0	0	1	0	0	0	2	0	2	0	0	0	2	2	2	2	2	2	1	2	2	1	1	2	2	2	2	2	2	2	2	2	2	2	2	2	2	2	2	2	2	2	1	2	2	2	2	2	2	2	2	2	2	2	2	1	1	2	2	2	2	2	1	1	1	2	2	2	2	0	1	2	0	0	1	1	2	2	2	1	2	2	1	1	2	2	2	2	2	2	2	1	2	2	2	1	2	2	2	2	2	2
77	0	0	0	0	0	0	0	0	0	0	0	0	0	0	0	0	0	0	0	0	0	0	0	0	0	0	0	0	0	0	0	0	0	0	0	0	0	0	0	0	0	0	0	0	0	0	0	0	0	0	0	0	0	0	0	0	0	0	0	0	0	0	0	0	0	0	0	0	0	0	0	0	0	0	0	0	0	0	0	0	0	0	0	0	0	0	0	0	0	0	0	0	0	0	0	0	0	0	0	0	0	0	0	0	0	0	0	0	0
78	1	0	2	0	2	0	0	0	0	1	0	0	0	2	0	2	0	0	0	1	2	2	2	2	2	1	2	2	1	1	2	2	2	2	2	2	2	2	2	2	2	2	2	2	2	2	2	2	2	1	2	2	2	2	2	2	2	2	2	2	2	2	1	1	2	2	2	2	2	1	0	1	2	2	2	2	0	1	2	0	0	1	1	2	2	2	1	2	2	1	1	2	2	2	2	2	2	2	1	2	2	2	1	2	2	2	2	2	2
79	1	0	1	0	1	0	0	0	0	0	0	0	0	1	0	1	0	0	0	1	1	1	1	1	1	0	1	1	0	0	1	1	1	1	1	1	1	1	1	1	1	1	1	1	1	1	1	1	1	0	1	1	1	1	1	1	1	1	1	1	1	1	0	0	1	1	1	1	1	0	1	0	1	1	1	1	0	0	1	0	0	0	0	1	1	1	0	1	1	0	0	1	1	1	1	1	1	1	0	1	1	1	0	1	1	1	1	1	1
80	1	0	1	0	1	0	0	0	0	1	0	0	0	1	0	1	0	0	0	1	1	1	1	1	1	1	1	1	1	1	1	1	1	1	1	1	1	1	1	1	1	1	1	1	1	1	1	1	1	1	1	1	1	1	1	1	1	1	1	1	1	1	1	1	1	1	1	1	1	1	0	1	1	1	1	1	0	1	1	0	0	1	1	1	1	1	1	1	1	1	1	1	1	1	1	1	1	1	1	1	1	1	1	1	1	1	1	1	1
81	2	1	2	1	2	1	1	1	1	1	1	1	1	2	1	2	1	1	1	2	2	2	1	2	2	1	2	2	1	1	2	2	2	2	2	2	2	2	2	2	2	2	2	2	2	2	2	2	2	1	2	2	2	2	2	2	2	2	2	2	1	2	1	1	2	2	2	2	2	1	0	1	2	2	1	2	1	1	2	1	1	1	1	2	2	2	1	2	2	1	1	2	2	2	2	2	2	2	1	2	2	2	1	2	2	2	2	2	2
82	1	0	1	0	1	0	0	0	0	0	0	0	0	1	0	1	0	0	0	1	1	1	1	1	1	0	1	1	0	0	1	1	1	1	1	1	1	1	1	1	1	1	1	1	1	1	1	1	1	0	1	1	1	1	1	1	1	1	1	1	1	1	0	0	1	1	1	1	1	0	1	0	1	1	1	1	0	0	1	0	0	0	0	1	1	1	0	1	1	0	0	1	1	1	1	1	1	1	0	1	1	1	0	1	1	1	1	1	1
83	2	0	2	0	2	0	0	0	0	2	0	0	0	2	0	2	0	0	0	2	2	2	2	2	2	2	2	2	2	2	2	2	2	2	2	2	2	2	2	2	2	2	2	2	2	2	2	2	2	2	2	2	2	2	2	2	2	2	2	2	2	2	2	2	2	2	2	2	2	2	0	2	2	2	2	2	0	2	2	0	0	2	2	2	2	2	2	2	2	2	2	2	2	2	2	2	2	2	2	2	2	2	2	2	2	2	2	2	2
84	2	0	1	0	1	0	0	0	0	1	0	0	0	1	0	1	0	0	0	1	1	1	1	1	1	1	1	1	1	1	1	1	1	1	1	1	1	1	1	1	1	1	1	1	1	1	1	1	1	1	1	1	1	1	1	1	1	1	1	1	1	1	1	1	1	1	1	1	1	1	0	1	1	1	1	1	0	1	1	0	0	1	1	1	1	1	1	1	1	1	1	1	1	1	1	1	1	1	1	1	1	1	1	1	1	1	1	1	1
85	2	0	2	0	2	0	0	0	0	1	0	0	0	2	0	2	0	0	0	2	2	2	2	2	2	1	2	2	1	1	2	2	2	2	2	2	2	2	2	2	2	2	2	2	2	2	2	2	2	1	2	2	2	2	2	2	2	2	2	2	2	2	1	1	2	2	2	2	2	1	1	1	2	2	2	2	0	1	2	0	0	1	1	2	2	2	1	2	2	1	1	2	2	2	2	2	2	2	1	2	2	2	1	2	2	2	2	2	2
86	1	0	1	0	1	0	0	0	0	1	0	0	0	1	0	1	0	0	0	1	1	1	1	1	1	1	1	1	1	1	1	1	1	1	1	1	1	1	1	1	1	1	1	1	1	1	1	1	1	1	1	1	1	1	1	1	1	1	1	1	1	1	1	1	1	1	1	1	1	1	0	1	1	1	1	1	0	1	1	0	0	1	1	1	1	1	1	1	1	1	1	1	1	1	1	1	1	1	1	1	1	1	1	1	1	1	1	1	1
87	1	0	2	0	2	0	0	0	0	0	0	0	0	2	0	2	0	0	0	1	2	2	2	2	2	1	2	2	1	1	2	2	2	2	2	2	2	2	2	2	2	2	2	2	2	2	2	2	2	1	2	2	2	2	2	2	2	2	2	2	2	2	1	1	2	2	2	2	2	1	0	1	2	2	2	2	0	1	2	0	0	1	1	2	2	2	1	2	2	1	1	2	2	2	2	2	2	2	1	2	2	2	1	2	2	2	2	2	2
88	1	1	2	1	2	1	1	1	1	1	1	1	1	2	1	2	1	1	1	2	2	2	1	2	2	1	2	2	1	1	2	2	2	2	2	2	2	2	2	2	2	2	2	2	2	2	2	2	2	1	2	2	2	2	2	2	2	2	2	2	1	2	1	1	2	2	2	2	2	1	0	1	2	2	1	2	1	1	2	1	1	1	1	2	2	2	1	2	2	1	1	2	2	2	2	2	2	2	1	2	2	2	1	2	1	2	2	2	2
89	1	0	1	0	1	0	0	0	0	0	0	0	0	0	0	1	0	0	0	1	1	1	1	1	1	0	1	1	0	0	1	1	1	1	1	1	1	1	1	1	1	1	1	1	1	1	1	1	1	0	1	1	1	1	1	1	1	1	1	1	1	1	0	0	1	1	1	1	1	0	0	0	1	1	1	1	0	0	1	0	0	0	0	1	1	1	0	1	1	0	0	1	1	1	1	1	1	1	0	1	1	1	0	1	1	1	1	1	1
90	1	0	1	0	1	0	0	0	0	0	0	0	0	1	0	1	0	0	0	0	1	1	1	1	1	0	1	1	0	0	1	1	1	1	1	1	1	1	1	1	1	1	1	1	1	1	1	1	1	0	1	1	1	1	1	1	1	1	1	1	1	1	0	0	1	1	1	1	1	0	1	0	1	1	1	1	0	0	1	0	0	0	0	1	1	1	0	1	1	0	0	1	1	1	1	1	1	1	0	1	1	1	0	1	1	1	1	1	1
91	2	0	2	0	2	0	0	0	0	1	0	0	0	2	0	2	0	0	0	2	2	2	2	2	2	1	2	2	1	1	2	2	2	2	2	2	2	2	2	2	2	2	2	2	2	2	2	2	2	1	2	2	2	2	2	2	2	2	2	2	2	2	1	1	2	2	2	2	2	1	1	1	2	2	2	2	0	1	2	0	0	1	1	2	2	2	1	2	2	1	1	2	2	2	2	2	2	2	1	2	2	2	1	2	2	2	2	2	2
92	2	0	2	0	2	0	0	0	0	2	0	0	0	2	0	2	0	0	0	2	2	2	2	2	2	2	2	2	2	2	2	2	2	2	2	2	2	2	2	2	2	2	2	2	2	2	2	2	2	2	2	2	2	2	2	2	2	2	2	2	2	2	2	2	2	2	2	2	2	2	0	2	2	2	2	2	0	2	2	0	0	2	2	2	2	2	2	2	2	2	2	2	2	2	2	2	2	2	2	2	2	2	2	2	2	2	2	2	2
93	1	1	1	0	1	1	1	1	1	0	1	1	1	1	1	1	1	1	1	1	1	1	0	1	1	0	1	1	0	0	1	1	1	1	1	1	1	1	1	1	1	1	1	1	1	1	1	1	1	0	1	1	1	1	1	1	1	1	1	1	0	1	0	0	1	1	1	1	1	0	0	0	1	1	0	1	1	0	1	1	1	0	0	1	1	1	0	1	1	0	0	1	1	1	1	1	1	1	0	1	1	1	0	1	1	1	1	1	1
94	1	0	2	0	2	0	0	0	0	1	0	0	0	1	0	1	0	0	0	2	1	1	1	1	1	1	1	1	1	1	1	1	2	1	1	1	1	1	1	1	1	1	1	1	1	1	1	1	1	1	1	1	1	1	1	1	1	1	1	1	1	1	1	1	1	1	1	1	1	1	0	1	1	1	1	1	0	1	1	0	0	1	1	1	1	1	1	1	1	1	1	1	1	1	1	1	1	1	1	1	1	1	1	1	1	1	1	1	2
95	1	0	2	0	2	0	0	0	0	0	0	0	0	2	0	2	0	0	0	2	2	2	2	2	2	0	2	2	0	0	2	2	2	2	2	2	2	2	2	2	2	2	2	2	2	2	2	2	2	0	2	2	2	2	2	2	2	2	2	2	2	2	0	0	2	2	2	2	2	0	2	0	2	2	2	2	0	0	2	0	0	0	0	2	2	2	0	2	2	0	0	2	2	2	2	2	2	2	0	2	2	2	0	2	2	2	2	2	2
96	2	0	2	0	2	0	0	0	0	2	0	0	0	2	0	1	0	0	0	1	1	1	1	1	1	1	1	1	1	1	1	1	1	1	1	1	1	1	1	1	1	1	1	1	1	1	1	1	1	1	1	1	1	1	1	1	1	1	1	1	1	1	1	1	1	1	1	1	1	1	0	1	1	1	1	1	0	1	1	0	0	1	1	1	1	1	1	1	1	1	1	1	1	1	1	1	1	1	1	1	1	1	1	1	1	1	1	1	1
97	1	1	2	1	2	1	1	1	1	0	1	1	1	1	1	2	1	1	1	2	2	2	1	2	2	0	2	2	0	0	2	2	2	2	2	2	2	2	2	2	2	2	2	2	2	2	2	2	2	0	2	2	2	2	2	2	2	2	2	2	1	2	0	0	2	2	2	2	2	0	1	0	2	2	1	2	1	0	2	1	1	0	0	2	2	2	0	2	2	0	0	2	2	2	2	2	2	2	0	2	2	2	0	2	2	2	2	2	2
98	2	0	2	0	2	0	0	0	0	2	0	0	0	2	0	2	0	0	0	2	2	2	2	2	2	2	2	2	2	2	2	2	2	2	2	2	2	2	2	2	2	2	2	2	2	2	2	2	2	2	2	2	2	2	2	2	2	2	2	2	2	2	2	2	2	2	2	2	2	2	0	2	2	2	2	2	0	2	2	0	0	2	2	1	2	2	2	2	2	2	2	2	2	2	2	2	2	2	2	2	2	2	2	2	2	2	2	2	2
99	1	1	2	1	2	1	1	1	1	0	1	1	1	2	1	2	1	0	0	0	2	2	2	2	2	1	2	2	1	1	2	2	2	2	2	2	2	2	2	2	2	2	2	2	2	2	2	2	2	1	2	2	2	2	2	2	2	2	2	2	2	2	1	1	2	2	2	2	2	1	0	1	2	2	2	2	0	1	2	0	0	1	1	2	2	2	1	2	2	1	1	2	2	2	2	2	2	2	1	2	2	2	1	2	2	2	2	2	2
100	1	0	1	0	1	0	0	0	0	0	0	0	0	1	0	1	0	0	0	0	1	1	1	1	1	0	1	1	0	0	1	1	1	1	1	1	1	1	1	1	1	1	1	1	1	1	1	1	1	0	1	1	1	1	1	1	1	1	1	1	1	1	0	0	1	1	1	1	1	0	0	0	1	1	1	1	0	0	1	0	0	0	0	1	1	1	0	1	1	0	0	1	1	1	1	1	1	1	0	1	1	1	0	1	1	1	1	1	1
101	1	0	1	0	1	0	0	0	0	1	0	0	0	1	0	1	0	0	0	1	1	1	1	1	1	1	1	1	1	1	1	1	1	1	1	1	1	1	1	1	1	1	1	1	1	1	1	1	1	1	1	1	1	1	1	1	1	1	1	1	1	1	1	1	1	1	1	1	1	1	0	1	1	1	1	1	0	1	1	0	0	1	1	1	1	1	1	1	1	1	1	1	1	1	1	1	1	1	1	0	0	0	0	0	0	0	0	1	1
102	2	0	2	0	2	0	0	0	0	1	0	0	0	2	0	2	0	0	0	2	2	2	2	2	2	1	2	2	1	1	2	2	2	2	2	2	2	2	2	2	2	2	2	2	2	2	2	2	2	1	2	2	2	2	2	2	2	2	2	2	2	2	1	1	2	2	2	2	2	1	1	1	2	2	2	2	0	1	2	0	0	1	1	2	2	2	1	2	2	1	1	2	2	2	2	2	2	2	1	2	2	2	1	2	2	2	2	2	2
103	0	1	1	1	1	1	1	1	1	0	1	1	1	1	1	1	1	1	1	1	1	1	0	1	1	0	1	1	0	0	1	1	1	1	1	1	1	1	1	1	1	1	1	1	1	1	1	1	1	0	1	1	1	1	1	1	1	1	1	1	0	1	0	0	1	1	1	1	1	0	0	0	1	1	0	1	1	0	1	1	1	0	0	1	1	1	0	1	1	0	0	1	1	1	1	1	1	1	0	1	1	1	0	1	1	1	1	1	1
104	2	1	2	1	2	1	1	1	1	1	1	1	1	2	1	2	1	0	0	1	2	2	2	2	2	2	2	2	2	2	2	2	2	2	2	2	2	2	2	2	2	2	2	2	2	2	2	2	2	2	2	2	2	2	2	2	2	2	2	2	2	2	2	2	2	2	2	2	2	2	0	2	2	2	2	2	0	2	2	0	0	2	2	2	2	2	2	2	2	2	2	2	2	2	2	2	2	2	2	2	2	2	2	2	2	2	2	2	2
105	1	1	2	1	2	1	1	1	1	0	1	1	1	2	1	2	1	1	1	2	2	2	1	2	2	0	2	2	0	0	2	2	2	2	2	2	2	2	2	2	2	2	2	2	2	2	2	2	2	0	2	2	2	2	2	2	2	2	2	2	1	2	0	0	2	2	2	2	2	0	1	0	2	2	1	2	1	0	2	1	1	0	0	2	2	2	0	2	2	0	0	2	2	2	2	2	2	2	0	2	2	2	0	2	2	2	2	2	2
106	2	0	2	0	2	0	0	0	0	1	0	0	0	2	0	2	0	0	0	2	2	2	2	2	2	1	2	2	1	1	2	2	2	2	2	2	2	2	2	2	2	2	2	2	2	2	2	2	2	1	2	2	2	2	2	2	2	2	2	2	2	2	1	1	2	2	2	2	2	1	1	1	2	2	2	2	0	1	2	0	0	1	1	2	2	2	1	2	2	1	1	2	2	2	2	2	2	2	1	2	2	2	1	2	2	2	2	2	2
107	2	0	2	0	2	0	0	0	0	1	0	0	0	2	0	2	0	0	0	2	2	2	2	2	2	1	2	2	1	1	2	2	2	2	2	2	2	2	2	2	2	2	2	2	2	2	2	2	2	1	2	2	2	2	2	2	2	2	2	2	2	2	1	1	2	2	2	2	2	1	1	1	2	2	2	2	0	1	2	0	0	1	1	2	2	2	1	2	2	1	1	2	2	2	2	2	2	2	1	2	2	2	1	2	2	2	2	2	2
108	2	0	2	0	2	0	0	0	0	2	0	0	0	2	0	2	0	0	0	2	2	2	2	2	2	1	2	2	1	1	2	2	2	2	2	2	2	2	2	2	2	2	2	2	2	2	2	2	2	1	2	2	2	2	2	2	2	2	2	2	2	2	1	1	2	2	2	2	2	1	0	1	2	2	2	2	0	1	2	0	0	1	1	2	2	2	1	2	2	1	1	2	2	2	2	2	2	2	1	2	2	2	1	2	2	2	2	2	2
109	2	1	2	1	2	1	1	1	1	1	1	1	1	2	1	2	1	1	1	2	2	2	1	2	2	1	2	2	1	1	2	2	2	2	2	2	2	2	2	2	2	2	2	2	2	2	2	2	2	1	2	2	2	2	2	2	2	2	2	2	1	2	1	1	2	2	2	2	2	1	0	1	2	2	1	2	1	1	2	1	1	1	1	2	2	2	1	2	2	1	1	2	2	2	2	2	2	2	1	2	2	2	1	2	2	2	2	2	2
110	2	1	2	1	2	1	1	1	1	0	1	1	1	2	1	2	1	1	1	2	2	2	0	2	2	1	2	2	0	0	2	2	2	2	2	2	2	2	2	2	2	2	2	2	2	2	2	2	2	0	2	2	2	2	2	2	2	2	2	2	0	2	0	0	2	2	2	2	2	0	0	1	2	2	0	2	1	0	2	1	1	0	0	2	1	2	0	2	1	0	0	2	1	1	2	2	2	2	0	2	2	2	0	2	2	2	2	2	2
111	1	0	2	0	2	0	0	0	0	0	0	0	0	2	0	2	0	0	0	1	2	2	2	2	2	0	2	2	0	0	2	2	2	2	2	2	2	2	2	2	2	2	2	2	2	2	2	2	2	0	2	2	2	2	2	2	2	2	2	2	2	2	0	0	2	2	2	2	2	0	1	0	2	2	2	2	0	0	2	0	0	0	0	2	2	2	0	2	2	0	0	2	2	2	2	2	2	2	0	2	2	2	0	2	2	2	2	2	2
112	2	0	2	0	2	0	0	0	0	2	0	0	0	2	0	2	0	0	0	2	2	2	2	2	2	2	2	2	2	2	2	2	2	2	2	2	2	2	2	2	2	2	2	2	2	2	2	2	2	2	2	2	2	2	2	2	2	2	2	2	2	2	2	2	2	2	2	2	2	2	0	2	2	2	2	2	0	2	2	0	0	2	2	2	2	2	2	2	2	2	2	2	2	2	2	2	2	2	2	2	2	2	2	2	2	2	2	2	2
113	2	0	2	0	2	0	0	0	0	2	0	0	0	2	0	2	0	0	0	1	2	2	2	2	2	2	2	2	2	2	2	2	2	2	2	2	2	2	2	2	2	2	2	2	2	2	2	2	2	2	2	2	2	2	2	2	2	2	2	2	2	2	2	2	2	2	2	2	2	2	0	2	2	2	2	2	0	2	2	0	0	2	2	2	2	2	2	2	2	2	2	2	2	2	2	2	2	2	2	2	2	2	2	2	2	2	2	2	2
114	1	0	2	0	2	0	0	0	0	0	0	0	0	2	0	2	0	0	0	1	2	2	2	2	2	0	2	2	0	0	2	2	2	2	2	2	2	2	2	2	2	2	2	2	2	2	2	2	2	0	2	2	2	2	2	2	2	2	2	2	2	2	0	0	2	2	2	2	2	0	1	0	2	2	2	2	0	0	2	0	0	0	0	2	2	2	0	2	2	0	0	2	2	2	2	2	2	2	0	2	2	2	1	2	2	2	2	2	2
115	1	1	2	1	2	1	1	1	1	1	1	1	1	2	1	2	1	1	1	2	2	2	1	2	2	1	2	2	1	1	2	2	2	2	2	2	2	2	2	2	2	2	2	2	2	2	2	2	2	1	2	2	2	2	2	2	2	2	2	2	1	2	1	1	2	2	2	2	2	1	0	1	2	2	1	2	1	1	2	1	1	1	1	2	2	2	1	2	2	1	1	2	2	2	2	2	2	2	1	2	2	2	1	2	1	2	2	2	2
117	2	0	1	0	2	0	0	0	0	1	0	0	0	2	0	2	0	0	0	2	2	1	2	2	2	1	2	2	1	1	2	2	2	2	2	2	2	2	2	2	2	2	2	2	2	2	2	2	2	1	2	2	2	2	2	2	2	2	2	2	2	2	1	1	2	2	2	2	2	1	1	1	2	2	2	2	0	1	2	0	0	1	1	2	2	2	1	2	2	1	1	2	2	2	2	2	2	2	1	2	2	2	1	2	2	2	1	2	2
118	2	0	2	0	2	0	0	0	0	1	0	0	0	2	0	2	0	0	0	2	2	2	2	2	2	1	2	2	1	1	2	2	2	2	2	2	2	2	2	2	2	2	2	2	2	2	2	2	2	1	2	2	2	2	2	2	2	2	2	2	2	2	1	1	2	2	2	2	2	1	1	1	2	2	2	2	0	1	2	0	0	1	1	2	2	2	1	2	2	1	1	2	2	2	2	2	2	2	1	2	2	2	1	2	2	2	2	2	2
119	2	0	1	0	2	0	0	0	0	2	0	0	0	2	0	2	0	0	0	2	2	1	2	2	2	2	2	2	2	2	2	2	2	2	2	2	2	2	2	2	2	2	2	2	2	2	2	2	2	2	2	2	2	2	2	2	2	2	2	2	2	2	1	2	2	2	2	2	2	2	0	2	2	2	2	2	0	2	2	0	0	2	2	1	2	2	2	2	2	2	2	2	2	2	2	2	2	2	1	2	2	2	2	2	2	2	1	2	2
120	1	0	1	0	1	0	0	0	0	0	0	0	0	1	0	1	0	0	0	1	1	1	1	1	1	0	1	1	0	0	1	1	1	1	1	1	1	1	1	1	1	1	1	1	1	1	1	1	1	0	1	1	1	1	1	1	1	1	1	1	1	1	0	0	1	1	1	1	1	0	1	0	1	1	1	1	0	0	1	0	0	0	0	1	1	1	0	1	1	0	0	1	1	1	1	1	1	1	0	1	1	1	0	1	1	1	1	1	1
121	1	0	1	0	1	0	0	0	0	1	0	0	0	1	0	1	0	0	0	1	1	1	1	1	1	1	1	1	1	1	1	1	1	1	1	1	1	1	1	1	1	1	1	1	1	1	1	1	1	1	1	1	1	1	1	1	1	1	1	1	1	1	1	1	1	1	1	1	1	1	0	1	1	1	1	1	0	1	1	0	0	1	1	1	1	1	1	1	1	1	1	1	1	1	1	1	1	1	1	1	1	1	1	1	1	1	1	1	1
122	2	0	2	0	2	0	0	0	0	1	0	0	0	2	0	2	0	0	0	2	2	2	2	2	2	2	2	2	2	2	2	2	2	2	2	2	2	2	2	2	2	2	2	2	2	2	2	2	2	2	2	2	2	2	2	2	2	2	2	2	2	2	2	2	2	2	2	2	2	2	0	2	2	2	2	2	0	2	2	0	0	2	2	2	2	2	2	2	2	2	2	2	2	2	2	2	2	2	2	2	2	2	2	2	2	2	2	2	2
123	2	0	2	0	2	0	0	0	0	1	0	0	0	2	0	1	0	0	0	0	1	1	1	1	1	1	1	1	1	1	1	1	1	1	1	1	1	1	1	1	1	1	1	1	1	1	1	1	1	1	1	1	1	1	1	1	1	1	1	1	1	1	1	1	1	1	1	1	1	1	0	1	1	1	1	1	0	1	1	0	0	1	1	1	1	1	1	1	1	1	1	1	1	1	1	1	1	1	1	1	1	1	1	1	1	1	1	1	1
124	2	0	2	0	2	0	0	0	0	2	0	0	0	2	0	2	0	0	0	1	2	2	2	2	2	2	2	2	2	2	2	2	2	2	2	2	2	2	2	2	2	2	2	2	2	2	2	2	2	2	2	2	2	2	2	2	2	2	2	2	2	2	2	2	2	2	2	2	2	2	0	2	2	2	2	2	0	2	2	0	0	2	2	2	2	2	2	2	2	2	2	2	2	2	2	2	2	2	2	2	2	2	2	2	2	2	2	2	2
125	1	0	1	0	1	0	0	0	0	1	0	0	0	1	0	1	0	0	0	1	1	1	1	1	1	1	1	1	1	1	1	1	1	1	1	1	1	1	1	1	1	1	1	1	1	1	1	1	1	1	1	1	1	1	1	1	1	1	1	1	1	1	1	1	1	1	1	1	1	1	0	1	1	1	1	1	0	1	1	0	0	1	1	1	1	1	1	1	1	1	1	1	1	1	1	1	1	1	1	1	1	1	1	1	1	1	1	1	1
126	1	0	1	0	1	0	0	0	0	1	0	0	0	1	0	0	0	0	0	0	0	0	0	0	0	0	0	0	0	0	0	0	0	0	0	0	0	0	0	0	0	0	0	0	0	0	0	0	0	0	0	0	0	0	0	0	0	0	0	0	0	0	0	0	0	0	0	0	0	0	0	0	0	0	0	0	0	0	0	0	0	0	0	0	0	0	0	0	0	0	0	0	0	0	0	0	0	0	0	0	0	0	0	0	0	0	0	0	0
127	2	1	2	1	2	1	1	1	1	1	1	1	1	2	1	2	1	1	1	2	2	2	1	2	2	1	2	2	1	1	2	2	2	2	2	2	2	2	2	2	2	2	2	2	2	2	2	2	2	1	2	2	2	2	2	2	2	2	2	2	1	2	1	1	2	2	2	2	2	1	0	1	2	2	1	2	1	1	2	1	1	1	1	2	2	2	1	2	2	1	1	2	2	2	2	2	2	2	1	2	2	2	1	2	2	2	2	2	2
128	2	0	2	0	2	0	0	0	0	2	0	0	0	2	0	2	0	0	0	2	2	2	2	2	2	2	2	2	2	2	2	2	2	2	2	2	2	2	2	2	2	2	2	2	2	2	2	2	2	2	2	2	2	2	2	2	2	2	2	2	2	2	2	2	2	2	2	2	2	2	0	2	2	2	2	2	0	2	2	0	0	2	2	2	2	2	2	2	2	2	2	2	2	2	2	2	2	2	2	2	2	2	2	2	2	2	2	2	2
129	2	0	2	0	2	0	0	0	0	1	0	0	0	2	0	2	1	1	1	2	2	2	1	2	2	1	2	2	1	1	2	2	2	2	2	2	2	2	2	2	2	2	2	2	2	2	2	2	2	1	2	2	2	2	2	2	2	2	2	2	1	2	1	1	2	2	2	2	2	1	0	1	2	2	1	2	1	1	2	1	1	1	1	2	2	2	1	2	2	1	1	2	2	2	2	2	2	2	1	2	2	2	1	2	2	2	2	2	2
130	2	0	2	0	2	0	0	0	0	2	0	0	0	2	0	2	0	0	0	2	2	2	2	2	2	2	2	2	2	2	2	2	2	2	2	2	2	2	2	2	2	2	2	2	2	2	2	2	2	2	2	2	2	2	2	2	2	2	2	2	2	2	2	2	2	2	2	2	2	2	0	2	2	2	2	2	0	2	2	0	0	2	2	2	2	2	2	2	2	2	2	2	2	2	2	2	2	2	2	2	2	2	2	2	2	2	2	2	2
131	2	0	2	0	2	0	0	0	0	2	0	0	0	2	0	2	0	0	0	2	2	2	2	2	2	2	2	2	2	2	2	2	2	2	2	2	2	2	2	2	2	2	2	2	2	2	2	2	2	2	2	2	2	2	2	2	2	2	2	2	2	2	2	2	2	2	2	2	2	2	0	2	2	2	2	2	0	2	2	0	0	2	2	2	2	2	2	2	2	2	2	2	2	2	2	2	2	2	1	2	2	2	2	2	2	2	2	2	2
132	1	0	1	0	1	0	0	0	0	1	0	0	0	1	0	1	0	0	0	1	1	1	1	1	1	1	1	1	1	1	1	1	1	1	1	1	1	1	1	1	1	1	1	1	1	1	1	1	1	1	1	1	1	1	1	1	1	1	1	1	1	1	1	1	1	1	1	1	1	1	0	1	1	1	1	1	0	1	1	0	0	1	1	1	1	1	1	1	1	1	1	1	1	1	1	1	1	1	1	1	1	1	1	1	1	1	1	1	1
133	2	0	2	0	2	0	0	0	0	1	0	0	0	2	0	2	0	0	0	2	2	2	2	2	2	1	2	2	1	1	2	2	2	2	2	2	2	2	2	2	2	2	2	2	2	2	2	2	2	1	2	2	2	2	2	2	2	2	2	2	2	2	1	1	2	2	2	2	2	1	1	1	2	2	2	2	0	1	2	0	0	1	1	2	2	2	1	2	2	1	1	2	2	2	2	2	2	2	1	2	2	2	1	2	2	2	2	2	2
134	1	0	1	0	1	0	0	0	0	0	0	0	0	1	0	1	0	0	0	1	1	1	1	1	1	0	1	1	0	0	0	1	1	1	1	1	1	1	1	1	1	1	1	1	1	1	1	1	1	0	1	1	1	1	1	1	1	1	1	1	1	1	0	0	1	1	1	1	1	0	1	0	1	1	1	1	0	0	1	0	0	0	0	1	1	1	0	1	1	0	0	1	1	1	1	1	1	1	0	1	1	1	0	1	1	1	1	1	2
135	2	0	1	0	1	0	0	0	0	0	0	0	0	1	0	1	0	0	0	1	1	1	1	1	1	0	1	1	0	0	1	1	1	1	1	1	1	1	1	1	1	1	1	1	1	1	1	1	1	0	1	1	1	1	1	1	1	1	1	1	1	1	0	0	1	1	1	1	1	0	1	0	1	1	1	1	0	0	1	0	0	0	0	1	1	1	0	1	1	0	0	1	1	1	1	1	1	1	0	1	1	1	0	1	1	1	1	1	2
136	2	0	2	0	2	0	0	0	0	2	0	0	0	2	0	2	0	0	0	2	2	2	2	2	2	2	2	2	2	2	2	2	2	2	2	2	2	2	2	2	2	2	2	2	2	2	2	2	2	2	2	2	2	2	2	2	2	2	2	2	2	2	2	2	2	2	2	2	2	2	0	2	2	2	2	2	0	2	2	0	0	2	2	2	2	2	2	2	2	2	2	2	2	2	2	2	2	2	2	2	2	2	2	2	2	2	2	2	2
137	1	0	1	0	1	0	0	0	0	1	0	0	0	1	0	1	0	0	0	0	1	1	1	1	1	1	1	1	1	1	1	1	1	1	1	1	1	1	1	1	1	1	1	1	1	1	1	1	1	1	1	1	1	1	1	1	1	1	1	1	1	1	1	1	1	1	1	1	1	1	0	1	1	1	1	1	0	1	1	0	0	1	1	1	1	1	1	1	1	1	1	1	1	1	1	1	1	1	1	1	1	1	1	1	1	1	1	1	1
138	2	0	2	0	2	0	0	0	0	1	0	0	0	2	0	2	0	0	0	2	2	2	2	2	2	1	2	2	1	1	2	2	2	2	2	2	2	2	2	2	2	2	2	2	2	2	2	2	2	1	2	2	2	2	2	2	2	2	2	2	2	2	1	1	2	2	2	2	2	1	1	1	2	2	2	2	0	1	2	0	0	1	1	2	2	2	1	2	2	1	1	2	2	2	2	2	2	2	1	2	2	2	1	2	2	2	2	2	2
139	2	0	2	0	2	0	0	0	0	2	0	0	0	2	0	2	0	0	0	2	2	2	2	2	2	2	2	2	2	2	2	2	2	2	2	2	2	2	2	2	2	2	2	2	2	2	2	2	2	2	2	2	2	2	2	2	2	2	2	2	2	2	2	2	2	2	2	2	2	2	0	2	2	2	2	2	0	2	2	0	0	2	2	2	2	2	2	2	2	2	2	2	2	2	2	2	2	2	2	2	2	2	2	2	2	2	2	2	1
140	2	0	2	0	2	0	0	0	0	1	0	0	0	2	0	2	0	0	0	2	2	2	2	2	2	1	2	2	1	1	2	2	2	2	2	2	2	2	2	2	2	2	2	2	2	2	2	2	2	1	2	2	2	2	2	2	2	2	2	2	2	2	1	1	2	2	2	2	2	1	1	1	2	2	2	2	0	1	2	0	0	1	1	2	2	2	1	2	2	1	1	2	2	2	2	2	2	2	1	2	2	2	1	2	2	2	2	2	2
141	2	0	2	0	2	0	0	0	0	2	0	0	0	2	0	2	0	0	0	2	2	2	2	2	2	2	2	2	2	2	2	2	2	2	2	2	2	2	2	2	2	2	2	2	2	2	2	2	2	2	2	2	2	2	2	2	2	2	2	2	2	2	2	2	2	2	2	2	2	2	0	2	2	2	2	2	0	2	2	0	0	2	2	2	2	2	2	2	2	2	2	2	2	2	2	2	2	2	2	2	2	2	2	2	2	2	2	2	2
142	1	0	0	0	0	0	0	0	0	0	0	0	0	0	0	0	0	0	0	0	0	0	0	0	0	0	0	0	0	0	0	0	0	0	0	0	0	0	0	0	0	0	0	0	0	0	0	0	0	0	0	0	0	0	0	0	0	0	0	0	0	0	0	0	0	0	0	0	0	0	0	0	0	0	0	0	0	0	0	0	0	0	0	0	0	0	0	0	0	0	0	0	0	0	0	0	0	0	0	0	0	0	0	0	0	0	0	0	0
143	2	0	1	0	1	0	0	0	0	1	0	0	0	1	0	1	0	0	0	1	1	1	1	1	1	1	1	1	1	1	1	1	1	1	1	1	1	1	1	1	1	1	1	1	1	1	1	1	1	1	1	1	1	1	1	1	1	1	1	1	1	1	1	1	1	1	1	1	1	1	0	1	1	1	1	1	0	1	1	0	0	1	1	1	1	1	1	1	1	1	1	1	1	1	1	1	1	1	1	1	1	1	1	1	1	1	1	1	1
144	2	0	2	0	2	0	0	0	0	2	0	0	0	2	0	2	0	0	0	2	2	2	2	2	2	2	2	2	2	2	2	2	2	2	2	2	2	2	2	2	2	2	2	2	2	2	2	2	2	2	2	2	2	2	2	2	2	2	2	2	2	2	2	2	2	2	2	2	2	2	0	2	2	2	2	2	0	2	2	0	0	2	2	2	2	2	2	2	2	2	2	2	2	2	2	2	2	2	2	2	2	2	2	2	2	2	2	2	2
145	0	0	0	0	0	0	0	0	0	0	0	0	0	0	0	0	0	0	0	0	0	0	0	0	0	0	0	0	0	0	0	0	0	0	0	0	0	0	0	0	0	0	0	0	0	0	0	0	0	0	0	0	0	0	0	0	0	0	0	0	0	0	0	0	0	0	0	0	0	0	0	0	0	0	0	0	0	0	0	0	0	0	0	0	0	0	0	0	0	0	0	0	0	0	0	0	0	0	0	0	0	0	0	0	0	0	0	0	0
146	2	0	2	0	2	0	0	0	0	2	0	0	0	2	0	2	0	0	0	2	2	2	2	2	2	1	2	2	1	1	2	2	2	2	2	2	2	2	2	2	2	2	2	2	2	2	2	2	2	1	2	2	2	2	2	2	2	2	2	2	2	2	1	1	2	2	2	2	2	1	0	1	2	2	2	2	0	1	2	0	0	1	1	2	2	2	1	2	2	1	1	2	2	2	2	2	2	2	1	2	2	2	1	2	2	2	2	2	1
147	2	0	2	0	2	0	0	0	0	2	0	0	0	2	0	2	0	0	0	2	2	2	2	2	2	1	2	2	1	1	2	2	2	2	2	2	2	2	2	2	2	2	2	2	2	2	2	2	2	1	2	2	2	2	2	2	2	2	2	2	2	2	1	1	2	2	2	2	2	1	0	1	2	2	2	2	0	1	2	0	0	1	1	2	2	2	1	2	2	1	1	2	2	2	2	2	2	2	1	2	2	2	1	2	2	2	2	2	2
148	2	0	2	0	2	0	0	0	0	2	0	0	0	2	0	2	0	0	0	2	2	2	2	2	2	2	2	2	2	2	2	2	2	2	2	2	2	2	2	2	2	2	2	2	2	2	2	2	2	2	2	2	2	2	2	2	2	2	2	2	2	2	2	2	2	2	2	2	2	2	0	2	2	2	2	2	0	2	2	0	0	2	2	2	2	2	2	2	2	2	2	2	2	2	2	2	2	2	2	2	2	2	2	2	2	2	2	2	2
149	2	0	1	0	1	0	0	0	0	1	0	0	0	1	0	1	0	0	0	1	1	1	1	1	1	1	1	1	1	1	1	1	1	1	1	1	1	1	1	1	1	1	1	1	1	1	1	1	1	1	1	1	1	1	1	1	1	1	1	1	1	1	1	1	1	1	1	1	1	1	0	1	1	1	1	1	0	1	1	0	0	1	1	1	1	1	1	1	1	1	1	1	1	1	1	1	1	1	1	1	1	1	1	1	1	1	1	1	1
150	1	0	2	0	2	0	0	0	0	1	0	0	0	2	0	1	0	0	0	1	1	1	1	1	1	1	1	1	1	1	1	1	2	1	1	1	1	1	1	1	1	1	1	1	1	1	1	1	1	1	1	1	1	1	1	1	1	1	1	1	1	1	1	1	1	1	1	1	1	1	0	1	1	1	1	1	0	1	1	0	0	1	1	1	1	1	1	1	1	1	1	1	1	1	1	1	1	1	1	1	1	1	1	1	1	1	1	1	2
151	1	0	0	0	0	0	0	0	0	0	0	0	0	0	0	0	0	0	0	0	0	0	0	0	0	0	0	0	0	0	0	0	0	0	0	0	0	0	0	0	0	0	0	0	0	0	0	0	0	0	0	0	0	0	0	0	0	0	0	0	0	0	0	0	0	0	0	0	0	0	0	0	0	0	0	0	0	0	0	0	0	0	0	0	0	0	0	0	0	0	0	0	0	0	0	0	0	0	0	0	0	0	0	0	0	0	0	0	0
152	2	0	2	0	2	0	0	0	0	0	0	0	0	2	0	2	0	0	0	2	2	2	2	2	2	0	2	2	0	0	2	2	2	2	2	2	2	2	2	2	2	2	2	2	2	2	2	2	2	0	2	2	2	2	2	2	2	2	2	2	2	2	0	0	2	2	2	2	2	0	1	0	2	2	2	2	0	0	2	0	0	0	0	2	2	2	0	2	2	0	0	2	2	2	2	2	2	2	0	2	2	2	0	2	2	2	2	2	2
153	1	0	1	0	1	0	0	0	0	0	0	0	0	0	0	1	1	1	1	1	2	2	1	2	2	1	2	2	1	1	2	2	2	2	2	2	2	2	2	2	2	2	2	2	2	2	2	2	2	1	2	2	2	2	2	2	2	2	2	2	1	2	1	1	2	2	2	2	2	1	0	1	2	2	1	2	1	1	2	1	1	1	1	2	2	2	1	2	2	1	1	2	2	2	2	2	2	2	1	2	2	2	1	2	2	2	2	2	2
154	1	0	2	0	2	0	0	0	0	1	0	0	0	2	0	2	0	0	0	1	2	2	2	2	2	1	2	2	1	1	2	2	2	2	2	2	2	2	2	2	2	2	2	2	2	2	2	2	2	1	2	2	2	2	2	2	2	2	2	2	2	2	1	1	2	2	2	2	2	1	0	1	2	2	2	2	0	1	2	0	0	1	1	2	2	2	1	2	2	1	1	2	2	2	2	2	2	2	1	2	2	2	1	2	2	2	2	2	2
155	2	0	2	0	2	0	0	0	0	2	0	0	0	2	0	2	0	0	0	2	2	2	2	2	2	2	2	2	2	2	2	2	2	2	2	2	2	2	2	2	2	2	2	2	2	2	2	2	2	2	2	2	2	2	2	2	2	2	2	2	2	2	2	2	2	2	2	2	2	2	0	2	2	2	2	2	0	2	2	0	0	2	2	2	2	2	2	2	2	2	2	2	2	2	2	2	2	2	2	2	2	2	2	2	2	2	2	2	2
156	1	0	2	0	2	0	0	0	0	1	0	0	0	2	0	2	0	0	0	1	2	2	2	2	2	1	2	2	1	1	2	2	2	2	2	2	2	2	2	2	2	2	2	2	2	2	2	2	2	1	2	2	2	2	2	2	2	2	2	2	2	2	1	1	2	2	2	2	2	1	0	1	2	2	2	2	0	1	2	0	0	1	1	2	2	2	1	2	2	1	1	2	2	2	2	2	2	2	1	2	2	2	1	2	2	2	2	2	2
157	1	0	2	0	2	0	0	0	0	1	0	0	0	2	0	2	0	0	0	1	2	2	2	2	2	1	2	2	1	1	2	2	2	2	2	2	2	2	2	2	2	2	2	2	2	2	2	2	2	1	2	2	2	2	2	2	2	2	2	2	2	2	1	1	2	2	2	2	2	1	0	1	2	2	2	2	0	1	2	0	0	1	1	2	2	2	1	2	2	1	1	2	2	2	2	2	2	2	1	2	2	2	1	2	2	2	2	2	2
158	2	0	2	0	2	0	0	0	0	1	0	0	0	2	0	2	0	0	0	2	2	2	2	2	2	1	2	2	1	1	2	2	2	2	2	2	2	2	2	2	2	2	2	2	2	2	2	2	2	1	2	2	2	2	2	2	2	2	2	2	2	2	1	1	2	2	2	2	2	1	1	1	2	2	2	2	0	1	2	0	0	1	1	2	2	2	1	2	2	1	1	2	2	2	2	2	2	2	1	2	2	2	1	2	2	2	2	2	2
159	0	0	0	0	0	0	0	0	0	0	0	0	0	0	0	0	0	0	0	0	0	0	0	0	0	0	0	0	0	0	0	0	0	0	0	0	0	0	0	0	0	0	0	0	0	0	0	0	0	0	0	0	0	0	0	0	0	0	0	0	0	0	0	0	0	0	0	0	0	0	0	0	0	0	0	0	0	0	0	0	0	0	0	0	0	0	0	0	0	0	0	0	0	0	0	0	0	0	0	0	0	0	0	0	0	0	0	0	0
160	2	0	2	0	2	0	0	0	0	2	0	0	0	2	0	2	0	0	0	2	2	2	2	2	2	2	2	2	2	2	2	2	2	2	2	2	2	2	2	2	2	2	2	2	2	2	2	2	2	2	2	2	2	2	2	2	2	2	2	2	2	2	2	2	2	2	2	2	2	2	0	2	2	2	2	2	0	2	2	0	0	2	2	2	2	2	2	2	2	2	2	2	2	2	2	2	2	2	2	2	2	2	2	2	2	2	2	2	2
161	2	0	1	0	1	0	0	0	0	1	0	0	0	1	0	1	0	0	0	1	1	1	1	1	1	1	1	1	1	1	1	1	1	1	1	1	1	1	1	1	1	1	1	1	1	1	1	1	1	1	1	1	1	1	1	1	1	1	1	1	1	1	1	1	1	1	1	1	1	1	0	1	1	1	1	1	0	1	1	0	0	1	1	1	1	1	1	2	1	1	1	1	1	1	1	1	1	1	1	1	1	1	1	1	1	1	1	1	1
162	2	0	2	0	2	0	0	0	0	2	0	0	0	2	0	2	0	0	0	2	2	2	2	2	2	2	2	2	2	2	2	2	2	2	2	2	2	2	2	2	2	2	2	2	2	2	2	2	2	2	2	2	2	2	2	2	2	2	2	2	2	2	2	2	2	2	2	2	2	2	0	2	2	2	2	2	0	2	2	0	0	2	2	2	2	2	2	2	2	2	2	2	2	2	2	2	2	2	2	2	2	2	2	2	2	2	2	2	2
163	1	0	1	0	1	0	0	0	0	1	0	0	0	1	0	1	0	0	0	1	1	1	1	1	1	1	1	1	1	1	1	1	1	1	1	1	1	1	1	1	1	1	1	1	1	1	1	1	1	1	1	1	1	1	1	1	1	1	1	1	1	1	1	1	1	1	1	1	1	1	0	1	1	1	1	1	0	1	1	0	0	1	1	1	1	1	1	1	1	1	1	1	1	1	1	1	1	1	1	1	1	1	1	1	1	1	1	1	1
164	2	0	2	0	2	0	0	0	0	1	0	0	0	2	0	2	0	0	0	2	2	2	2	2	2	1	2	2	1	1	2	2	2	2	2	2	2	2	2	2	2	2	2	2	2	2	2	2	2	1	2	2	2	2	2	2	2	2	2	2	2	2	1	1	2	2	2	2	2	1	1	1	2	2	2	2	0	1	2	0	0	1	1	2	2	2	1	2	2	1	1	2	2	2	2	2	2	2	1	2	2	2	1	2	2	2	2	2	2
165	1	0	1	0	1	0	0	0	0	1	0	0	0	1	0	1	0	0	0	1	1	1	1	1	1	1	1	1	1	1	1	1	1	1	1	1	1	1	1	1	1	1	1	1	1	1	1	1	1	1	1	1	1	1	1	1	1	1	1	1	1	1	1	1	1	1	1	1	1	1	0	1	1	1	1	1	0	1	1	0	0	1	1	0	1	1	1	1	1	1	1	1	1	1	1	1	1	1	1	1	1	1	1	1	1	1	1	1	1
166	2	0	2	0	2	0	0	0	0	2	0	0	0	2	0	2	0	0	0	2	2	2	2	2	2	2	2	2	2	2	2	2	2	2	2	2	2	2	2	2	2	2	2	2	2	2	2	2	2	2	2	2	2	2	2	2	2	2	2	2	2	2	2	2	2	2	2	2	2	2	0	2	2	2	2	2	0	2	2	0	0	2	2	2	2	2	2	2	2	2	2	2	2	2	2	2	2	2	2	2	2	2	2	2	2	2	2	2	2
167	2	0	2	0	2	0	0	0	0	1	0	0	0	2	0	2	0	0	0	2	2	2	2	2	2	1	2	2	1	1	2	2	2	2	2	2	2	2	2	2	2	2	2	2	2	2	2	2	2	1	2	2	2	2	2	2	2	2	2	2	2	2	1	1	2	2	2	2	2	1	1	1	2	2	2	2	0	1	2	0	0	1	1	2	2	2	1	2	2	1	1	2	2	2	2	2	2	2	1	2	2	2	1	2	2	2	2	2	2
168	2	0	2	0	2	0	0	0	0	1	0	0	0	2	0	2	0	0	0	1	2	2	2	2	2	1	2	2	1	1	2	2	2	2	2	2	2	2	2	2	2	2	2	2	2	2	2	2	2	1	2	2	2	2	2	2	2	2	2	2	2	2	1	1	2	2	2	2	2	1	0	1	2	2	2	2	0	1	2	0	0	1	1	2	2	2	1	2	2	1	1	2	2	2	2	2	2	2	1	2	2	2	1	2	2	2	2	2	2
169	1	0	1	0	1	0	0	0	0	1	0	0	0	1	0	1	0	0	0	1	1	1	1	1	1	1	1	1	1	1	1	1	1	1	1	1	1	1	1	1	1	1	1	1	1	1	1	1	1	1	1	1	1	1	1	1	1	1	1	1	1	1	1	1	1	1	1	1	1	1	0	1	1	1	1	1	0	1	1	0	0	1	1	1	1	1	1	1	1	1	1	1	1	1	1	1	1	1	1	1	1	1	1	1	1	1	1	1	1
170	2	0	2	0	2	0	0	0	0	2	0	0	0	2	0	2	0	0	0	2	2	2	2	2	2	2	2	2	2	2	2	2	2	2	2	2	2	2	2	2	2	2	2	2	2	2	2	2	2	2	2	2	2	2	2	2	2	2	2	2	2	2	2	2	2	2	2	2	2	2	0	2	2	2	2	2	0	2	2	0	0	2	2	2	2	2	2	2	2	2	2	2	2	2	2	2	2	2	2	2	2	2	2	2	2	2	2	2	2
171	2	0	2	0	2	0	0	0	0	1	0	0	0	2	0	2	0	0	0	2	2	2	2	2	2	1	2	2	1	1	2	2	2	2	2	2	2	2	2	2	2	2	2	2	2	2	2	2	2	1	2	2	2	2	2	2	2	2	2	2	2	2	1	1	2	2	2	2	2	1	0	1	2	2	2	2	0	1	2	0	0	1	1	2	2	2	1	2	2	1	1	2	2	2	2	2	2	2	1	2	2	2	1	2	2	2	2	2	2
172	2	0	2	0	2	0	0	0	0	2	0	0	0	2	0	2	0	0	0	2	2	2	2	2	2	2	2	2	2	2	2	2	2	2	2	2	2	2	2	2	2	2	2	2	2	2	2	2	2	2	2	2	2	2	2	2	2	2	2	2	2	2	2	2	2	2	2	2	2	2	0	2	2	2	2	2	0	2	2	0	0	2	2	2	2	2	2	2	2	2	2	2	2	2	2	2	2	2	2	2	2	2	2	2	2	2	2	2	2
173	1	0	1	0	1	0	0	0	0	1	0	0	0	1	0	1	0	0	0	0	1	1	1	1	1	1	1	1	1	1	1	1	1	1	1	1	1	1	1	1	1	1	1	1	1	1	1	1	1	1	1	1	1	1	1	1	1	1	1	1	1	1	1	1	1	1	1	1	1	1	0	1	1	1	1	1	0	1	1	0	0	1	1	1	1	1	1	1	1	1	1	1	1	1	1	1	1	1	1	1	1	1	1	1	1	1	1	1	1
174	0	0	2	0	2	0	0	0	0	1	0	0	0	2	0	2	0	0	0	1	2	2	2	2	2	1	2	2	1	1	2	2	2	2	2	2	2	2	2	2	2	2	2	2	2	2	2	2	2	1	2	2	2	2	2	2	2	2	2	2	2	2	1	1	2	2	2	2	2	1	0	1	2	2	2	2	0	1	2	0	0	1	1	2	2	2	1	2	2	1	1	2	2	2	2	2	2	2	1	2	2	2	1	2	2	2	2	2	2
175	1	0	2	0	2	0	0	0	0	1	0	0	0	2	0	1	0	0	0	1	1	1	1	1	1	1	1	1	0	1	1	1	2	1	1	1	1	1	1	1	1	1	1	1	1	1	1	1	1	1	1	1	1	1	1	1	1	1	1	1	1	1	1	1	1	1	1	1	1	1	0	1	1	1	1	1	0	1	1	0	0	1	1	1	1	1	1	1	1	1	1	1	1	1	1	1	1	1	1	1	1	1	1	1	1	1	1	1	2
176	2	0	2	0	2	0	0	0	0	1	0	0	0	2	0	2	0	0	0	1	2	2	2	2	2	2	2	2	2	2	2	2	2	2	2	2	2	2	2	2	2	2	2	2	2	2	2	2	2	2	2	2	2	2	2	2	2	2	2	2	2	2	2	2	2	2	2	2	2	2	0	2	2	2	2	2	0	2	2	0	0	2	2	2	2	2	2	2	2	2	2	2	2	2	2	2	2	2	2	2	2	2	2	2	2	2	2	2	2
177	2	0	1	0	1	0	0	0	0	1	0	0	0	1	0	1	0	0	0	1	1	1	1	1	1	1	1	1	1	1	1	1	1	1	1	1	1	1	1	1	1	1	1	1	1	1	1	1	1	1	1	1	1	1	1	1	1	1	1	1	1	1	1	1	1	1	1	1	1	1	0	1	1	1	1	1	0	1	1	0	0	1	1	1	1	1	1	1	1	1	1	1	1	1	1	1	1	1	1	1	1	1	1	1	1	1	0	1	1
178	1	0	0	0	1	0	0	0	0	1	0	0	0	1	0	1	0	0	0	1	1	1	1	1	1	1	2	2	1	1	2	2	2	2	2	2	2	2	2	2	2	2	2	2	2	2	2	2	2	1	2	2	2	2	2	2	2	2	2	2	2	2	1	1	2	2	2	2	2	1	1	1	2	2	2	2	0	1	2	0	0	1	1	2	2	2	1	2	2	1	1	2	2	2	2	2	2	2	1	2	2	2	1	2	2	2	2	2	2
179	2	0	2	0	2	0	0	0	0	2	0	0	0	2	0	2	0	0	0	2	2	2	2	2	2	2	2	2	2	2	2	2	2	2	2	2	2	2	2	2	2	2	2	2	2	2	2	2	2	2	2	2	2	2	2	2	2	2	2	2	2	2	2	2	2	2	2	2	2	2	0	2	2	2	2	2	0	2	2	0	0	2	2	2	2	2	2	2	2	2	2	2	2	2	2	2	2	2	2	2	2	2	2	2	2	2	2	2	2
180	2	0	2	0	2	0	0	0	0	2	0	0	0	2	0	2	0	0	0	2	2	2	2	2	2	2	2	2	2	2	2	2	2	2	2	2	2	2	2	2	2	2	2	2	2	2	2	2	2	2	2	2	2	2	2	2	2	2	2	2	2	2	2	2	2	2	2	2	2	2	0	2	2	2	2	2	0	2	2	0	0	2	2	2	2	2	2	2	2	2	2	2	2	2	2	2	2	2	2	2	2	2	2	2	2	2	2	2	2
181	2	0	2	0	2	0	0	0	0	1	0	0	0	1	0	2	1	1	1	2	2	2	1	2	2	1	2	2	1	1	2	2	2	2	2	2	2	2	2	2	2	2	2	2	2	2	2	2	2	1	2	2	2	2	2	2	2	2	2	2	1	2	1	1	2	2	2	2	2	1	0	1	2	2	1	2	1	1	2	1	1	1	1	2	2	2	1	2	2	1	1	2	2	2	2	2	2	2	1	2	2	2	1	2	2	2	2	2	2
182	2	0	2	0	2	0	0	0	0	2	0	0	0	2	0	2	0	0	0	2	2	2	2	2	2	2	2	2	2	2	2	2	2	2	2	2	2	2	2	2	2	2	2	2	2	2	2	2	2	2	2	2	2	2	2	2	2	2	2	2	2	2	2	2	2	2	2	2	2	2	0	2	2	2	2	2	0	2	2	0	0	2	2	2	2	2	2	2	2	2	2	2	2	2	2	2	2	2	2	2	2	2	2	2	2	2	2	2	2
183	1	0	1	0	1	0	0	0	0	1	0	0	0	1	0	0	0	0	0	1	1	1	1	1	1	1	1	1	1	1	1	1	1	1	1	1	1	1	1	1	1	1	1	1	1	1	1	1	1	1	1	1	1	1	1	1	1	1	1	1	1	1	1	1	1	1	1	1	1	1	0	1	1	1	1	1	0	1	1	0	0	1	1	1	1	1	1	1	1	1	1	1	1	1	1	1	1	1	1	1	1	1	1	1	1	1	1	1	1
184	2	0	2	0	2	0	0	0	0	1	0	0	0	2	0	2	0	0	0	2	2	2	2	2	2	1	2	2	1	1	2	2	2	2	2	2	2	2	2	2	2	2	2	2	2	2	2	2	2	1	2	2	2	2	2	2	2	2	2	2	2	2	1	1	2	2	2	2	2	1	1	1	2	2	2	2	0	1	2	0	0	1	1	2	2	2	1	2	2	1	1	2	2	2	2	2	2	2	1	2	2	2	1	2	2	2	2	2	2
185	2	0	2	0	2	0	0	0	0	2	0	0	0	2	0	2	0	0	0	2	2	2	2	2	2	2	2	2	2	2	2	2	2	2	2	2	2	2	2	2	2	1	2	2	2	2	2	2	2	2	2	2	2	2	2	2	2	2	2	2	2	2	2	2	2	2	2	2	2	2	0	2	2	2	2	2	0	2	2	0	0	2	2	2	2	2	2	2	2	2	2	2	2	2	2	2	2	2	2	2	2	2	2	2	2	2	2	2	2
186	2	0	2	0	2	0	0	0	0	2	0	0	0	2	0	2	0	0	0	2	2	2	2	2	2	2	2	2	2	2	2	2	2	2	2	2	2	2	2	2	2	2	2	2	2	2	2	2	2	2	2	2	2	2	2	2	2	2	2	2	2	2	2	2	2	2	2	2	2	2	0	2	2	2	2	2	0	2	2	0	0	2	2	2	2	2	2	2	2	2	2	2	2	2	2	2	2	2	2	2	2	2	2	2	2	2	2	2	2
187	1	1	1	1	1	1	1	1	1	0	1	1	1	1	1	1	1	1	1	1	1	1	0	1	1	0	1	1	0	0	1	1	1	1	1	1	1	1	1	1	1	1	1	1	1	1	1	1	1	0	1	1	1	1	1	1	1	1	1	1	0	1	0	0	1	1	1	1	1	0	0	0	1	1	0	1	1	0	1	1	1	0	0	1	1	1	0	1	1	0	0	1	1	1	1	1	1	1	0	1	1	1	0	1	1	1	1	1	1
188	1	0	2	0	2	0	0	0	0	0	0	0	0	2	0	2	0	0	0	2	2	2	2	2	2	1	2	2	1	1	2	2	2	2	2	2	2	2	2	2	2	2	2	2	2	2	2	2	2	1	2	2	2	2	2	2	2	2	2	2	2	2	1	1	2	2	2	2	2	1	1	1	2	2	2	2	0	1	2	0	0	1	1	2	2	2	1	2	2	1	1	2	2	2	2	2	2	2	1	2	2	2	1	2	2	2	2	2	2
189	2	0	2	0	2	0	0	0	0	2	0	0	0	2	0	2	0	0	0	2	2	2	2	2	2	2	2	2	2	2	2	2	2	2	2	2	2	2	2	2	2	2	2	2	2	2	2	2	2	2	2	2	2	2	2	2	2	2	2	2	2	2	2	2	2	2	2	2	2	2	0	2	2	2	2	2	0	2	2	0	0	2	2	2	2	2	2	2	2	2	2	2	2	2	2	2	2	2	2	2	2	2	2	2	2	2	2	2	2
190	2	0	2	0	2	0	0	0	0	1	0	0	0	2	0	2	0	0	0	2	2	2	2	2	2	1	2	2	1	1	2	2	2	2	2	2	2	2	2	2	2	2	2	2	2	2	2	2	2	1	2	2	2	2	2	2	2	2	2	2	2	2	1	1	2	2	2	2	2	1	1	1	2	2	2	2	0	1	2	0	0	1	1	2	2	2	1	2	2	1	1	2	2	2	2	2	2	2	1	2	2	2	1	2	2	2	2	2	2
191	2	0	1	0	2	0	0	0	0	1	0	0	0	1	0	2	1	1	1	2	2	2	1	2	2	1	2	2	1	1	2	2	2	2	2	2	2	2	2	2	2	2	2	2	2	2	2	2	2	1	2	2	2	2	2	2	2	2	2	2	1	2	1	1	2	2	2	2	2	1	0	1	2	2	1	2	1	1	2	1	1	1	1	2	2	2	1	2	2	1	1	2	2	2	2	2	2	2	1	2	2	2	1	2	2	2	2	2	2
192	2	0	2	0	2	0	0	0	0	1	0	0	0	2	0	2	0	0	0	0	2	2	2	2	2	1	2	2	1	1	2	2	2	2	2	2	2	2	2	2	2	2	2	2	2	2	2	2	2	1	2	2	2	2	2	2	2	2	2	2	2	2	1	1	2	2	2	2	2	1	0	1	2	2	2	2	0	1	2	0	0	1	1	2	2	2	1	2	2	1	1	2	2	2	2	2	2	2	1	2	2	2	1	2	2	2	2	2	2
193	0	1	1	1	1	1	1	1	1	0	1	1	1	1	1	1	1	1	0	1	1	1	0	1	1	0	1	1	0	0	1	1	1	1	1	1	1	1	1	1	1	1	1	1	1	1	1	1	1	0	1	1	1	1	1	1	1	1	1	1	0	1	0	0	1	1	1	1	1	0	0	0	1	1	0	1	1	0	1	1	1	0	0	1	1	1	0	1	1	0	0	1	1	1	1	1	1	1	0	1	1	1	0	1	1	1	1	1	1
194	2	0	1	0	1	0	0	0	0	1	0	0	0	1	0	0	0	0	0	1	1	1	1	1	1	1	1	1	1	1	1	1	1	1	1	1	1	1	1	1	1	1	1	1	1	1	1	1	1	1	1	1	1	1	1	1	1	1	1	1	1	1	1	1	1	1	1	1	1	1	0	1	1	1	1	1	0	1	1	0	0	1	1	1	1	1	1	2	1	1	1	1	1	1	1	1	1	1	1	1	1	1	1	1	1	1	1	1	1
195	2	0	1	0	1	0	0	0	0	1	0	0	0	1	0	1	0	0	0	1	1	1	1	1	1	1	1	1	1	1	1	1	1	1	1	1	1	1	1	1	1	1	1	1	1	1	1	1	1	1	1	1	1	1	1	1	1	1	1	1	1	1	1	1	1	1	1	1	1	1	0	1	1	1	1	1	0	1	1	0	0	1	1	1	1	1	1	1	1	1	1	1	1	1	1	1	1	1	1	1	1	1	1	1	1	1	1	1	1
196	2	0	1	0	1	0	0	0	0	1	0	0	0	1	0	2	1	1	1	2	2	2	1	2	2	1	2	2	1	1	2	2	2	2	2	2	2	2	2	2	2	2	2	2	2	2	2	2	2	1	2	2	2	2	2	2	2	2	2	2	1	2	1	1	2	2	2	2	2	1	0	1	2	2	1	2	1	1	2	1	1	1	1	2	2	2	1	2	2	1	1	2	2	2	2	2	2	2	1	2	2	2	1	2	2	2	2	2	2
197	2	0	2	0	2	0	0	0	0	1	0	0	0	2	0	2	0	0	0	1	2	2	2	2	2	1	2	2	1	1	2	2	2	2	2	2	2	2	2	2	2	1	2	2	2	2	2	2	2	1	2	2	2	2	2	2	2	2	2	2	2	2	1	1	2	2	2	2	2	1	1	1	2	2	2	2	0	1	2	0	0	1	1	2	2	2	1	2	2	1	1	2	2	2	2	2	2	2	1	2	2	2	1	2	2	2	2	2	2
198	2	0	1	0	2	0	0	0	0	1	0	0	0	2	0	2	0	0	0	0	2	2	2	2	2	1	2	2	1	1	2	2	2	2	2	2	2	2	2	2	2	2	2	2	2	2	2	2	2	1	2	2	2	2	2	2	2	2	2	2	2	2	1	1	2	2	2	2	2	1	0	1	2	2	2	2	0	1	2	0	0	1	1	2	2	2	1	2	2	1	1	2	2	2	2	2	2	2	1	2	2	2	1	2	2	2	2	2	2
199	1	1	2	1	2	1	1	1	1	0	1	1	1	2	1	2	1	1	1	1	2	2	1	2	2	0	2	2	0	0	2	2	2	2	2	2	2	2	2	2	2	2	2	2	2	2	2	2	2	0	2	2	2	2	2	2	2	2	2	2	1	2	0	0	2	2	2	2	2	0	1	0	2	2	1	2	1	0	2	1	1	0	0	2	2	2	0	2	2	0	0	2	2	2	2	2	2	2	0	2	2	2	0	2	2	2	2	2	2
200	2	1	1	1	1	1	1	1	1	0	1	1	1	1	1	1	1	1	1	1	1	1	0	1	1	0	1	1	0	0	1	1	1	1	1	1	1	1	1	1	1	1	1	1	1	1	1	1	1	0	1	1	1	1	1	1	1	1	1	1	0	1	0	0	1	1	1	1	1	0	0	0	1	1	0	1	1	0	1	1	1	0	0	1	1	1	0	1	1	0	0	1	1	1	1	1	1	1	0	1	1	1	0	1	1	1	1	1	1
201	1	0	2	0	2	0	0	0	0	1	0	0	0	2	0	2	0	0	0	0	2	2	2	2	2	1	2	2	1	1	2	2	2	2	2	2	2	2	2	2	2	2	2	2	2	2	2	2	2	1	2	2	2	2	2	2	2	2	2	2	2	2	0	1	2	2	2	2	2	1	0	1	2	2	2	2	0	1	2	0	0	1	1	1	2	2	1	2	2	1	1	2	2	2	2	2	2	2	0	2	2	2	1	2	2	2	2	2	2
202	1	1	2	1	2	1	1	1	1	1	1	1	1	2	1	2	1	1	1	1	2	2	1	2	2	1	2	2	1	1	2	2	2	2	2	2	2	2	2	2	2	2	2	2	2	2	2	2	2	1	2	2	2	2	2	2	2	2	2	2	1	2	1	1	2	2	2	2	2	1	0	1	2	2	1	2	1	1	2	1	1	1	1	2	2	2	1	2	2	1	1	2	2	2	2	2	2	2	1	2	2	2	1	2	2	2	2	2	2
203	2	0	2	0	2	0	0	0	0	1	0	0	0	2	0	2	0	0	0	2	2	2	2	2	2	0	2	2	0	0	2	2	2	2	2	2	2	2	2	2	2	2	2	2	2	2	2	2	2	0	2	2	2	2	2	2	2	2	2	2	2	2	0	0	2	2	2	2	2	0	0	0	2	2	2	2	0	0	2	0	0	0	0	2	2	2	0	2	2	0	0	2	2	2	2	2	2	2	0	2	2	2	0	2	2	2	2	2	2
204	2	0	2	0	2	0	0	0	0	2	0	0	0	2	0	2	0	0	0	2	2	2	2	2	2	2	2	2	2	2	2	2	2	2	2	2	2	2	2	2	2	2	2	2	2	2	2	2	2	2	2	2	2	2	2	2	2	2	2	2	2	2	2	2	2	2	2	2	2	2	0	2	2	2	2	2	0	2	2	0	0	2	2	2	2	2	2	2	2	2	2	2	2	2	2	2	2	2	2	2	2	2	2	2	2	2	2	2	2
205	1	0	1	0	1	0	0	0	0	1	0	0	0	1	0	1	0	0	0	1	1	1	1	1	1	1	1	1	1	1	1	1	1	1	1	1	1	1	1	1	1	1	1	1	1	1	1	1	1	1	1	1	1	1	1	1	1	1	1	1	1	1	1	1	1	1	1	1	1	1	0	1	1	1	1	1	0	1	1	0	0	1	1	1	1	1	1	1	1	1	1	1	1	1	1	1	1	1	1	1	1	1	1	1	1	1	1	1	1
206	2	0	2	0	2	0	0	0	0	1	0	0	0	2	0	2	0	0	0	2	2	2	2	2	2	1	2	2	1	1	2	2	2	2	2	2	2	2	2	2	2	2	2	2	2	2	2	2	2	1	2	2	2	2	2	2	2	2	2	2	1	2	1	1	2	2	2	2	2	1	1	1	2	2	2	2	0	1	2	0	0	1	1	2	2	2	1	2	2	1	1	2	2	2	2	2	2	2	1	2	2	2	1	2	2	2	2	2	2
207	2	0	2	0	2	0	0	0	0	2	0	0	0	2	0	2	0	0	0	2	2	2	2	2	2	2	2	2	2	2	2	2	2	2	2	2	2	2	2	2	2	2	2	2	2	2	2	2	2	2	2	2	2	2	2	2	2	2	2	2	2	2	2	2	2	2	2	2	2	2	0	2	2	2	2	2	0	2	2	0	0	2	2	2	2	2	2	2	2	2	2	2	2	2	2	2	2	2	2	2	2	2	2	2	2	2	2	2	2
208	1	0	2	0	2	0	0	0	0	1	0	0	0	2	0	2	0	0	0	1	2	2	2	2	2	1	2	2	1	1	2	2	2	2	2	2	2	2	2	2	2	2	2	2	2	2	2	2	2	1	2	2	2	2	2	2	2	2	2	2	2	2	1	1	2	2	2	2	2	1	0	1	2	2	2	2	0	1	2	0	0	1	1	2	2	2	1	2	2	1	1	2	2	2	2	2	2	2	1	2	2	2	1	2	2	2	2	2	2
209	1	0	1	0	1	0	0	0	0	1	0	0	0	1	0	1	0	0	0	1	1	1	1	1	1	1	1	1	1	1	1	1	1	1	1	1	1	1	1	1	1	1	1	1	1	1	1	1	1	1	1	1	1	1	1	1	1	1	1	1	1	1	1	1	1	1	1	1	1	1	0	1	1	1	1	1	0	1	1	0	0	1	1	1	1	1	1	1	1	1	1	1	1	1	1	1	1	1	1	1	1	1	1	1	1	1	1	1	1
210	1	1	2	1	2	1	1	1	1	1	1	1	1	2	1	2	1	1	1	2	2	2	1	2	2	1	2	2	1	1	2	2	2	2	2	2	2	2	2	2	2	2	2	2	2	2	2	2	2	1	2	2	2	2	2	2	2	2	2	2	1	2	1	1	2	2	2	2	2	1	0	1	2	2	1	2	1	1	2	1	1	1	1	2	2	2	1	2	2	1	1	2	2	2	2	2	2	2	1	2	2	2	1	2	2	2	2	2	2
211	1	0	2	0	2	0	0	0	0	1	0	0	0	2	0	2	0	0	0	2	2	2	2	2	2	1	2	2	1	1	2	2	2	2	2	2	2	2	2	2	2	2	2	2	2	2	2	2	2	1	2	2	2	2	2	2	2	2	2	2	2	2	1	1	2	2	2	2	2	1	0	1	2	2	2	2	0	1	2	0	0	1	1	2	2	2	1	2	2	1	1	2	2	2	2	2	2	2	1	2	2	2	1	2	2	2	2	2	2
212	2	0	2	0	2	0	0	0	0	2	0	0	0	2	0	2	0	0	0	1	2	2	2	2	2	2	2	2	2	2	2	2	2	2	2	2	2	2	2	2	2	2	2	2	2	2	2	2	2	2	2	2	2	2	2	2	2	2	2	2	2	2	2	2	2	2	2	2	2	2	0	2	2	2	2	2	0	2	2	0	0	2	2	2	2	2	2	2	2	2	2	2	2	2	2	2	2	2	2	2	2	2	2	2	2	2	2	2	2
213	2	0	2	0	2	0	0	0	0	1	0	0	0	2	0	2	0	0	0	2	2	2	2	2	2	1	2	2	1	1	2	2	2	2	2	2	2	2	2	2	2	2	2	2	2	2	2	2	2	1	2	2	2	2	2	2	2	2	2	2	2	2	1	1	2	2	2	2	2	1	0	1	2	2	2	2	0	1	2	0	0	1	1	2	2	2	1	2	2	1	1	2	2	2	2	2	2	2	1	2	2	2	1	2	2	2	2	2	2
214	2	0	2	0	2	0	0	0	0	1	0	0	0	2	0	2	0	0	0	2	2	2	2	2	2	1	2	2	1	1	2	2	2	2	2	2	2	2	2	2	2	2	2	2	2	2	2	2	2	1	2	2	2	2	2	2	2	2	2	2	2	2	1	1	2	2	2	2	2	1	1	1	2	2	2	2	0	1	2	0	0	1	1	2	2	2	1	2	2	1	1	2	2	2	2	2	2	2	1	2	2	2	1	2	2	2	2	2	2
215	1	1	2	1	2	1	1	1	1	1	1	1	1	2	1	2	1	1	1	1	2	2	1	2	2	1	2	2	1	1	2	2	2	2	2	2	2	2	2	2	2	2	2	2	2	2	2	2	2	1	2	2	2	2	2	2	2	2	2	2	1	2	1	1	2	2	2	2	2	1	0	1	2	2	1	2	1	1	2	1	1	1	1	2	2	2	1	2	2	1	1	2	2	2	2	2	2	2	1	2	2	2	1	2	2	2	2	2	2
216	2	0	2	0	2	0	0	0	0	2	0	0	0	2	0	2	0	0	0	2	2	2	2	2	2	2	2	2	2	2	2	2	2	2	2	2	2	2	2	2	2	2	2	2	2	2	2	2	2	2	2	2	2	2	2	2	2	2	2	2	2	2	2	2	2	2	2	2	2	2	0	2	2	2	2	2	0	2	2	0	0	2	2	2	2	2	2	2	2	2	2	2	2	2	2	2	2	2	2	2	2	2	2	2	2	2	2	2	2
217	2	0	2	0	2	0	0	0	0	2	0	0	0	2	0	2	0	0	0	2	2	2	2	2	2	2	2	2	2	2	2	2	2	2	2	2	2	2	2	2	2	2	2	2	2	2	2	2	2	2	2	2	2	2	2	2	2	2	2	2	2	2	2	2	2	2	2	2	2	2	0	2	2	2	2	2	0	2	2	0	0	2	2	2	2	2	2	2	2	2	2	2	2	2	2	2	2	2	2	2	2	2	2	2	2	2	2	2	2
218	1	0	2	0	2	0	0	0	0	1	0	0	0	2	0	2	0	0	0	1	2	2	2	2	2	1	2	2	1	1	2	2	2	2	2	2	2	2	2	2	2	2	2	2	2	2	2	2	2	1	2	2	2	2	2	2	2	2	2	2	2	2	1	1	2	2	2	2	2	1	0	1	2	2	2	2	0	1	2	0	0	1	1	2	2	2	1	2	2	1	1	2	2	2	2	2	2	2	1	2	2	2	1	2	2	2	2	2	2
219	1	0	1	0	1	0	0	0	0	1	0	0	0	1	0	1	0	0	0	1	1	1	1	1	1	1	1	1	1	1	1	1	1	1	1	1	1	1	1	1	1	1	1	1	1	1	1	1	1	1	1	1	1	1	1	1	1	1	1	1	1	1	1	1	1	1	1	1	1	1	0	1	1	1	1	1	0	1	1	0	0	1	1	1	1	1	1	1	1	1	1	1	1	1	1	1	1	1	1	1	1	1	1	1	1	1	1	1	1
220	2	0	2	0	2	0	0	0	0	2	0	0	0	2	0	2	0	0	0	2	2	2	2	2	2	2	2	2	2	2	2	2	2	2	2	2	2	2	2	2	2	2	2	2	2	2	2	2	2	2	2	2	2	2	2	2	2	2	2	2	2	2	2	2	2	2	2	2	2	2	0	2	2	2	2	2	0	2	2	0	0	2	2	2	2	2	2	2	2	2	2	2	2	2	2	2	2	2	2	2	2	2	2	2	2	2	2	2	2
222	1	0	1	0	1	0	0	0	0	1	0	0	0	1	0	1	0	0	0	1	1	1	1	1	1	1	1	1	1	1	1	1	1	1	1	1	1	1	1	1	1	1	1	1	1	1	1	1	1	1	1	1	1	1	1	1	1	1	1	1	1	1	1	1	1	1	1	1	1	1	0	1	1	1	1	1	0	1	1	0	0	1	1	1	1	1	1	1	1	1	1	1	1	1	1	1	1	1	1	1	1	1	1	1	1	1	1	1	1
223	2	0	2	0	2	0	0	0	0	2	0	0	0	2	0	2	0	0	0	2	2	2	2	2	2	1	2	2	1	1	2	2	2	2	2	2	2	2	2	2	2	2	2	2	2	2	2	2	2	1	2	2	2	2	2	2	2	2	2	2	2	2	1	1	2	2	2	2	2	1	1	1	2	2	2	2	0	1	2	0	0	1	1	2	2	2	1	2	2	1	1	2	2	2	2	2	2	2	1	2	2	2	1	2	2	2	2	2	2
224	2	0	2	0	2	0	0	0	0	2	0	0	0	2	0	2	0	0	0	2	2	2	2	2	2	1	2	2	1	1	2	2	2	2	2	2	2	2	2	2	2	2	2	2	2	2	2	2	2	1	2	2	2	2	2	2	2	2	2	2	2	2	1	1	2	2	2	2	2	1	1	1	2	2	2	2	0	1	2	0	0	1	1	2	2	2	1	2	2	1	1	2	2	2	2	2	2	2	1	2	2	2	1	2	2	2	2	2	2
225	2	1	2	1	2	1	1	1	1	1	1	1	1	2	1	2	1	1	1	2	2	2	1	2	2	1	2	2	1	1	2	2	2	2	2	2	2	2	2	2	2	2	2	2	2	2	2	2	2	1	2	2	2	2	2	2	2	2	2	2	1	2	1	1	2	2	2	2	2	1	0	1	2	2	1	2	1	1	2	1	1	1	1	2	2	2	1	2	2	1	1	2	2	2	2	2	2	2	1	2	2	2	1	2	2	2	2	2	2
226	1	1	1	1	1	1	1	1	1	0	1	1	1	1	1	1	0	0	0	1	1	1	1	1	1	1	1	1	1	1	1	1	1	1	1	1	1	1	1	1	1	1	1	1	1	1	1	1	1	1	1	1	1	1	1	1	1	1	1	1	1	1	1	1	1	1	1	1	1	1	0	1	1	1	1	1	0	1	1	0	0	1	1	1	1	1	1	1	1	1	1	1	1	1	1	1	1	1	1	1	1	1	1	1	1	1	1	1	1
227	0	1	1	1	1	1	1	1	1	0	1	1	1	1	1	1	1	1	1	1	1	1	0	1	1	0	1	1	0	0	1	1	1	1	1	1	1	1	1	1	1	1	1	1	1	1	1	1	1	0	1	1	1	1	1	1	1	1	1	1	0	1	0	0	1	1	1	1	1	0	0	0	1	1	0	1	1	0	1	1	1	0	0	1	1	1	0	1	1	0	0	1	1	1	1	1	1	1	0	1	1	1	0	1	0	1	1	1	1
228	2	0	2	0	2	0	0	0	0	1	0	0	0	2	0	2	0	0	0	2	2	2	2	2	2	2	2	2	2	2	2	2	2	2	2	2	2	2	2	2	2	2	2	2	2	2	2	2	2	2	2	2	2	2	2	2	2	2	2	2	2	2	2	2	2	2	2	2	2	2	0	2	2	2	2	2	0	2	2	0	0	2	2	2	2	2	2	2	2	2	2	2	2	2	2	2	2	2	2	2	2	2	2	2	2	2	2	2	2
229	2	0	2	0	2	0	0	0	0	1	0	0	0	2	0	2	0	0	0	2	2	2	2	2	2	1	2	2	1	1	2	2	2	2	2	2	2	2	2	2	2	2	2	2	2	2	2	2	2	1	2	2	2	2	2	2	2	2	2	2	2	2	1	1	2	2	2	2	2	1	1	1	2	2	2	2	0	1	2	0	0	1	1	2	2	2	1	2	2	1	1	2	2	2	2	2	2	2	1	2	2	2	1	2	2	2	2	2	2
230	1	0	2	0	2	0	0	0	0	1	0	0	0	2	0	2	0	0	0	0	2	2	2	2	2	0	2	2	0	0	2	2	2	2	2	2	2	2	2	2	2	2	2	2	2	2	2	2	2	0	2	2	2	2	2	2	2	2	2	2	2	2	0	0	2	2	2	2	2	0	0	0	2	2	2	2	0	0	2	0	0	0	0	2	2	2	0	2	2	0	0	2	2	2	2	2	2	2	0	2	2	2	0	2	2	2	2	2	2
231	1	0	2	0	2	0	0	0	0	2	0	0	0	2	0	2	0	0	0	1	2	2	2	2	2	2	2	2	2	2	2	2	2	2	2	2	2	2	2	2	2	2	2	2	2	2	2	2	2	2	2	2	2	2	2	2	2	2	2	2	2	2	2	2	2	2	2	2	2	2	0	2	2	2	2	2	0	2	2	0	0	2	2	2	2	2	2	2	2	2	2	2	2	2	2	2	2	2	2	2	2	2	2	2	2	2	2	2	2
232	2	0	2	0	2	0	0	0	0	1	0	0	0	2	0	2	0	0	0	2	2	2	2	2	2	2	2	2	2	2	2	2	2	2	2	2	2	2	2	2	2	2	2	2	2	2	2	2	2	2	2	2	2	2	2	2	2	2	2	2	2	2	2	2	2	2	2	2	2	2	0	2	2	2	2	2	0	2	2	0	0	2	2	2	2	2	2	2	2	2	2	2	2	2	2	2	2	2	2	2	2	2	2	2	2	2	2	2	2
233	2	0	2	0	2	0	0	0	0	1	0	0	0	2	0	2	0	0	0	2	2	2	2	2	2	1	2	2	1	1	2	2	2	2	2	2	2	2	2	2	2	2	2	2	2	2	2	2	2	1	2	2	2	2	2	2	2	2	2	2	2	2	1	1	2	2	2	2	2	1	1	1	2	2	2	2	0	1	2	0	0	1	1	2	2	2	1	2	2	1	1	2	2	2	2	2	2	2	1	2	2	2	1	2	2	2	2	2	2
234	2	0	2	0	2	0	0	0	0	1	0	0	0	2	0	2	1	1	1	2	2	2	1	2	2	1	2	2	1	1	2	2	2	2	2	2	2	2	2	2	2	2	2	2	2	2	2	2	2	1	2	2	2	2	2	2	2	2	2	2	1	2	1	1	2	2	2	2	2	1	0	1	2	2	1	2	1	1	2	1	1	1	1	2	2	2	1	2	2	1	1	2	2	2	2	2	2	2	0	2	2	2	1	2	2	2	2	2	2
235	1	0	1	0	1	0	0	0	0	1	0	0	0	1	0	1	0	0	0	1	1	1	1	1	1	1	1	1	1	1	1	1	1	1	1	1	1	1	1	1	1	0	1	1	1	1	1	1	1	1	1	1	1	1	1	1	1	1	1	1	1	1	1	1	1	1	1	1	1	1	0	1	1	1	1	1	0	1	1	0	0	1	1	1	1	1	1	1	1	1	1	1	1	1	1	1	1	1	1	1	1	1	1	1	1	1	1	1	1
236	2	0	2	0	2	0	0	0	0	2	0	0	0	2	0	2	0	0	0	2	2	2	2	2	2	2	2	2	2	2	2	2	2	2	2	2	2	2	2	2	2	2	2	2	2	2	2	2	2	2	2	2	2	2	2	2	2	2	2	2	2	2	2	2	2	2	2	2	2	2	0	2	2	2	2	2	0	2	2	0	0	2	2	2	2	2	2	2	2	2	2	2	2	2	2	2	2	2	2	2	2	2	2	2	2	2	2	2	2
237	1	0	1	0	1	0	0	0	0	1	0	0	0	1	0	1	0	0	0	1	1	1	1	1	1	1	1	1	1	1	1	1	1	1	1	1	1	1	1	1	1	1	1	1	1	1	1	1	1	1	1	1	1	1	1	1	1	1	1	1	1	1	1	1	1	1	1	1	1	1	0	1	1	1	1	1	0	1	1	0	0	1	1	1	1	1	1	1	1	1	1	1	1	1	1	1	1	1	1	1	1	1	1	1	1	1	1	1	1
238	2	0	2	0	2	0	0	0	0	1	0	0	0	2	0	2	0	0	0	2	2	2	2	2	2	1	2	2	1	1	2	2	2	2	2	2	2	2	2	2	2	2	2	2	2	2	2	2	2	1	2	2	2	2	2	2	2	2	2	2	2	2	1	1	2	2	2	2	2	1	1	1	2	2	2	2	0	1	2	0	0	1	1	2	2	2	1	2	2	1	1	2	2	2	2	2	2	2	1	2	2	2	1	2	2	2	2	2	2
239	0	0	1	0	1	0	0	0	0	1	0	0	0	0	0	0	0	0	0	1	1	1	1	1	1	1	1	1	1	1	1	1	1	1	1	1	1	1	1	1	1	1	1	1	1	1	1	1	1	1	1	1	1	1	1	1	1	1	1	1	1	1	1	1	1	1	1	1	1	1	0	1	1	1	1	1	0	1	1	0	0	1	1	1	1	1	1	1	1	1	1	1	1	1	1	1	1	1	1	1	1	1	1	1	1	1	1	1	1
240	2	0	1	0	1	0	0	0	0	1	0	0	0	1	0	1	0	0	0	1	1	1	1	1	1	1	1	1	1	1	1	1	1	1	1	1	1	1	1	1	1	1	1	1	1	1	1	1	1	1	1	1	1	1	1	1	1	1	1	1	1	1	1	1	1	1	1	1	1	1	0	1	1	1	1	1	0	1	1	0	0	1	1	1	1	1	1	1	1	1	1	1	1	1	1	1	1	1	1	1	1	1	1	1	1	1	1	1	1
241	1	0	1	0	1	0	0	0	0	1	0	0	0	1	0	1	0	0	0	1	1	1	1	1	1	1	1	1	1	1	1	1	1	1	1	1	1	1	1	1	1	1	1	1	1	1	1	1	1	1	1	1	1	1	1	1	1	1	1	1	1	1	1	1	1	1	1	1	1	1	0	1	1	1	1	1	0	1	1	0	0	1	1	1	1	1	1	1	1	1	1	1	1	1	1	1	1	1	1	1	1	1	1	1	1	1	1	1	1
242	2	0	2	0	2	0	0	0	0	1	0	0	0	2	0	2	0	0	0	2	2	2	2	2	2	1	2	2	1	1	2	2	2	2	2	2	2	2	2	2	2	2	2	2	2	2	2	2	2	1	2	2	2	2	2	2	2	2	2	2	2	2	1	1	2	2	2	2	2	1	1	1	2	2	2	2	0	1	2	0	0	1	1	2	2	2	1	2	2	1	1	2	2	2	2	2	2	2	1	2	2	2	1	2	2	2	2	2	2
243	0	0	0	0	0	0	0	0	0	0	0	0	0	0	0	0	0	0	0	0	1	1	1	1	1	1	1	1	1	1	1	1	1	1	1	1	1	1	1	1	1	1	1	1	1	1	1	1	1	1	1	1	1	1	1	1	1	1	1	1	1	1	1	1	1	1	1	1	1	1	0	1	1	1	1	1	0	1	1	0	0	1	1	1	1	1	1	1	1	1	1	1	1	1	1	1	1	1	1	1	1	1	1	1	1	1	1	1	1
244	2	0	2	0	2	0	0	0	0	1	0	0	0	2	0	2	0	0	0	2	2	2	2	2	2	1	2	2	1	1	2	2	2	2	2	2	2	2	2	2	2	2	2	2	2	2	2	2	2	1	2	2	2	2	2	2	2	2	2	2	2	2	1	1	2	2	2	2	2	1	1	1	2	2	2	2	0	1	2	0	0	1	1	2	2	2	1	2	2	1	1	2	2	2	2	2	2	2	1	2	2	2	1	2	2	2	2	2	2
245	2	0	2	0	2	0	0	0	0	1	0	0	0	2	0	2	0	0	0	2	2	2	2	2	2	1	2	2	1	1	2	2	2	2	2	2	2	2	2	2	2	2	2	2	2	2	2	2	2	1	2	2	2	2	2	2	2	2	2	2	2	2	1	1	2	2	2	2	2	1	1	1	2	2	2	2	0	1	2	0	0	1	1	2	2	2	1	2	2	1	1	2	2	2	2	2	2	2	1	2	2	2	1	2	2	2	2	2	2
246	2	0	2	0	2	0	0	0	0	1	0	0	0	1	0	2	1	1	1	1	2	2	1	2	2	1	2	2	1	1	2	2	2	2	2	2	2	2	2	2	2	2	2	2	2	2	2	2	2	1	2	2	2	2	2	2	2	2	2	2	1	2	1	1	2	2	2	2	2	1	0	1	2	2	1	2	1	1	2	1	1	1	1	2	2	2	1	2	2	1	1	2	2	2	2	2	2	2	1	2	2	2	1	2	2	2	2	2	2
247	2	0	2	0	2	0	0	0	0	2	0	0	0	2	0	2	0	0	0	1	2	2	2	2	2	2	2	2	2	2	2	2	2	2	2	2	2	2	2	2	2	2	2	2	2	2	2	2	2	2	2	2	2	2	2	2	2	2	2	2	2	2	2	2	2	2	2	2	2	2	0	2	2	2	2	2	0	2	2	0	0	2	2	2	2	2	2	2	2	2	2	2	2	2	2	2	2	2	2	2	2	2	2	2	2	2	2	2	2
248	1	0	1	0	1	0	0	0	0	1	0	0	0	1	0	1	0	0	0	1	1	1	1	1	1	1	1	1	1	1	1	1	1	1	1	1	1	1	1	1	1	1	1	1	1	1	1	1	1	1	1	1	1	1	1	1	1	1	1	1	1	1	1	1	1	1	1	1	1	1	0	1	1	1	1	1	0	1	1	0	0	1	1	1	1	1	1	1	1	1	1	1	1	1	1	1	1	1	1	1	1	1	1	1	1	1	1	1	1
249	1	0	2	0	2	0	0	0	0	1	0	0	0	2	0	2	0	0	0	1	2	2	2	2	2	1	2	2	1	1	2	2	2	2	2	2	2	2	2	2	2	2	2	2	2	2	2	2	2	1	2	2	2	2	2	2	2	2	2	2	2	2	1	1	2	2	2	2	2	1	0	1	2	2	2	2	0	1	2	0	0	1	1	2	2	2	1	2	2	1	1	2	2	2	2	2	2	2	1	2	2	2	1	2	2	2	2	2	2
250	1	0	1	0	1	0	0	0	0	1	0	0	0	1	0	1	0	0	0	1	1	1	1	1	1	1	1	1	1	1	1	1	1	1	1	1	1	1	1	1	1	1	1	1	1	1	1	1	1	1	1	1	1	1	1	1	1	1	1	1	1	1	1	1	1	1	1	1	1	1	0	1	1	1	1	1	0	1	1	0	0	1	1	1	1	1	1	1	1	1	1	1	1	1	1	1	1	1	1	1	1	1	1	1	1	1	1	2	2
251	2	1	2	1	2	1	1	1	1	1	1	1	1	2	1	2	1	1	1	2	2	2	1	2	2	1	2	2	1	1	2	2	2	2	2	2	2	2	2	2	2	2	2	2	2	2	2	2	2	1	2	2	2	2	2	2	2	2	2	2	1	2	1	1	2	2	2	2	2	1	0	1	2	2	1	2	1	1	2	1	1	1	1	2	2	2	1	2	2	1	1	2	2	2	2	2	2	2	1	2	2	2	2	2	2	2	2	2	2
252	2	0	2	0	2	0	0	0	0	1	0	0	0	2	0	2	0	0	0	2	2	2	2	2	2	1	2	2	1	1	2	2	2	2	2	2	2	2	2	2	2	2	2	2	2	2	2	2	2	1	2	2	2	2	2	2	2	2	2	2	2	2	1	1	2	2	2	2	2	1	1	1	2	2	2	2	0	1	2	0	0	1	1	2	2	2	1	2	2	1	1	2	2	2	2	2	2	2	1	2	2	2	1	2	2	2	2	2	2
253	2	0	2	0	2	0	0	0	0	2	0	0	0	2	0	2	0	0	0	2	2	2	2	2	2	2	2	2	2	2	2	2	2	2	2	2	2	2	2	2	2	2	2	2	2	2	2	2	2	2	2	2	2	2	2	2	2	2	2	2	2	2	2	2	2	2	2	2	2	2	0	2	2	2	2	2	0	2	2	0	0	2	2	2	2	2	2	2	2	2	2	2	2	2	2	2	2	2	2	2	2	2	2	2	2	2	2	2	2
254	1	0	1	0	1	0	0	0	0	1	0	0	0	1	0	1	0	0	0	1	1	1	1	1	1	1	1	1	1	1	1	1	1	1	1	1	1	1	1	1	1	1	1	1	1	1	1	1	1	1	1	1	1	1	1	1	1	1	1	1	1	1	1	1	1	1	1	1	1	1	0	1	1	1	1	1	0	1	1	0	0	1	1	1	1	1	1	1	1	1	1	1	1	1	1	1	1	1	1	1	1	1	1	1	1	1	1	1	1
255	2	0	2	0	2	0	0	0	0	1	0	0	0	2	0	2	0	0	0	2	2	2	2	2	2	0	2	2	0	0	2	2	2	2	2	2	2	2	2	2	2	2	2	2	2	2	2	2	2	0	2	2	2	2	2	2	2	2	2	2	2	2	0	0	2	2	2	2	2	0	1	0	2	2	2	2	0	0	2	0	0	0	0	2	2	2	0	2	2	0	0	2	2	2	2	2	2	2	0	2	2	2	0	2	2	2	2	2	2
256	2	0	2	0	2	0	0	0	0	2	0	0	0	2	0	2	0	0	0	2	2	2	2	2	2	2	2	2	2	2	2	2	2	2	2	2	2	2	2	2	2	2	2	2	2	2	2	2	2	2	2	2	2	2	2	2	2	2	2	2	2	2	2	2	2	2	2	2	2	2	0	2	2	2	2	2	0	2	2	0	0	2	2	2	2	2	2	2	2	2	2	2	2	2	2	2	2	2	2	2	2	2	2	2	2	2	2	2	2
257	2	0	2	0	2	0	0	0	0	1	0	0	0	2	0	2	0	0	0	2	2	2	2	2	2	1	2	2	1	1	2	2	2	2	2	2	2	2	2	2	2	2	2	2	2	2	2	2	2	1	2	2	2	2	2	2	2	2	2	2	2	2	1	1	2	2	2	2	2	1	1	1	2	2	2	2	0	1	2	0	0	1	1	2	2	2	1	2	2	1	1	2	2	2	2	2	2	2	1	2	2	2	1	2	2	2	2	2	2
258	1	0	1	0	1	0	0	0	0	1	0	0	0	1	0	1	0	0	0	1	1	1	1	1	1	1	1	1	1	1	1	1	1	1	1	1	1	1	1	1	1	1	1	1	1	1	1	1	1	1	1	1	1	1	1	1	1	1	1	1	1	1	1	1	1	1	1	1	1	1	0	1	1	1	1	1	0	1	1	0	0	1	1	1	1	1	1	1	1	1	1	1	1	1	1	1	1	1	1	1	1	1	1	1	1	1	1	1	1
259	2	0	2	0	2	0	0	0	0	1	0	0	0	2	0	1	0	0	0	1	1	1	1	1	1	1	1	1	1	1	1	1	1	1	1	1	1	1	1	1	1	1	1	1	1	1	1	1	1	1	1	1	1	1	1	1	1	1	1	1	1	1	1	1	1	1	1	1	1	1	0	1	1	1	1	1	0	1	1	0	0	1	1	1	1	1	1	1	1	1	1	1	1	1	1	1	1	1	1	1	1	1	1	1	1	1	1	1	1
260	1	0	1	0	1	0	0	0	0	0	0	0	0	1	0	1	0	0	0	1	1	1	1	1	1	0	1	1	0	0	1	1	1	1	1	1	1	1	1	1	1	1	1	1	1	1	1	1	1	0	1	1	1	1	1	1	1	1	1	1	1	1	0	0	1	1	1	1	1	0	1	0	1	1	1	1	0	0	1	0	0	0	0	1	1	1	0	1	1	0	0	1	1	1	1	1	1	1	0	1	1	1	0	1	1	1	1	1	2
261	2	0	2	0	2	0	0	0	0	2	0	0	0	2	0	2	0	0	0	2	2	2	2	2	2	1	2	2	1	1	2	2	2	2	2	2	2	2	2	2	2	2	2	2	2	2	2	2	2	1	2	2	2	2	2	2	2	2	2	2	2	2	1	1	2	2	2	2	2	1	0	1	2	2	2	2	0	1	2	0	0	1	1	2	2	2	1	2	2	1	1	2	2	2	2	2	2	2	1	2	2	2	1	2	2	2	2	2	2
262	2	0	2	0	2	0	0	0	0	2	0	0	0	2	0	2	0	0	0	2	2	2	2	2	2	2	2	2	2	2	2	2	2	2	2	2	2	2	2	2	2	2	2	2	2	2	2	2	2	2	2	2	2	2	2	2	2	2	2	2	2	2	2	2	2	2	2	2	2	2	0	2	2	2	2	2	0	2	2	0	0	2	2	2	2	2	2	2	2	2	2	2	2	2	2	2	2	2	2	2	2	2	2	2	2	2	2	2	2
263	2	0	2	0	2	0	0	0	0	2	0	0	0	2	0	2	0	0	0	2	2	2	2	2	2	2	2	2	2	2	2	2	2	2	2	2	2	2	2	2	2	2	2	2	2	2	2	2	2	2	2	2	2	2	2	2	2	2	2	2	2	2	2	2	2	2	2	2	2	2	0	2	2	2	2	2	0	2	2	0	0	2	2	2	2	2	2	2	2	2	2	2	2	2	2	2	2	2	2	2	2	2	2	2	2	2	2	2	2
264	0	0	2	0	2	0	0	0	0	0	0	0	0	2	0	2	0	0	0	1	2	2	2	2	2	0	2	2	0	0	2	2	2	2	2	2	2	2	2	2	2	2	2	2	2	2	2	2	2	0	2	2	2	2	2	2	2	2	2	2	2	2	0	0	2	2	2	2	2	0	1	0	2	2	2	2	0	0	2	0	0	0	0	2	2	2	0	2	2	0	0	2	2	2	2	2	2	2	0	2	2	2	0	2	2	2	2	2	2
265	2	0	2	0	2	0	0	0	0	2	0	0	0	2	0	2	0	0	0	2	2	2	2	2	2	2	2	2	2	2	2	2	2	2	2	2	2	2	2	2	2	2	2	2	2	2	2	2	2	2	2	2	2	2	2	2	2	2	2	2	2	2	2	2	2	2	2	2	2	2	0	2	2	2	2	2	0	2	2	0	0	2	2	2	2	2	2	2	2	2	2	2	2	2	2	2	2	2	2	2	2	2	2	2	2	2	2	2	2
266	2	0	2	0	2	0	0	0	0	2	0	0	0	2	0	2	0	0	0	2	2	2	2	2	2	2	2	2	2	2	2	2	2	2	2	2	2	2	2	2	2	2	2	2	2	2	2	2	2	2	2	2	2	2	2	2	2	2	2	2	2	2	2	2	2	2	2	2	2	2	0	2	2	2	2	2	0	2	2	0	0	2	2	2	2	2	2	2	2	2	2	2	2	2	2	2	2	2	2	2	2	2	2	2	2	2	2	2	2
267	1	0	1	0	1	0	0	0	0	0	0	0	0	1	0	1	0	0	0	0	1	1	1	1	1	0	1	1	0	0	1	1	1	1	1	1	1	1	1	1	1	1	1	1	1	1	1	1	1	0	1	1	1	1	1	1	1	1	1	1	1	1	0	0	1	1	1	1	1	0	0	0	1	1	1	1	0	0	1	0	0	0	0	1	1	1	0	1	1	0	0	1	1	1	1	1	1	1	0	1	1	1	0	1	1	1	1	1	1
268	2	0	2	0	2	0	0	0	0	1	0	0	0	2	0	2	0	0	0	2	2	2	1	2	2	2	2	2	1	1	2	2	2	2	2	2	2	2	2	2	2	2	2	2	2	2	2	2	2	1	2	2	2	2	2	2	2	2	2	2	1	2	1	1	2	2	2	2	2	1	0	2	2	2	1	2	0	1	2	0	0	1	1	2	1	2	1	2	1	1	1	2	1	1	2	2	2	2	1	2	2	2	1	2	2	2	2	2	2
269	1	0	1	0	1	0	0	0	0	1	0	0	0	1	0	1	0	0	0	1	1	1	1	1	1	1	1	1	1	1	1	1	1	1	1	1	1	1	1	1	1	1	1	1	1	1	1	1	1	1	1	1	1	1	1	1	1	1	1	1	1	1	1	1	1	1	1	1	1	1	0	1	1	1	1	1	0	1	1	0	0	1	1	1	1	1	1	1	1	1	1	1	1	1	1	1	1	1	1	1	1	1	1	1	1	1	1	1	1
270	2	0	2	0	2	0	0	0	0	2	0	0	0	2	0	1	0	0	0	1	1	1	1	1	1	1	1	1	1	1	1	1	1	1	1	1	1	1	1	1	1	1	1	1	1	1	1	1	1	1	1	1	1	1	1	1	1	1	1	1	1	1	1	1	1	1	1	1	1	1	0	1	1	1	1	1	0	1	1	0	0	1	1	1	1	1	1	1	1	1	1	1	1	1	1	1	1	1	1	1	1	1	1	1	1	1	1	1	1
271	2	0	2	0	2	0	0	0	0	2	0	0	0	2	0	2	0	0	0	2	2	2	2	2	2	2	2	2	2	2	2	2	2	2	2	2	2	2	2	2	2	2	2	2	2	2	2	2	2	2	2	2	2	2	2	2	2	2	2	2	2	2	2	2	2	2	2	2	2	2	0	2	2	2	2	2	0	2	2	0	0	2	2	2	2	2	2	2	2	2	2	2	2	2	2	2	2	2	2	2	2	2	2	2	2	2	2	2	2
272	2	0	2	0	2	0	0	0	0	1	0	0	0	1	0	2	1	1	1	2	2	2	1	2	2	1	2	2	1	1	2	2	2	2	2	2	2	2	2	2	2	2	2	2	2	2	2	2	2	1	2	2	2	2	2	2	2	2	2	2	1	2	1	1	2	2	2	2	2	1	0	1	2	2	1	2	1	1	2	1	1	1	1	2	2	2	1	2	2	1	1	2	2	2	2	2	2	2	1	2	2	2	1	2	2	2	2	2	2
273	2	0	2	0	2	0	0	0	0	1	0	0	0	2	0	2	0	0	0	2	2	2	2	2	2	1	2	2	1	1	2	2	2	2	2	2	2	2	2	2	2	2	2	2	2	2	2	2	2	1	2	2	2	2	2	2	2	2	2	2	2	2	1	1	2	2	2	2	2	1	1	1	2	2	2	2	0	1	2	0	0	1	1	2	2	2	1	2	2	1	1	2	2	2	2	2	2	2	1	2	2	2	1	2	2	2	2	2	2
274	1	1	2	1	2	1	1	1	1	0	1	1	1	2	1	2	1	1	1	1	2	2	1	2	2	0	2	2	0	0	2	2	2	2	2	2	2	2	2	2	2	2	2	2	2	2	2	2	2	0	2	2	2	2	2	2	2	2	2	2	1	2	0	0	2	2	2	2	2	0	0	0	2	2	1	2	1	0	2	1	1	0	0	2	2	2	0	2	2	0	0	2	2	2	2	2	2	2	0	2	2	2	0	2	2	2	2	2	2
275	2	0	2	0	2	0	0	0	0	1	0	0	0	2	0	2	0	0	0	2	2	2	2	2	2	1	2	2	1	1	2	2	2	2	2	2	2	2	2	2	2	2	2	2	2	2	2	2	2	1	2	2	2	2	2	2	2	2	2	2	2	2	1	1	2	2	2	2	2	1	1	1	2	2	2	2	0	1	2	0	0	1	1	2	2	2	1	2	2	1	1	2	2	2	2	2	2	2	1	2	2	2	1	2	2	2	2	2	2
276	1	0	1	0	1	0	0	0	0	1	0	0	0	1	0	1	0	0	0	1	1	1	1	1	1	1	1	1	1	1	1	1	1	1	1	1	1	1	1	1	1	1	1	1	1	1	1	1	1	1	1	1	1	1	1	1	1	1	1	1	1	1	1	1	1	1	1	1	1	1	0	1	1	1	1	1	0	1	1	0	0	1	1	1	1	1	1	1	1	1	1	1	1	1	1	1	1	1	1	1	1	1	1	1	1	1	1	1	1
277	2	0	2	0	2	0	0	0	0	0	0	0	0	2	0	2	0	0	0	1	2	2	2	2	2	0	2	2	0	0	2	2	2	2	2	2	2	2	2	2	2	2	2	2	2	2	2	2	2	0	2	2	2	2	2	2	2	2	2	2	2	2	0	0	2	2	2	2	2	0	2	0	2	2	2	2	0	0	2	0	0	0	0	2	2	2	0	2	2	0	0	2	2	2	2	2	2	2	0	2	2	2	0	2	2	2	2	2	2
278	2	0	2	0	2	0	0	0	0	1	0	0	0	2	0	2	0	0	0	2	2	2	2	2	2	1	2	2	1	1	2	2	2	2	2	2	2	2	2	2	2	2	2	2	2	2	2	2	2	1	2	2	2	2	2	2	2	2	2	2	2	2	1	1	2	2	2	2	2	1	1	1	2	2	2	2	0	1	2	0	0	1	1	2	2	2	1	2	2	1	1	2	2	2	2	2	2	2	1	2	2	2	1	2	2	2	2	2	2
279	1	0	1	0	1	0	0	0	0	0	0	0	0	0	0	1	0	0	0	1	1	1	1	1	1	0	1	1	0	0	1	1	1	1	1	1	1	1	1	1	1	1	1	1	1	1	1	1	1	0	1	1	1	1	1	1	1	1	1	1	1	1	0	0	1	1	1	1	1	0	0	0	1	1	1	1	0	0	1	0	0	0	0	1	1	1	0	1	1	0	0	1	1	1	1	1	1	1	0	1	1	1	0	1	1	1	1	1	1
280	0	1	1	1	1	1	1	1	1	0	1	1	1	1	1	1	1	1	1	1	1	1	0	1	1	0	1	1	0	0	1	1	1	1	1	1	1	1	1	1	1	1	1	1	1	1	1	1	1	0	1	1	1	1	1	1	1	1	1	1	0	1	0	0	1	1	1	1	1	0	0	0	1	1	0	1	1	0	1	1	1	0	0	1	1	1	0	1	1	0	0	1	1	1	1	1	1	1	0	1	1	1	0	1	0	1	1	1	1
281	2	0	2	0	2	0	0	0	0	2	0	0	0	2	0	2	0	0	0	2	2	2	2	2	2	2	2	2	2	2	2	2	2	2	2	2	2	2	2	2	2	2	2	2	2	2	2	2	2	2	2	2	2	2	2	2	2	2	2	2	2	2	2	2	2	2	2	2	2	2	0	2	2	2	2	2	0	2	2	0	0	2	2	2	2	2	2	2	2	2	2	2	2	2	2	2	2	2	2	2	2	2	2	2	2	2	2	2	2
282	2	1	2	1	2	1	1	1	1	1	1	1	1	2	1	2	1	1	1	2	2	2	1	2	2	1	2	2	1	1	2	2	2	2	2	2	2	2	2	2	2	2	2	2	2	2	2	2	2	1	2	2	2	2	2	2	2	2	2	2	1	2	1	1	2	2	2	2	2	1	0	1	2	2	1	2	1	1	2	1	1	1	1	2	2	2	1	2	2	1	1	2	2	2	2	2	2	2	1	2	2	2	1	2	2	2	2	2	2
283	2	0	2	0	2	0	0	0	0	2	0	0	0	2	0	2	0	0	0	2	2	2	2	2	2	2	2	2	2	2	2	2	2	2	2	2	2	2	2	2	2	2	2	2	2	2	2	2	2	2	2	2	2	2	2	2	2	2	2	2	2	2	2	2	2	2	2	2	2	2	0	2	2	2	2	2	0	2	2	0	0	2	2	2	2	2	2	2	2	2	2	2	2	2	2	2	2	2	2	2	2	2	2	2	2	2	2	2	2
284	1	0	1	0	1	0	0	0	0	0	0	0	0	1	0	1	0	0	0	1	1	1	1	1	1	0	1	1	0	0	1	1	1	1	1	1	1	1	1	1	1	1	1	1	1	1	1	1	1	0	1	1	1	1	1	1	1	1	1	1	0	1	0	0	1	1	1	1	1	0	1	0	1	1	1	1	0	0	1	0	0	0	0	1	1	1	0	1	1	0	0	1	1	1	1	1	1	1	0	1	1	1	0	1	1	1	1	1	1
285	0	0	1	0	1	0	0	0	0	1	0	0	0	1	0	1	0	0	0	1	1	1	1	1	1	1	1	1	1	1	1	1	1	1	1	1	1	1	1	1	1	1	1	1	1	1	1	1	1	1	1	1	1	1	1	1	1	1	1	1	1	1	1	1	1	1	1	1	1	1	0	1	1	1	1	1	0	1	1	0	0	1	1	1	1	1	1	1	1	1	1	1	1	1	1	1	1	1	1	1	1	1	1	1	1	1	1	1	1
286	1	0	1	0	1	0	0	0	0	1	0	0	0	1	0	1	0	0	0	0	1	1	1	1	1	1	1	1	1	1	1	1	1	1	1	1	1	1	1	1	1	1	1	1	1	1	1	1	1	1	1	1	1	1	1	1	1	1	1	1	1	1	1	1	1	1	1	1	1	1	0	1	1	1	1	1	0	1	1	0	0	1	1	1	1	1	1	1	1	1	1	1	1	1	1	1	1	1	1	1	1	1	1	1	1	1	1	1	1
287	0	0	0	0	0	0	0	0	0	0	0	0	0	0	0	0	0	0	0	0	0	0	0	0	0	0	0	0	0	0	0	0	0	0	0	0	0	0	0	0	0	0	0	0	0	0	0	0	0	0	0	0	0	0	0	0	0	0	0	0	0	0	0	0	0	0	0	0	0	0	0	0	0	0	0	0	0	0	0	0	0	0	0	0	0	0	0	0	0	0	0	0	0	0	0	0	0	0	0	0	0	0	0	0	0	0	0	0	0
288	2	0	2	0	2	0	0	0	0	1	0	0	0	2	0	2	0	0	0	2	2	2	2	2	2	1	2	2	1	1	2	2	2	2	2	2	2	2	2	2	2	2	2	2	2	2	2	2	2	1	2	2	2	2	2	2	2	2	2	2	2	2	1	1	2	2	2	2	2	1	1	1	2	2	2	2	0	1	2	0	0	1	1	2	2	2	1	2	2	1	1	2	2	2	2	2	2	2	1	2	2	2	1	2	2	2	2	2	2
289	2	0	1	0	1	0	0	0	0	1	0	0	0	1	0	1	0	0	0	1	1	1	1	1	1	1	1	1	1	1	1	1	1	1	1	1	1	1	1	1	1	1	1	1	1	1	1	1	1	1	1	1	1	1	1	1	1	1	1	1	1	1	1	1	1	1	1	1	1	1	0	1	1	1	1	1	0	1	1	0	0	1	1	1	1	1	1	1	1	1	1	1	1	1	1	1	1	1	1	1	1	1	1	1	1	1	1	1	1
290	2	0	2	0	2	0	0	0	0	0	0	0	0	2	0	2	0	0	0	1	2	2	2	2	2	0	2	2	0	0	2	2	2	2	2	2	2	2	2	2	2	2	2	2	2	2	2	2	2	0	2	2	2	2	2	2	2	2	2	2	2	2	0	0	2	2	2	2	2	0	1	0	2	2	2	2	0	0	2	0	0	0	0	2	2	2	0	2	2	0	0	2	2	2	2	2	2	2	0	2	2	2	0	2	2	2	2	2	2
291	2	0	2	0	2	0	0	0	0	2	0	0	0	2	0	2	0	0	0	2	2	2	2	2	2	2	2	2	2	2	2	2	2	2	2	2	2	2	2	2	2	2	2	2	2	2	2	2	2	2	2	2	2	2	2	2	2	2	2	2	2	2	2	2	2	2	2	2	2	2	0	2	2	2	2	2	0	2	2	0	0	2	2	2	2	2	2	2	2	2	2	2	2	2	2	2	2	2	2	2	2	2	2	2	2	2	2	2	2
292	2	0	2	0	2	0	0	0	0	2	0	0	0	2	0	2	0	0	0	1	2	2	2	2	2	2	2	2	2	2	2	2	2	2	2	2	2	2	2	2	2	2	2	2	2	2	2	2	2	2	2	2	2	2	2	2	2	2	2	2	2	2	2	2	2	2	2	2	2	2	0	2	2	2	2	2	0	2	2	0	0	2	2	2	2	2	2	2	2	2	2	2	2	2	2	2	2	2	2	2	2	2	2	2	2	2	2	2	2
293	0	0	1	0	1	0	0	0	0	0	0	0	0	1	0	1	0	0	0	0	1	1	1	1	1	0	1	1	0	0	1	1	1	1	1	1	1	1	1	1	1	1	1	1	1	1	1	1	1	0	1	1	1	1	1	1	1	1	1	1	1	1	0	0	1	1	1	1	1	0	0	0	1	1	1	1	0	0	1	0	0	0	0	1	1	1	0	1	1	0	0	1	1	1	1	1	1	1	0	1	1	1	0	1	1	1	1	1	1
294	1	0	2	0	2	0	0	0	0	1	0	0	0	2	0	2	0	0	0	2	2	2	2	2	2	1	2	2	1	1	2	2	2	2	2	2	2	2	2	2	2	2	2	2	2	2	2	2	2	1	2	2	2	2	2	2	2	2	2	2	2	2	1	1	2	2	2	2	2	1	1	1	2	2	2	2	0	1	2	0	0	1	1	2	2	2	1	2	2	1	1	2	2	2	2	2	2	2	1	2	2	2	1	2	2	2	2	2	2
295	2	0	2	0	2	0	0	0	0	0	0	0	0	1	0	2	0	0	0	2	2	2	2	2	2	1	2	2	1	1	2	2	2	2	2	2	2	2	2	2	2	2	2	2	2	2	2	2	2	1	2	2	2	2	2	2	2	2	2	2	2	2	1	1	2	2	2	2	2	1	0	1	2	2	2	2	0	1	2	0	0	1	1	2	2	2	1	2	2	1	1	2	2	2	2	2	2	2	1	2	2	2	1	2	2	2	2	2	2
373	2	1	2	1	2	1	1	1	1	1	1	1	1	2	1	2	1	1	1	2	2	2	1	2	2	1	2	2	1	1	2	2	2	2	2	2	2	2	2	2	2	2	2	2	2	2	2	2	2	1	2	2	2	2	2	2	2	2	2	2	1	2	1	1	2	2	2	2	2	1	0	1	2	2	1	2	1	1	2	1	1	1	1	2	2	2	1	2	2	1	1	2	2	2	2	2	2	2	1	2	2	2	1	2	2	2	2	2	2
374	0	0	1	0	1	0	0	0	0	1	0	0	0	1	0	1	0	0	0	1	1	1	1	1	1	1	1	1	1	1	1	1	1	1	1	1	1	1	1	1	1	1	1	1	1	1	1	1	1	1	1	1	1	1	1	1	1	1	1	1	1	1	1	1	1	1	1	1	1	1	0	1	1	1	1	1	0	1	1	0	0	1	1	1	1	1	1	1	1	1	1	1	1	1	1	1	1	1	1	1	1	1	1	1	1	1	1	1	1
375	2	0	2	0	2	0	0	0	0	2	0	0	0	2	0	2	0	0	0	2	2	2	2	2	2	1	2	2	1	1	2	2	2	2	2	2	2	2	2	2	2	2	2	2	2	2	2	2	2	1	2	2	2	2	2	2	2	2	2	2	2	2	1	1	2	2	2	2	2	1	1	1	2	2	2	2	0	1	2	0	0	1	1	2	2	2	1	2	2	1	1	2	2	2	2	2	2	2	1	2	2	2	1	2	2	2	2	2	2
376	1	0	1	0	1	0	0	0	0	1	0	0	0	1	0	1	0	0	0	0	1	1	1	1	1	1	1	1	1	1	1	1	1	1	1	1	1	1	1	1	1	1	1	1	1	1	1	1	1	1	1	1	1	1	1	1	1	1	1	1	1	1	1	1	1	1	1	1	1	1	0	1	1	1	1	1	0	1	1	0	0	1	1	1	1	1	1	1	1	1	1	1	1	1	1	1	1	1	1	1	1	1	1	1	1	1	1	1	1
377	2	0	2	0	2	0	0	0	0	2	0	0	0	2	0	2	0	0	0	1	2	2	2	2	2	2	2	2	2	2	2	2	2	2	2	2	2	2	2	2	2	2	2	2	2	2	2	2	2	2	2	2	2	2	2	2	2	2	2	2	2	2	2	2	2	2	2	2	2	2	0	2	2	2	2	2	0	2	2	0	0	2	2	2	2	2	2	2	2	2	2	2	2	2	2	2	2	2	2	2	2	2	2	2	2	2	2	2	2
378	1	0	1	0	1	0	0	0	0	1	0	0	0	1	0	1	0	0	0	1	1	1	1	1	1	1	1	1	1	1	1	1	1	1	1	1	1	1	1	1	1	1	1	1	1	1	1	1	1	1	1	1	1	1	1	1	1	1	1	1	1	1	1	1	1	1	1	1	1	1	0	1	1	1	1	1	0	1	1	0	0	1	1	1	1	1	1	1	1	1	1	1	1	1	1	1	1	1	1	1	1	1	1	1	1	1	1	1	1
379	2	0	2	0	2	0	0	0	0	2	0	0	0	2	0	1	0	0	0	1	1	1	1	1	1	1	1	1	1	1	1	1	1	1	1	1	1	1	1	1	1	1	1	1	1	1	1	1	1	1	1	1	1	1	1	1	1	1	1	1	1	1	1	1	1	1	1	1	1	1	0	1	1	1	1	1	0	1	1	0	0	1	1	1	1	1	1	1	1	1	1	1	1	1	1	1	1	1	1	1	1	1	1	1	1	1	1	1	1
380	2	0	2	0	2	0	0	0	0	2	0	0	0	2	0	2	0	0	0	2	2	2	2	2	2	2	2	2	2	2	2	2	2	2	2	2	2	2	2	2	2	2	2	2	2	2	2	2	2	2	2	2	2	2	2	2	2	2	2	2	2	2	2	2	2	2	2	2	2	2	0	2	2	2	2	2	0	2	2	0	0	2	2	2	2	2	2	2	2	2	2	2	2	2	2	2	2	2	2	2	2	2	2	2	2	2	2	2	2
381	2	1	2	1	2	1	1	1	1	1	1	1	1	2	1	2	1	1	1	2	2	2	1	2	2	1	2	2	1	1	2	2	2	2	2	2	2	2	2	2	2	2	2	2	2	2	2	2	2	1	2	2	2	2	2	2	2	2	2	2	1	2	1	1	2	2	2	2	2	1	0	1	2	2	1	2	1	1	2	1	1	1	1	2	2	2	1	2	2	1	1	2	2	2	2	2	2	2	1	2	2	2	1	2	2	2	2	2	2
382	1	0	2	0	2	0	0	0	0	1	0	0	0	2	0	2	0	0	0	1	2	2	2	2	2	1	2	2	1	1	2	2	2	2	2	2	2	2	2	2	2	2	2	2	2	2	2	2	2	1	2	2	2	2	2	2	2	2	2	2	2	2	1	1	2	2	2	2	2	1	0	1	2	2	2	2	0	1	2	0	0	1	1	2	2	2	1	2	2	1	1	2	2	2	2	2	2	2	1	2	2	2	1	2	2	2	2	2	2
383	2	0	2	0	2	0	0	0	0	2	0	0	0	2	0	2	0	0	0	1	2	2	2	2	2	2	2	2	2	2	2	2	2	2	2	2	2	2	2	2	2	2	2	2	2	2	2	2	2	2	2	2	2	2	2	2	2	2	2	2	2	2	2	2	2	2	2	2	2	2	0	2	2	2	2	2	0	2	2	0	0	2	2	2	2	2	2	2	2	2	2	2	2	2	2	2	2	2	2	2	2	2	2	2	2	2	2	2	2
384	2	0	2	0	2	0	0	0	0	1	0	0	0	2	0	2	0	0	0	2	2	2	2	2	2	2	2	2	2	2	2	2	2	2	2	2	2	2	2	2	2	2	2	2	2	2	2	2	2	2	2	2	2	2	2	2	2	2	2	2	2	2	2	2	2	2	2	2	2	2	0	2	2	2	2	2	0	2	2	0	0	2	2	2	2	2	2	2	2	2	2	2	2	2	2	2	2	2	2	2	2	2	2	2	2	2	2	2	2
385	1	0	1	0	1	0	0	0	0	1	0	0	0	1	0	1	0	0	0	1	1	1	1	1	1	1	1	1	1	1	1	1	1	1	1	1	1	1	1	1	1	1	1	1	1	1	1	1	1	1	1	1	1	1	1	1	1	1	1	1	1	1	1	1	1	1	1	1	1	1	0	1	1	1	1	1	0	1	1	0	0	1	1	1	1	1	1	1	1	1	1	1	1	1	1	1	1	1	1	1	1	1	1	1	1	1	1	0	0
386	0	0	0	0	0	0	0	0	0	0	0	0	0	0	0	0	0	0	0	0	0	0	0	0	0	0	0	0	0	0	0	0	0	0	0	0	0	0	0	0	0	0	0	0	0	0	0	0	0	0	0	0	0	0	0	0	0	0	0	0	0	0	0	0	0	0	0	0	0	0	0	0	0	0	0	0	0	0	0	0	0	0	0	0	0	0	0	0	0	0	0	0	0	0	0	0	0	0	0	0	0	0	0	0	0	0	0	0	0
387	0	0	0	0	0	0	0	0	0	0	0	0	0	0	0	0	0	0	0	0	0	0	0	0	0	0	0	0	0	0	0	0	0	0	0	0	0	0	0	0	0	0	0	0	0	0	0	0	0	0	0	0	0	0	0	0	0	0	0	0	0	0	0	0	0	0	0	0	0	0	0	0	0	0	0	0	0	0	0	0	0	0	0	0	0	0	0	0	0	0	0	0	0	0	0	0	0	0	0	0	0	0	0	0	0	0	0	0	0
388	1	0	2	0	2	0	0	0	0	1	0	0	0	2	0	2	0	0	0	1	2	2	2	2	2	1	2	2	1	1	2	2	2	2	2	2	2	2	2	2	2	2	2	2	2	2	2	2	2	1	2	2	2	2	2	2	2	2	2	2	2	2	0	1	2	2	2	2	2	1	0	1	2	2	2	2	0	1	2	0	0	1	1	2	2	2	1	2	2	1	1	2	2	2	2	2	2	2	1	2	2	2	1	2	2	2	2	2	2
389	2	1	2	1	2	1	1	1	1	1	1	1	1	2	1	2	1	1	1	2	2	2	1	2	2	1	2	2	1	1	2	2	2	2	2	2	2	2	2	2	2	2	2	2	2	2	2	2	2	1	2	2	2	2	2	2	2	2	2	2	1	2	1	1	2	2	2	2	2	1	0	1	2	2	1	2	1	1	2	1	1	1	1	2	2	2	1	2	2	1	1	2	2	2	2	2	2	2	1	2	2	2	1	2	2	2	2	2	2
390	2	0	2	0	2	0	0	0	0	2	0	0	0	2	0	2	0	0	0	2	2	2	2	2	2	2	2	2	2	2	2	2	2	2	2	2	2	2	2	2	2	2	2	2	2	2	2	2	2	2	2	2	2	2	2	2	2	2	2	2	2	2	2	2	2	2	2	2	2	2	0	2	2	2	2	2	0	2	2	0	0	2	2	2	2	2	2	2	2	2	2	2	2	2	2	2	2	2	2	2	2	2	2	2	2	2	2	2	2
391	1	2	2	2	2	2	2	2	2	0	2	2	2	2	2	2	2	2	1	2	2	2	0	2	2	0	2	2	0	0	2	2	2	2	2	2	2	2	2	2	2	2	2	2	2	2	2	2	2	0	2	2	2	2	2	2	2	2	2	2	0	2	0	0	2	2	2	2	2	0	0	0	2	2	0	2	2	0	2	2	2	0	0	2	2	2	0	2	2	0	0	2	2	2	2	2	2	2	0	2	2	2	1	2	2	2	2	2	2
392	2	0	2	0	2	0	0	0	0	2	0	0	0	2	0	2	0	0	0	2	2	2	2	2	2	2	2	2	2	2	2	2	2	2	2	2	2	2	2	2	2	2	2	2	2	2	2	2	2	2	2	2	2	2	2	2	2	2	2	2	2	2	2	2	2	2	2	2	2	2	0	2	2	2	2	2	0	2	2	0	0	2	2	2	2	2	2	2	2	2	2	2	2	2	2	2	2	2	2	2	2	2	2	2	2	2	2	2	2
393	2	0	2	0	2	0	0	0	0	2	0	0	0	2	0	2	0	0	0	1	2	2	2	2	2	2	2	2	2	2	2	2	2	2	2	2	2	2	2	2	2	2	2	2	2	2	2	2	2	2	2	2	2	2	2	2	2	2	2	2	2	2	2	2	2	2	2	2	2	2	0	2	2	2	2	2	0	2	2	0	0	2	2	2	2	2	2	2	2	2	2	2	2	2	2	2	2	2	2	2	2	2	2	2	2	2	2	2	2
394	2	0	2	0	2	0	0	0	0	1	0	0	0	2	0	2	0	0	0	1	2	2	2	2	2	1	2	2	1	1	1	2	2	2	2	2	2	2	2	2	2	1	2	2	2	2	2	2	2	1	2	2	2	2	2	2	2	2	2	2	2	2	1	1	2	2	2	2	2	1	1	1	2	2	2	2	0	1	2	0	0	1	1	2	2	2	1	2	2	1	1	2	2	2	2	2	2	2	1	2	2	2	1	2	2	2	2	2	2
395	1	0	1	0	1	0	0	0	0	1	0	0	0	1	0	1	0	0	0	1	1	1	1	1	1	1	1	1	1	1	1	1	1	1	1	1	1	1	1	1	1	1	1	1	1	1	1	1	1	1	1	1	1	1	1	1	1	1	1	1	1	1	1	1	1	1	1	1	1	1	0	1	1	1	1	1	0	1	1	0	0	1	1	1	1	1	1	1	1	1	1	1	1	1	1	1	1	1	1	1	1	1	1	1	1	1	1	1	2
396	0	0	1	0	1	0	0	0	0	0	0	0	0	1	0	1	0	0	0	0	1	1	1	1	1	0	1	1	0	0	1	1	1	1	1	1	1	1	1	1	1	1	1	1	1	1	1	1	1	0	1	1	1	1	1	1	1	1	1	1	1	1	0	0	1	1	1	1	1	0	0	0	1	1	1	1	0	0	1	0	0	0	0	1	1	1	0	1	1	0	0	1	1	1	1	1	1	1	0	1	1	1	0	1	1	1	1	1	1
397	2	0	2	0	2	0	0	0	0	2	0	0	0	2	0	1	0	0	0	2	1	1	1	1	1	1	1	1	1	1	1	1	1	1	1	1	1	1	1	1	1	1	1	1	1	1	1	1	1	1	1	1	1	1	1	1	1	1	1	1	1	1	1	1	1	1	1	1	1	1	0	1	1	1	1	1	0	1	1	0	0	1	1	1	1	1	1	1	1	1	1	1	1	1	1	1	1	1	1	1	1	1	1	1	1	1	1	1	1
398	2	0	2	0	2	0	0	0	0	1	0	0	0	2	0	2	0	0	0	2	2	2	2	2	2	1	2	2	1	1	2	2	2	2	2	2	2	2	2	2	2	2	2	2	2	2	2	2	2	1	2	2	2	2	2	2	2	2	2	2	2	2	1	1	2	2	2	2	2	1	1	1	2	2	2	2	0	1	2	0	0	1	1	2	2	2	1	2	2	1	1	2	2	2	2	2	2	2	1	2	2	2	1	2	2	2	2	2	2
399	2	0	2	0	2	0	0	0	0	2	0	0	0	2	0	2	0	0	0	2	2	2	2	2	2	2	2	2	2	2	2	2	2	2	2	2	2	2	2	2	2	2	2	2	2	2	2	2	2	2	2	2	2	2	2	2	2	2	2	2	2	2	2	2	2	2	2	2	2	2	0	2	2	2	2	2	0	2	2	0	0	2	2	2	2	2	2	2	2	2	2	2	2	2	2	2	2	2	2	2	2	2	2	2	2	2	2	2	2
400	0	1	1	1	1	1	1	1	1	0	1	1	1	1	1	1	1	1	1	1	1	1	0	1	1	0	1	1	0	0	1	1	1	1	1	1	1	1	1	1	1	1	1	1	1	1	1	1	1	0	1	1	1	1	1	1	1	1	1	1	0	1	0	0	1	1	1	1	1	0	0	0	1	1	0	1	1	0	1	1	1	0	0	1	1	1	0	1	1	0	0	1	1	1	1	1	1	1	0	1	1	1	0	1	1	1	1	1	1
401	1	0	2	0	2	0	0	0	0	1	0	0	0	2	0	2	0	0	0	1	2	2	2	2	2	1	2	2	1	1	2	2	2	2	2	2	2	2	2	2	2	2	2	2	2	2	2	2	2	1	2	2	2	2	2	2	2	2	2	2	2	2	1	1	2	2	2	2	2	1	0	1	2	2	2	2	0	1	2	0	0	1	1	2	2	2	1	2	2	1	1	2	2	2	2	2	2	2	1	2	2	2	1	2	2	2	2	2	2
402	2	0	2	0	2	0	0	0	0	2	0	0	0	2	0	2	0	0	0	2	2	2	2	2	2	2	2	2	2	2	2	2	2	2	2	2	2	2	2	2	2	2	2	2	2	2	2	2	2	2	2	2	2	2	2	2	2	2	2	2	2	2	2	2	2	2	2	2	2	2	0	2	2	2	2	2	0	2	2	0	0	2	2	2	2	2	2	2	2	2	2	2	2	2	2	2	2	2	2	2	2	2	2	2	2	2	2	2	2
403	0	1	2	1	2	1	1	1	1	0	1	1	1	2	1	2	1	1	1	1	2	2	1	2	2	0	2	2	0	0	2	2	2	2	2	2	2	2	2	2	2	2	2	2	2	2	2	2	2	0	2	2	2	2	2	2	2	2	2	2	1	2	0	0	2	2	2	2	2	0	0	0	2	2	1	2	1	0	2	1	1	0	0	2	2	2	0	2	2	0	0	2	2	2	2	2	2	2	0	2	2	2	0	2	2	2	2	2	2
404	2	0	2	0	2	0	0	0	0	2	0	0	0	2	0	2	0	0	0	1	2	2	2	2	2	2	2	2	2	2	2	2	2	2	2	2	2	2	2	2	2	2	2	2	2	2	2	2	2	2	2	2	2	2	2	2	2	2	2	2	2	2	2	2	2	2	2	2	2	2	0	2	2	2	2	2	0	2	2	0	0	2	2	2	2	2	2	2	2	1	2	2	2	2	2	2	2	2	2	2	2	2	2	2	2	2	2	2	2
405	2	0	2	0	2	0	0	0	0	2	0	0	0	2	0	2	0	0	0	2	2	2	2	2	2	2	2	2	2	2	2	2	2	2	2	2	2	2	2	2	2	2	2	2	2	2	2	2	2	2	2	2	2	2	2	2	2	2	2	2	2	2	2	2	2	2	2	2	2	2	0	2	2	2	2	2	0	2	2	0	0	2	2	2	2	2	2	2	2	2	2	2	2	2	2	2	2	2	2	2	2	2	2	2	2	2	2	2	2
406	2	0	2	0	2	0	0	0	0	1	0	0	0	2	0	2	0	0	0	1	2	2	2	2	2	2	2	2	2	2	2	2	2	2	2	2	2	2	2	2	2	2	2	2	2	2	2	2	2	2	2	2	2	2	2	2	2	2	2	2	2	2	2	2	2	2	2	2	2	2	0	2	2	2	2	2	0	2	2	0	0	2	2	2	2	2	2	2	2	2	2	2	2	2	2	2	2	2	2	2	2	2	2	2	2	2	2	2	2
407	1	0	0	0	0	0	0	0	0	0	0	0	0	0	0	0	0	0	0	0	0	0	0	0	0	0	0	0	0	0	0	0	0	0	0	0	0	0	0	0	0	0	0	0	0	0	0	0	0	0	0	0	0	0	0	0	0	0	0	0	0	0	0	0	0	0	0	0	0	0	0	0	0	0	0	0	0	0	0	0	0	0	0	0	0	0	0	0	0	0	0	0	0	0	0	0	0	0	0	0	0	0	0	0	0	0	0	0	0
408	1	0	1	0	1	0	0	0	0	0	0	0	0	1	0	1	0	0	0	1	1	1	1	1	1	0	1	1	0	0	1	1	1	1	1	1	1	1	1	1	1	1	1	1	1	1	1	1	1	0	1	1	1	1	1	1	1	1	1	1	1	1	0	0	1	1	1	1	1	0	1	0	1	1	1	1	0	0	1	0	0	0	0	1	1	1	0	1	1	0	0	1	1	1	1	1	1	1	0	1	1	1	0	1	1	1	1	1	1
409	2	0	2	0	2	0	0	0	0	2	0	0	0	2	0	2	0	0	0	2	2	2	2	2	2	2	2	2	2	2	2	2	2	2	2	2	2	2	2	2	2	2	2	2	2	2	2	2	2	2	2	2	2	2	2	2	2	2	2	2	2	2	1	2	2	2	2	2	2	2	0	2	2	2	2	2	0	2	2	0	0	2	2	2	2	2	2	2	2	2	2	2	2	2	2	2	2	2	2	2	2	2	2	2	2	2	2	2	2
410	1	0	1	0	1	0	0	0	0	1	1	0	0	1	0	1	0	0	0	1	1	1	1	1	1	1	1	1	1	1	1	1	1	1	1	1	1	1	1	1	1	1	1	1	1	1	1	1	1	1	1	1	1	1	1	1	1	1	1	1	1	1	1	1	1	1	1	1	1	1	0	1	1	1	1	1	0	1	1	0	0	1	1	1	1	1	1	1	1	1	1	1	1	1	1	1	1	1	1	1	1	1	1	1	1	1	1	1	1
411	1	0	1	0	1	0	0	0	0	1	0	0	0	1	0	1	0	0	0	1	1	1	1	1	1	1	1	1	1	1	1	1	1	1	1	1	1	1	1	1	1	1	1	1	1	1	1	1	1	1	1	1	1	1	1	1	1	1	1	1	1	1	1	1	1	1	1	1	1	1	0	1	1	1	1	1	0	1	1	0	0	1	1	1	1	1	1	1	1	1	1	1	1	1	1	1	1	1	1	1	1	1	1	1	1	1	1	1	1
412	1	0	2	0	2	0	0	0	0	2	0	0	0	2	0	2	0	0	0	2	2	2	2	2	2	2	2	2	2	2	2	2	2	2	2	2	2	2	2	2	2	2	2	2	2	2	2	2	2	2	2	2	2	2	2	2	2	2	2	2	2	2	2	2	2	2	2	2	2	2	0	2	2	2	2	2	0	2	2	0	0	2	2	2	2	2	2	2	2	2	2	2	2	2	2	2	2	2	2	2	2	2	2	2	2	2	2	2	2
413	1	1	1	1	1	1	1	1	1	0	1	1	1	1	1	1	1	1	1	1	1	1	0	1	1	0	1	1	0	0	1	1	1	1	1	1	1	1	1	1	1	1	1	1	1	1	1	1	1	0	1	1	1	1	1	1	1	1	1	1	0	1	0	0	1	1	1	1	1	0	0	0	1	1	0	1	1	0	1	1	1	0	0	1	1	1	0	1	1	0	0	1	1	1	1	1	1	1	0	1	1	1	0	1	1	1	1	1	1
414	1	0	2	0	2	0	0	0	0	1	0	0	0	2	0	2	0	0	0	1	2	2	2	2	2	1	2	2	1	1	2	2	2	2	2	2	2	2	2	2	2	2	2	2	2	2	2	2	2	1	2	2	2	2	2	2	2	2	2	2	2	2	1	1	2	2	2	2	2	1	0	1	2	2	2	2	0	1	2	0	0	1	1	2	2	2	1	2	2	1	1	2	2	2	2	2	2	2	1	2	2	2	1	2	2	2	2	2	2
415	2	0	2	0	2	0	0	0	0	1	0	0	0	2	0	2	0	0	0	2	2	2	2	2	2	1	2	2	1	1	2	2	2	2	2	2	2	2	2	2	2	2	2	2	2	2	2	2	2	1	2	2	2	2	2	2	2	2	2	2	2	2	1	1	2	2	2	2	2	1	1	1	2	2	2	2	0	1	2	0	0	1	1	2	2	2	1	2	2	1	1	2	2	2	2	2	2	2	1	2	2	2	1	2	2	2	2	2	2
416	2	0	1	0	1	0	0	0	0	1	0	0	0	1	0	1	0	0	0	1	1	1	1	1	1	1	1	1	1	1	1	1	1	1	1	1	1	1	1	1	1	1	1	1	1	1	1	1	1	1	1	1	1	1	1	1	1	1	1	1	1	1	1	1	1	1	1	1	1	1	0	1	1	1	1	1	0	1	1	0	0	1	1	1	1	1	1	1	1	1	1	1	1	1	1	1	1	1	1	1	1	1	1	1	1	1	1	1	1
417	1	0	1	0	1	0	0	0	0	1	0	0	0	1	0	1	0	0	0	1	1	1	1	1	1	1	1	1	1	1	1	1	1	1	1	1	1	1	1	1	1	1	1	1	1	1	1	1	1	1	1	1	1	1	1	1	1	1	1	1	1	1	1	1	1	1	1	1	1	1	0	1	1	1	1	1	0	1	1	0	0	1	1	1	1	1	1	1	1	1	1	1	1	1	1	1	1	1	1	1	1	1	1	1	1	1	1	1	1
418	2	1	2	1	2	1	1	1	1	0	1	1	1	2	1	2	2	2	2	2	2	2	0	2	2	0	2	2	0	0	2	2	2	2	2	2	2	2	2	2	2	2	2	2	2	2	2	2	2	0	2	2	2	2	2	2	2	2	2	2	0	2	0	0	2	2	2	2	2	0	0	0	2	2	0	2	2	0	2	2	2	0	0	2	2	2	0	2	2	0	0	2	2	2	2	2	2	2	0	2	2	2	0	2	2	2	2	2	2
419	1	0	1	0	1	0	0	0	0	1	0	0	0	1	0	1	0	0	0	1	1	1	1	1	1	1	1	1	1	1	1	1	1	1	1	1	1	1	1	1	1	1	1	1	1	1	1	1	1	1	1	1	1	1	1	1	1	1	1	1	1	1	1	1	1	1	1	1	1	1	0	1	1	1	1	1	0	1	1	0	0	1	1	1	1	1	1	1	1	1	1	1	1	1	1	1	1	1	1	1	1	1	1	1	1	1	1	1	1
420	1	0	2	0	2	0	0	0	0	1	0	0	0	2	0	2	0	0	0	1	2	2	2	2	2	1	2	2	1	1	2	2	2	2	2	2	2	2	2	2	2	2	2	2	2	2	2	2	2	1	2	2	2	2	2	2	2	2	2	2	2	2	1	1	2	2	2	2	2	1	0	1	2	2	2	2	0	1	2	0	0	1	1	2	2	2	1	2	2	1	1	2	2	2	2	2	2	2	1	2	2	2	1	2	2	2	2	2	2
421	1	0	1	0	1	0	0	0	0	1	0	0	0	1	0	1	0	0	0	1	1	1	1	1	1	1	1	1	1	1	1	1	1	1	1	1	1	1	1	1	1	1	1	1	1	1	1	1	1	1	1	1	1	1	1	1	1	1	1	1	1	1	1	1	1	1	1	1	1	1	0	1	1	1	1	1	0	1	1	0	0	1	1	1	1	1	1	1	1	1	1	1	1	1	1	1	1	1	1	1	1	1	1	1	1	1	1	1	1
422	2	1	2	1	2	1	1	1	1	1	1	1	1	2	1	2	1	1	1	2	2	2	1	2	2	1	2	2	1	1	2	2	2	2	2	2	2	2	2	2	2	2	2	2	2	2	2	2	2	1	2	2	2	2	2	2	2	2	2	2	1	2	1	1	2	2	2	2	2	1	0	1	2	2	1	2	1	1	2	1	1	1	1	2	2	2	1	2	2	1	1	2	2	2	2	2	2	2	1	2	2	2	1	2	2	2	2	2	2
423	2	0	2	0	2	0	0	0	0	2	0	0	0	2	0	2	0	0	0	2	2	2	1	2	2	1	2	2	1	1	2	2	2	2	2	2	2	2	2	2	2	2	2	2	2	2	2	2	2	1	2	2	2	2	2	2	2	2	2	2	1	2	1	1	2	2	2	2	2	1	0	1	2	2	2	2	0	2	2	0	0	1	1	2	2	2	1	2	2	1	1	2	2	2	2	2	2	2	1	2	2	2	1	2	2	2	2	2	2
424	2	0	2	0	2	0	0	0	0	2	0	0	0	2	0	2	0	0	0	2	2	2	2	2	2	2	2	2	2	2	2	2	2	2	2	2	2	2	2	2	2	2	2	2	2	2	2	2	2	2	2	2	2	2	2	2	2	2	2	2	2	2	2	2	2	2	2	2	2	2	0	2	2	2	2	2	0	2	2	0	0	2	2	2	2	2	2	2	2	2	2	2	2	2	2	2	2	2	2	2	2	2	2	2	2	2	2	2	2
425	1	1	1	1	1	1	1	1	1	0	1	1	1	1	1	1	1	1	1	1	1	1	0	1	1	0	1	1	0	0	1	1	1	1	1	1	1	1	1	1	1	1	1	1	1	1	1	1	1	0	1	1	1	1	1	1	1	1	1	1	0	1	0	0	1	1	1	1	1	0	0	0	1	1	0	1	1	0	1	1	1	0	0	1	1	1	0	1	1	0	0	1	1	1	1	1	1	1	0	1	1	1	0	1	1	1	1	1	1
426	2	0	2	0	2	0	0	0	0	2	0	0	0	2	0	2	0	0	0	2	2	2	2	2	2	2	2	2	2	2	2	2	2	2	2	2	2	2	2	2	2	2	2	2	2	2	2	2	2	2	2	2	2	2	2	2	2	2	2	2	2	2	2	2	2	2	2	2	2	2	0	2	2	2	2	2	0	2	2	0	0	2	2	2	2	2	2	2	2	2	2	2	2	2	2	2	2	2	2	2	2	2	2	2	2	2	2	2	2
427	2	0	2	0	2	0	0	0	0	1	0	0	0	2	0	2	0	0	0	2	2	2	2	2	2	1	2	2	1	1	2	2	2	2	2	2	2	2	2	2	2	2	2	2	2	2	2	2	2	1	2	2	2	2	2	2	2	2	2	2	2	2	1	1	2	2	2	2	2	1	1	1	2	2	2	2	0	1	2	0	0	1	1	2	2	2	1	2	2	1	1	2	2	2	2	2	2	2	1	2	2	2	1	2	2	2	2	2	2
428	2	0	2	0	2	0	0	0	0	1	0	0	0	2	0	2	1	1	1	2	2	2	1	2	2	1	2	2	1	1	2	2	2	2	2	2	2	2	2	2	2	2	2	2	2	2	2	2	2	1	2	2	2	2	2	2	2	2	2	2	1	2	1	1	2	2	2	2	2	1	0	1	2	2	1	2	1	1	2	1	1	1	1	2	2	2	1	2	2	1	1	2	2	2	2	2	2	2	1	2	2	2	1	2	2	2	2	2	2
429	0	0	0	0	0	0	0	0	0	0	0	0	0	0	0	0	0	0	0	0	0	0	0	0	0	0	0	0	0	0	0	0	0	0	0	0	0	0	0	0	0	0	0	0	0	0	0	0	0	0	0	0	0	0	0	0	0	0	0	0	0	0	0	0	0	0	0	0	0	0	0	0	0	0	0	0	0	0	0	0	0	0	0	0	0	0	0	0	0	0	0	0	0	0	0	0	0	0	0	0	0	0	0	0	0	0	0	0	0
430	2	0	2	0	2	0	0	0	0	2	0	0	0	2	0	2	0	0	0	1	2	2	2	2	2	1	2	2	1	1	2	2	2	2	2	2	2	2	2	2	2	2	2	2	2	2	2	2	2	1	2	2	2	2	2	2	2	2	2	2	2	2	1	1	2	2	2	2	2	1	0	1	2	2	2	2	0	1	2	0	0	1	1	2	2	2	1	2	2	1	1	2	2	2	2	2	2	2	1	2	2	2	1	2	2	2	2	2	2
431	2	0	2	0	2	0	0	0	0	1	0	0	0	2	0	2	0	0	0	1	2	2	2	2	2	1	2	2	1	1	2	2	2	2	2	2	2	2	2	2	2	2	2	2	2	2	2	2	2	1	2	2	2	2	2	2	2	2	2	2	2	2	1	1	2	2	2	2	2	1	0	1	2	2	2	2	0	1	2	0	0	1	1	2	2	2	1	2	2	1	1	2	2	2	2	2	2	2	1	2	2	2	1	2	2	2	2	2	2
432	1	0	1	0	1	0	0	0	0	1	0	0	0	1	0	1	0	0	0	1	1	1	1	1	1	1	1	1	1	1	1	1	1	1	1	1	1	1	1	1	1	1	1	1	1	1	1	1	1	1	1	1	1	1	1	1	1	1	1	1	1	1	1	1	1	1	1	1	1	1	0	1	1	1	1	1	0	1	1	0	0	1	1	1	1	1	1	1	1	1	1	1	1	1	1	1	1	1	1	1	1	1	1	1	1	1	1	1	1
433	2	0	2	0	2	0	0	0	0	2	0	0	0	2	0	2	0	0	0	2	2	2	2	2	2	2	2	2	2	2	2	2	2	2	2	2	2	2	2	2	2	2	2	2	2	2	2	2	2	2	2	2	2	2	2	2	2	2	2	2	2	2	2	2	2	2	2	2	2	2	0	2	2	2	2	2	0	2	2	0	0	2	2	2	2	2	2	2	2	2	2	2	2	2	2	2	2	2	2	2	2	2	2	2	2	2	2	2	2
434	2	0	2	0	2	0	0	0	0	2	0	0	0	2	0	2	0	0	0	2	2	2	2	2	2	2	2	2	2	2	2	2	2	2	2	2	2	2	2	2	2	2	2	2	2	2	2	2	2	2	2	2	2	2	2	2	2	2	2	2	2	2	2	2	2	2	2	2	2	2	0	2	2	2	2	2	0	2	2	0	0	2	2	2	2	2	2	2	2	2	2	2	2	2	2	2	2	2	2	2	2	2	2	2	2	2	2	2	2
435	1	0	2	0	2	0	0	0	0	1	0	0	0	2	0	2	0	0	0	1	2	2	2	2	2	1	2	2	1	1	2	2	2	2	2	2	2	2	2	2	2	2	2	2	2	2	2	2	2	1	2	2	2	2	2	2	2	2	2	2	2	2	1	1	2	2	2	2	2	1	0	1	2	2	2	2	0	1	2	0	0	1	1	2	2	2	1	2	2	1	1	2	2	2	2	2	2	2	1	2	2	2	1	2	2	2	2	2	2
436	2	0	2	0	2	0	0	0	0	1	0	0	0	2	0	2	0	0	0	2	2	2	2	2	2	1	2	2	1	1	2	2	2	2	2	2	2	2	2	2	2	2	2	2	2	2	2	2	2	1	2	2	2	2	2	2	2	2	2	2	2	2	1	1	2	2	2	2	2	1	1	1	2	2	2	2	0	1	2	0	0	1	1	2	2	2	1	2	2	1	1	2	2	2	2	2	2	2	1	2	2	2	1	2	2	2	2	2	2
437	1	1	1	1	1	1	1	1	1	0	1	1	1	1	1	1	1	1	1	1	1	1	0	1	1	0	1	1	0	0	1	1	1	1	1	1	1	1	1	1	1	1	1	1	1	1	1	1	1	0	1	1	1	1	1	1	1	1	1	1	0	1	0	0	1	1	1	1	1	0	0	0	1	1	0	1	1	0	1	1	1	0	0	1	1	1	0	1	1	0	0	1	1	1	1	1	1	1	0	1	1	1	0	1	1	1	1	1	1
438	1	0	1	0	1	0	0	0	0	1	0	0	0	1	0	1	0	0	0	2	1	1	1	1	1	1	1	1	1	1	1	1	1	1	1	1	1	1	1	1	1	1	1	1	1	1	1	1	1	1	1	1	1	1	1	1	1	1	1	1	1	1	1	1	1	1	1	1	1	1	0	1	1	1	1	1	0	1	1	0	0	1	1	1	1	1	1	1	1	1	1	1	1	1	1	1	1	1	1	1	1	1	1	1	1	1	1	1	1
439	1	1	2	1	2	1	1	1	1	1	1	1	1	2	1	2	1	1	1	2	2	2	1	2	2	1	2	2	1	1	2	2	2	2	2	2	2	2	2	2	2	2	2	2	2	2	2	2	2	1	2	2	2	2	2	2	2	2	2	2	1	2	1	1	2	2	2	2	2	1	0	1	2	2	1	2	1	1	2	1	1	1	1	2	2	2	1	2	2	1	1	2	2	2	2	2	2	2	1	2	2	2	1	2	2	2	2	2	2
440	2	0	2	0	2	0	0	0	0	2	0	0	0	2	0	2	0	0	0	2	2	2	2	2	2	2	2	2	2	2	2	2	2	2	2	2	2	2	2	2	2	2	2	2	2	2	2	2	2	2	2	2	2	2	2	2	2	2	2	2	2	2	2	2	2	2	2	2	2	2	0	2	2	2	2	2	0	2	2	0	0	2	2	2	2	2	2	2	2	2	2	2	2	2	2	2	2	2	2	2	2	2	2	2	2	2	2	2	2
441	2	0	2	0	2	0	0	0	0	2	0	0	0	2	0	2	0	0	0	2	2	2	2	2	2	2	2	2	2	2	2	2	2	2	2	2	2	2	2	2	2	2	2	2	2	2	2	2	2	2	2	2	2	2	2	2	2	2	2	2	2	2	2	2	2	2	2	2	2	2	0	2	2	2	2	2	0	2	2	0	0	2	2	2	2	2	2	2	2	2	2	2	2	2	2	2	2	2	2	2	2	2	2	2	2	2	2	2	2
442	1	0	0	0	0	0	0	0	0	0	0	0	0	0	0	0	0	0	0	0	0	0	0	0	0	0	0	0	0	0	0	0	0	0	0	0	0	0	0	0	0	0	0	0	0	0	0	0	0	0	0	0	0	0	0	0	0	0	0	0	0	0	0	0	0	0	0	0	0	0	0	0	0	0	0	0	0	0	0	0	0	0	0	0	0	0	0	0	0	0	0	0	0	0	0	0	0	0	0	0	0	0	0	0	0	0	0	0	0
443	2	1	2	1	2	1	1	1	1	1	1	1	1	2	1	2	1	1	1	2	2	2	2	2	2	2	2	2	2	2	2	2	2	2	2	2	2	2	2	2	2	2	2	2	2	2	2	2	2	2	2	2	2	2	2	2	2	2	2	2	2	2	2	2	2	2	2	2	2	2	0	2	2	2	2	2	0	2	2	0	0	2	2	2	2	2	2	2	2	2	2	2	2	2	2	2	2	2	2	2	2	2	2	2	2	2	2	2	2
444	2	0	2	0	2	0	0	0	0	2	0	0	0	2	0	2	0	0	0	2	2	2	2	2	2	2	2	2	2	2	2	2	2	2	2	2	2	2	2	2	2	2	2	2	2	2	2	2	2	2	2	2	2	2	2	2	2	2	2	2	2	2	2	2	2	2	2	2	2	2	0	2	2	2	2	2	0	2	2	0	0	2	2	2	2	2	2	2	2	2	2	2	2	2	2	2	2	2	2	2	2	2	2	2	2	2	2	2	2
445	2	0	2	0	2	0	0	0	0	2	0	0	0	2	0	2	0	0	0	2	2	2	2	2	2	2	2	2	2	2	2	2	2	2	2	2	2	2	2	2	2	2	2	2	2	2	2	2	2	2	2	2	2	2	2	2	2	2	2	2	2	2	2	2	2	2	2	2	2	2	0	2	2	2	2	2	0	2	2	0	0	2	2	2	2	2	2	2	2	2	2	2	2	2	2	2	2	2	2	2	2	2	2	2	2	2	2	2	2
446	2	0	2	0	2	0	0	0	0	1	0	0	0	2	0	2	0	0	0	2	2	2	2	2	2	2	2	2	2	2	2	2	2	2	2	2	2	2	2	2	2	2	2	2	2	2	2	2	2	2	2	2	2	2	2	2	2	2	2	2	2	2	2	2	2	2	2	2	2	2	0	2	2	2	2	2	0	2	2	0	0	2	2	2	2	2	2	2	2	2	2	2	2	2	2	2	2	2	2	2	2	2	2	2	2	2	2	2	2
447	0	0	2	0	2	0	0	0	0	0	0	0	0	2	0	2	0	0	0	0	2	2	2	2	2	0	2	2	0	0	2	2	2	2	2	2	2	2	2	2	2	2	2	2	2	2	2	2	2	0	2	2	2	2	2	2	2	2	2	2	2	2	0	0	2	2	2	2	2	0	0	0	2	2	2	2	0	0	2	0	0	0	0	2	2	2	0	2	2	0	0	2	2	2	2	2	2	2	0	2	2	2	0	2	2	2	2	2	2
448	2	0	2	0	2	0	0	0	0	2	0	0	0	2	0	2	0	0	0	2	2	2	2	2	2	2	2	2	2	2	2	2	2	2	2	2	2	2	2	2	2	2	2	2	2	2	2	2	2	2	2	2	2	2	2	2	2	2	2	2	2	2	2	2	2	2	2	2	2	2	0	2	2	2	2	2	0	2	2	0	0	2	2	2	2	2	2	2	2	2	2	2	2	2	2	2	2	2	2	2	2	2	2	2	2	2	2	2	2
449	1	0	1	0	1	0	0	0	0	1	0	0	0	1	0	1	0	0	0	1	1	1	1	1	1	1	1	1	1	1	1	1	1	1	1	1	1	1	1	1	1	1	1	1	1	1	1	1	1	1	1	1	1	1	1	1	1	1	1	1	1	1	1	1	1	1	1	1	1	1	0	1	1	1	1	1	0	1	1	0	0	1	1	1	1	1	1	1	1	1	1	1	1	1	1	1	1	1	1	1	1	1	1	1	1	1	1	1	1
450	1	0	2	0	2	0	0	0	0	1	0	0	0	2	0	2	0	0	0	1	2	2	2	2	2	1	2	2	1	1	2	2	2	2	2	2	2	2	2	2	2	2	2	2	2	2	2	2	2	1	2	2	2	2	2	2	2	2	2	2	2	2	1	1	2	2	2	2	2	1	0	1	2	2	2	2	0	1	2	0	0	1	1	2	2	2	1	2	2	1	1	2	2	2	2	2	2	2	1	2	2	2	1	2	2	2	2	2	2
451	1	0	2	0	2	0	0	0	0	1	0	0	0	2	0	2	0	0	0	2	2	2	2	2	2	2	2	2	2	2	2	2	2	2	2	2	2	2	2	2	2	2	2	2	2	2	2	2	2	2	2	2	2	2	2	2	2	2	2	2	2	2	2	2	2	2	2	2	2	2	0	2	2	2	2	2	0	2	2	0	0	2	2	2	2	2	2	2	2	2	2	2	2	2	2	2	2	2	2	2	2	2	2	2	2	2	2	2	2
452	2	0	2	0	2	0	0	0	0	1	0	0	0	2	0	2	0	0	0	2	2	2	2	2	2	1	2	2	1	1	2	2	2	2	2	2	2	2	2	2	2	2	2	2	2	2	2	2	2	1	2	2	2	2	2	2	2	2	2	2	2	2	1	1	2	2	2	2	2	1	1	1	2	2	2	2	0	1	2	0	0	1	1	2	2	2	1	2	2	1	1	2	2	2	2	2	2	2	1	2	2	2	1	2	2	2	2	2	2
453	2	0	2	0	2	0	0	0	0	1	0	0	0	2	0	2	0	0	0	2	2	2	2	2	2	2	2	2	2	2	2	2	2	2	2	2	2	2	2	2	2	2	2	2	2	2	2	2	2	2	2	2	2	2	2	2	2	2	2	2	2	2	2	2	2	2	2	2	2	2	0	2	2	2	2	2	0	2	2	0	0	2	2	2	2	2	2	2	2	2	2	2	2	2	2	2	2	2	2	2	2	2	2	2	2	2	2	2	2
454	1	0	1	0	1	0	0	0	0	1	0	0	0	1	0	1	0	0	0	1	1	1	1	1	1	1	1	1	1	1	1	1	1	1	1	1	1	1	1	1	1	1	1	1	1	1	1	1	1	1	1	1	1	1	1	1	1	1	1	1	1	1	1	1	1	1	1	1	1	1	0	1	1	1	1	1	0	1	1	0	0	1	1	1	1	1	1	1	1	1	1	1	1	1	1	1	1	1	1	1	1	1	1	1	1	1	1	1	1
455	1	1	2	1	2	1	1	1	1	1	1	1	1	2	1	2	1	1	1	2	2	2	1	2	2	1	2	2	1	1	2	2	2	2	2	2	2	2	2	2	2	2	2	2	2	2	2	2	2	1	2	2	2	2	2	2	2	2	2	2	1	2	1	1	2	2	2	2	2	1	0	1	2	2	1	2	1	1	2	1	1	1	1	2	2	2	1	2	2	1	1	2	2	2	2	2	2	2	1	2	2	2	2	2	2	2	2	2	2
456	2	0	2	0	2	0	0	0	0	2	0	0	0	2	0	2	0	0	0	2	2	2	2	2	2	2	2	2	2	2	2	2	2	2	2	2	2	2	2	2	2	2	2	2	2	2	2	2	2	2	2	2	2	2	2	2	2	2	2	2	2	2	2	2	2	2	2	2	2	2	0	2	2	2	2	2	0	2	2	0	0	2	2	2	2	2	2	2	2	2	2	2	2	2	2	2	2	2	2	2	2	2	2	2	2	2	2	2	2
457	0	0	0	0	0	0	0	0	0	0	0	0	0	0	0	1	0	0	0	0	1	1	1	1	1	0	1	1	0	0	1	1	1	1	1	1	1	1	1	1	1	1	1	1	1	1	1	1	1	0	1	1	1	1	1	1	1	1	1	1	1	1	0	0	1	1	1	1	1	0	0	0	1	1	1	1	0	0	1	0	0	0	0	1	1	1	0	1	1	0	0	1	1	1	1	1	1	1	0	1	1	1	0	1	1	1	1	1	1
458	2	0	2	0	2	0	0	0	0	1	0	0	0	2	0	2	0	0	0	2	2	2	2	2	2	1	2	2	1	1	2	2	2	2	2	2	2	2	2	2	2	2	2	2	2	2	2	2	2	1	2	2	2	2	2	2	2	2	2	2	2	2	1	1	2	2	2	2	2	1	1	1	2	2	2	2	0	1	2	0	0	1	1	2	2	2	1	2	2	1	1	2	2	2	2	2	2	2	1	2	2	2	1	2	2	2	2	2	2
459	2	0	2	0	2	0	0	0	0	0	0	0	0	1	0	2	0	0	0	2	2	2	2	2	2	1	2	2	1	1	2	2	2	2	2	2	2	2	2	2	2	2	2	2	2	2	2	2	2	1	2	2	2	2	2	2	2	2	2	2	2	2	1	1	2	2	2	2	2	1	0	1	2	2	2	2	0	1	2	0	0	1	1	2	2	2	1	2	2	1	1	2	2	2	2	2	2	2	1	2	2	2	1	2	2	2	2	2	2
460	2	2	2	2	2	2	2	2	2	0	2	2	2	2	2	2	2	2	2	2	2	2	0	2	2	0	2	2	0	0	2	2	2	2	2	2	2	2	2	2	2	2	2	2	2	2	2	2	2	0	2	2	2	2	2	2	2	2	2	2	0	2	0	0	2	2	2	2	2	0	0	0	2	2	0	2	2	0	2	2	2	0	0	2	2	2	0	2	2	0	0	2	2	2	2	2	2	2	0	2	2	2	0	2	2	2	2	2	2
461	1	0	1	0	1	0	0	0	0	1	0	0	0	1	0	1	0	0	0	1	1	1	1	1	1	1	1	1	1	1	1	1	1	1	1	1	1	1	1	1	1	1	1	1	1	1	1	1	1	1	1	1	1	1	1	1	1	1	1	1	1	1	1	1	1	1	1	1	1	1	0	1	1	1	1	1	0	1	1	0	0	1	1	1	1	1	1	1	1	1	1	1	1	1	1	1	1	1	1	1	1	1	1	1	1	1	1	1	1
462	1	0	1	0	1	0	0	0	0	1	0	0	0	1	0	1	0	0	0	1	1	1	1	1	1	1	1	1	1	1	1	1	1	1	1	1	1	1	1	1	1	1	1	1	1	1	1	1	1	1	1	1	1	1	1	1	1	1	1	1	1	1	1	1	1	1	1	1	1	1	0	1	1	1	1	1	0	1	1	0	0	1	1	1	1	1	1	1	1	1	1	1	1	1	1	1	1	1	1	1	1	1	1	1	1	1	1	1	1
463	2	0	2	0	2	0	0	0	0	2	0	0	0	2	0	2	0	0	0	2	2	2	2	2	2	2	2	2	2	2	2	2	2	2	2	2	2	2	2	2	2	2	2	2	2	2	2	2	2	2	2	2	2	2	2	2	2	2	2	2	2	2	2	2	2	2	2	2	2	2	0	2	2	2	2	2	0	2	2	0	0	2	2	2	2	2	2	2	2	2	2	2	2	2	2	2	2	2	2	2	2	2	2	2	2	2	2	2	2
464	1	0	1	0	1	0	0	0	0	1	0	0	0	1	0	1	0	0	0	1	1	1	1	1	1	1	1	1	1	1	1	1	1	1	1	1	1	1	1	1	1	1	1	1	1	1	1	1	1	1	1	1	1	1	1	1	1	1	1	1	1	1	1	1	1	1	1	1	1	1	0	1	1	1	1	1	0	1	1	0	0	1	1	1	1	1	1	1	1	1	1	1	1	1	1	1	1	1	1	1	1	1	1	1	1	1	1	1	1
