29	1	0	2
30	2	0	2
31	0	1	2
32	1	1	2
33	2	0	2
34	1	1	2
35	1	1	2
36	1	1	2
37	1	1	2
38	0	2	2
39	1	1	2
40	2	0	2
296	1	1	2
297	1	1	2
298	2	0	2
299	1	1	2
300	1	1	2
301	1	1	2
302	2	0	2
303	1	1	2
304	2	0	2
305	0	2	2
306	1	1	2
307	1	1	2
308	0	2	2
309	1	1	2
310	1	1	2
311	2	0	2
312	1	1	2
313	0	2	2
314	1	0	2
315	0	2	2
316	1	1	2
317	2	0	2
318	0	2	2
319	2	0	2
320	2	1	2
321	2	0	2
322	0	2	2
323	0	2	2
324	0	2	2
325	1	1	2
326	1	1	2
327	0	2	2
328	2	0	2
329	1	1	2
330	0	2	2
331	1	1	2
332	2	0	2
333	1	1	2
334	1	1	2
335	1	1	2
336	1	1	2
337	2	0	2
338	1	1	2
339	1	1	2
340	0	2	2
341	1	1	2
342	1	1	2
343	2	0	2
344	2	0	2
345	0	2	2
346	1	1	2
347	0	2	2
348	0	2	2
349	0	2	2
350	1	1	2
351	1	1	2
352	1	1	2
353	1	1	2
354	1	1	2
355	1	1	2
356	0	2	2
357	0	2	2
358	0	2	2
359	1	1	2
360	1	1	2
361	2	0	2
362	1	1	2
363	1	1	2
364	1	1	2
365	1	1	2
366	2	0	2
367	1	1	2
368	1	2	2
369	1	1	2
370	1	1	2
371	0	1	2
372	1	1	2
