0	2	0	2
2	1	1	1
3	1	1	1
4	2	0	2
5	1	1	1
6	2	0	2
7	1	1	1
8	2	0	2
9	1	1	1
10	2	0	2
11	0	2	0
12	2	0	2
13	1	0	2
14	2	0	2
15	2	0	2
16	1	2	1
17	0	1	1
18	0	2	0
19	0	2	0
20	0	2	1
21	1	1	1
22	0	2	0
23	1	1	1
24	0	2	0
25	2	0	2
26	1	1	1
27	1	1	1
28	2	0	2
41	2	0	2
42	2	0	2
43	1	1	1
44	2	0	2
45	0	2	0
46	2	0	2
47	2	0	2
48	2	0	2
49	0	2	0
50	2	0	2
51	1	1	1
52	1	1	2
53	1	1	1
54	1	1	1
55	0	2	1
56	0	2	0
57	1	1	1
58	2	0	2
59	1	1	1
60	0	2	0
61	2	0	2
62	0	2	0
63	0	2	0
64	1	1	2
65	1	1	1
66	0	1	1
67	0	2	0
68	0	2	0
69	0	1	1
70	2	0	2
71	1	1	1
72	1	1	1
73	0	1	1
74	0	2	0
75	2	0	2
76	1	1	1
77	1	0	2
78	0	2	0
79	0	0	2
80	1	1	2
81	2	0	2
82	2	1	2
83	1	1	1
84	1	1	1
85	1	1	1
86	0	2	0
87	0	2	0
88	0	2	1
89	1	0	2
90	0	2	1
91	1	1	0
92	1	1	1
93	1	1	1
94	2	0	2
95	1	1	1
96	2	0	2
97	1	1	1
98	0	2	1
99	0	2	0
100	0	2	0
101	0	2	0
102	1	1	1
103	0	2	1
104	1	1	1
105	1	1	1
106	0	2	0
107	0	2	0
108	2	0	2
109	1	1	1
110	1	1	1
111	2	0	2
112	2	0	1
113	2	0	2
114	2	0	2
115	0	2	0
117	1	1	1
118	1	1	1
119	2	0	2
120	1	1	1
121	0	2	0
122	1	1	1
123	1	1	1
124	2	0	2
125	1	1	1
126	2	0	2
127	1	1	1
128	1	1	1
129	2	0	2
130	2	0	2
131	1	1	2
132	0	2	1
133	2	0	2
134	0	1	1
135	1	0	2
136	2	0	2
137	0	2	0
138	0	2	1
139	2	0	2
140	1	1	1
141	1	1	1
142	1	1	1
143	2	0	1
144	0	2	1
145	1	1	1
146	0	2	0
147	1	1	1
148	0	2	0
149	0	2	1
150	2	0	2
151	1	1	1
152	2	0	2
153	1	0	2
154	2	0	2
155	1	1	2
156	0	2	0
157	1	1	1
158	0	2	1
159	0	2	0
160	0	2	0
161	0	2	0
162	2	0	2
163	2	0	2
164	1	1	1
165	0	2	0
166	1	1	1
167	2	0	2
168	0	2	1
169	1	0	2
170	2	0	2
171	1	1	1
172	1	1	1
173	2	0	2
174	0	2	1
175	0	2	2
176	1	1	2
177	1	1	1
178	0	1	1
179	0	2	0
180	2	1	2
181	0	2	0
182	0	2	0
183	1	1	2
184	2	0	2
185	2	0	2
186	1	0	2
187	0	1	1
188	1	1	1
189	1	1	2
190	2	0	2
191	1	1	1
192	1	1	1
193	1	1	1
194	1	2	0
195	1	1	1
196	1	0	2
197	0	2	0
198	2	0	2
199	1	0	2
200	1	1	1
201	1	0	2
202	0	2	1
203	0	1	1
204	1	1	1
205	2	0	1
206	1	1	1
207	2	0	2
208	0	2	0
209	1	1	1
210	1	0	2
211	2	0	2
212	2	0	2
213	1	1	1
214	1	1	1
215	1	1	1
216	2	0	2
217	1	1	1
218	0	2	0
219	2	0	2
220	0	1	1
222	0	2	0
223	1	1	1
224	2	1	2
225	2	0	2
226	2	0	2
227	1	1	1
228	0	2	0
229	1	1	1
230	1	1	1
231	1	1	1
232	2	0	2
233	2	0	2
234	1	1	1
235	1	1	1
236	1	1	1
237	2	0	2
238	1	1	1
239	1	1	1
240	1	1	1
241	1	1	1
242	1	1	1
243	1	1	1
244	2	0	2
245	1	1	1
246	0	2	0
247	1	1	2
248	0	2	0
249	1	1	1
250	0	2	0
251	0	2	0
252	2	0	2
253	1	1	1
254	0	2	0
255	1	1	1
256	1	2	1
257	2	0	2
258	1	0	2
259	1	1	1
260	0	2	0
261	0	2	1
262	1	1	1
263	0	2	0
264	1	1	1
265	1	2	1
266	2	0	2
267	1	1	1
268	2	0	2
269	1	1	1
270	1	1	1
271	0	1	1
272	0	2	0
273	2	1	2
274	1	1	1
275	0	2	0
276	1	1	1
277	0	2	0
278	1	1	1
279	1	1	1
280	1	1	1
281	0	2	0
282	1	1	1
283	1	1	1
284	0	0	2
285	1	1	1
286	0	2	0
287	2	0	2
288	1	1	1
289	1	1	1
290	1	1	1
291	2	0	2
292	1	1	1
293	1	0	2
294	1	1	1
295	1	1	1
373	2	0	2
374	1	1	1
375	1	2	1
376	1	1	1
377	2	0	2
378	1	1	1
379	0	2	0
380	2	1	2
381	2	0	2
382	1	1	1
383	1	1	2
384	1	1	1
385	0	0	2
386	1	1	1
387	1	1	1
388	0	2	0
389	1	1	1
390	2	0	2
391	1	1	1
392	0	2	1
393	1	1	1
394	1	1	1
395	1	1	1
396	1	1	1
397	2	0	2
398	2	0	2
399	0	2	0
400	0	1	1
401	2	0	2
402	2	0	2
403	2	0	2
404	1	0	2
405	2	0	2
406	0	1	1
407	1	1	1
408	0	2	0
409	2	0	2
410	2	0	2
411	0	1	2
412	0	1	2
413	2	0	2
414	1	0	2
415	0	2	0
416	1	1	1
417	1	1	1
418	2	0	2
419	2	0	2
420	2	0	2
421	2	0	2
422	1	1	1
423	2	0	2
424	0	0	2
425	0	2	0
426	0	1	1
427	0	2	0
428	1	1	1
429	2	0	2
430	1	1	1
431	1	1	1
432	2	1	2
433	1	1	1
434	2	0	2
435	2	0	2
436	2	0	2
437	1	1	1
438	2	0	2
439	2	0	2
440	1	1	1
441	2	0	2
442	1	1	1
443	2	0	2
444	0	2	0
445	1	1	1
446	2	0	2
447	1	1	1
448	1	1	1
449	1	1	2
450	1	0	2
451	1	1	1
452	2	0	2
453	0	2	0
454	2	0	2
455	2	0	2
456	1	1	1
457	2	0	2
458	0	2	0
459	0	2	1
460	1	1	1
461	2	0	2
462	2	0	2
463	1	1	1
464	0	2	0
