29	0	0	0	0	0	1	0	0	0
30	1	0	2	2	0	2	0	0	0
31	2	0	0	0	0	1	0	0	0
32	0	0	1	1	0	1	0	0	1
33	0	0	0	0	0	1	0	0	1
34	2	0	0	0	0	0	0	0	0
35	1	0	1	1	0	1	0	0	0
36	0	0	1	1	0	1	0	0	0
37	0	0	1	0	0	0	0	0	1
38	1	0	0	0	0	0	0	0	0
39	0	2	2	2	2	2	0	1	1
40	1	1	1	1	1	1	0	0	1
296	1	0	0	0	0	0	0	0	0
297	0	0	1	0	0	1	1	1	2
298	2	0	1	1	0	2	0	1	2
299	0	1	1	1	1	1	0	0	1
300	1	0	0	0	0	1	0	1	1
301	1	0	0	0	0	1	0	1	1
302	0	0	0	0	0	2	0	2	2
303	1	0	0	0	0	1	0	1	1
304	1	2	2	2	2	1	0	1	0
305	0	1	1	1	1	1	0	1	1
306	2	0	0	0	0	0	0	0	0
307	1	0	0	0	0	1	0	1	0
308	2	0	0	0	0	0	0	0	0
309	1	0	1	1	0	1	0	0	0
310	0	0	0	0	0	1	0	0	1
311	1	0	0	0	0	2	0	2	2
312	1	0	0	0	0	2	0	1	2
313	1	0	1	1	0	1	0	0	0
314	2	0	0	0	0	1	0	1	1
315	0	1	2	2	1	2	0	0	1
316	0	1	1	1	1	1	0	1	0
317	0	0	1	1	0	2	0	0	1
318	1	0	0	0	0	0	0	1	1
319	0	0	0	0	0	0	0	0	0
320	0	0	1	1	0	1	0	0	0
321	1	0	0	0	0	0	0	0	0
322	1	0	1	1	0	1	0	0	0
323	1	0	0	0	0	1	0	1	1
324	1	1	1	1	1	1	0	0	1
325	1	0	0	0	0	1	0	0	1
326	2	0	0	0	0	2	0	2	2
327	0	0	1	1	0	1	0	0	1
328	2	0	2	1	0	2	1	1	2
329	0	0	1	0	0	1	1	1	1
330	0	0	0	0	0	1	0	1	1
331	1	0	0	0	0	0	0	0	0
332	0	0	1	1	0	1	0	0	0
333	1	0	0	0	0	1	0	0	1
334	1	0	0	0	0	0	0	1	1
335	0	0	1	0	0	1	1	1	1
336	1	0	1	1	0	1	0	0	1
337	0	0	0	0	0	0	0	1	1
338	1	0	0	0	0	0	0	0	0
339	0	0	1	1	0	1	0	0	2
340	2	0	1	1	0	2	0	1	1
341	0	0	0	0	0	1	0	1	1
342	0	0	0	0	0	0	0	0	0
343	1	0	0	0	0	1	0	1	1
344	1	0	1	1	0	1	0	0	1
345	1	1	1	1	1	0	0	0	0
346	1	0	0	0	0	1	0	1	1
347	1	1	1	1	1	2	0	1	2
348	2	0	0	0	0	0	0	0	0
349	1	1	1	1	1	0	0	0	0
350	1	0	0	0	0	0	0	0	0
351	1	0	0	0	0	0	0	0	0
352	1	0	0	0	0	0	0	0	0
353	1	0	0	0	0	1	0	1	1
354	2	1	2	2	1	1	0	0	1
355	0	0	1	1	0	1	0	0	0
356	1	0	1	1	0	2	0	1	1
357	1	0	0	0	0	1	0	0	1
358	2	0	0	0	0	1	0	1	1
359	0	0	0	0	0	0	0	0	0
360	0	0	1	1	0	1	0	0	0
361	1	0	0	0	0	1	0	1	1
362	2	0	0	0	0	0	0	0	0
363	0	0	0	0	0	1	0	0	1
364	1	0	1	1	0	1	0	0	1
365	1	0	0	0	0	0	0	0	0
366	1	0	1	1	0	1	0	0	0
367	1	0	0	0	0	0	0	0	0
368	1	0	0	0	0	0	0	0	0
369	0	1	1	1	1	2	0	0	2
370	1	0	1	0	0	1	0	0	0
371	2	0	2	2	0	2	0	0	0
372	1	0	0	0	0	0	0	0	0
