0	2	1	1	1	1	1	1	1	1
2	1	1	1	1	1	1	1	1	1
3	1	1	1	1	1	1	1	1	1
4	0	0	0	0	0	0	0	0	0
5	2	0	0	0	0	0	0	0	0
6	0	0	0	0	0	0	0	0	0
7	0	0	0	0	0	0	0	0	0
8	1	0	2	0	0	2	2	2	2
9	1	0	0	0	0	0	0	0	0
10	1	1	1	1	1	1	1	1	1
11	1	0	0	0	0	0	0	0	0
12	0	0	0	0	0	0	0	0	0
13	1	0	0	0	0	0	0	0	0
14	1	0	0	0	0	0	0	0	0
15	0	0	0	0	0	0	0	0	0
16	1	1	1	1	1	1	1	1	1
17	1	0	0	0	0	0	0	0	0
18	1	1	1	1	1	1	1	1	1
19	1	0	1	0	0	1	1	1	1
20	1	2	2	2	2	2	2	2	2
21	0	1	1	1	1	1	1	1	1
22	1	1	1	1	1	1	1	1	1
23	0	0	2	0	0	2	2	1	2
24	1	0	0	0	0	0	0	0	0
25	0	0	0	0	0	0	0	0	0
26	1	1	1	1	1	1	1	1	1
27	2	1	1	1	1	1	1	1	1
28	1	0	0	0	0	0	0	0	0
41	2	0	0	0	0	0	0	0	0
42	0	0	0	0	0	0	0	0	0
43	0	0	0	0	0	0	0	0	0
44	0	1	1	1	1	1	1	1	1
45	0	0	0	0	0	0	0	0	0
46	1	0	0	0	0	0	0	0	0
47	0	1	1	1	1	1	1	1	1
48	0	0	0	0	0	0	0	0	0
49	1	0	0	0	0	0	0	0	0
50	0	0	1	0	0	1	1	1	1
51	2	0	0	0	0	0	0	0	0
52	0	2	2	2	2	2	2	2	2
53	0	0	1	0	0	1	1	1	1
54	1	2	2	2	2	2	2	2	2
55	1	0	0	0	0	0	0	0	0
56	2	0	0	0	0	0	0	0	0
57	1	0	0	0	0	0	0	0	0
58	2	2	2	2	2	2	2	2	2
59	1	0	0	0	0	0	0	0	0
60	2	0	0	0	0	0	0	0	0
61	2	1	1	1	1	1	1	1	1
62	0	0	0	0	0	0	0	0	0
63	0	0	0	0	0	0	0	0	0
64	0	0	0	0	0	0	0	1	0
65	1	0	0	0	0	0	0	0	0
66	0	0	0	0	0	0	0	0	0
67	1	2	2	2	2	2	2	2	2
68	0	1	1	1	1	1	1	1	1
69	1	0	0	0	0	0	0	0	0
70	2	1	1	1	1	1	1	1	1
71	0	0	1	0	0	1	1	1	1
72	0	0	0	0	0	0	0	0	0
73	2	1	1	1	1	1	1	1	1
74	1	0	0	0	0	0	0	0	0
75	2	0	0	0	0	0	0	0	0
76	2	0	0	0	0	0	0	0	0
77	1	0	0	0	0	0	0	0	0
78	2	1	1	1	1	1	1	1	1
79	0	0	0	0	0	0	0	0	0
80	0	0	0	0	0	0	0	0	0
81	1	0	0	0	0	0	0	0	0
82	0	0	0	0	0	0	0	1	1
83	0	0	0	0	0	0	0	0	0
84	2	0	0	0	0	0	0	0	0
85	1	0	0	0	0	0	0	0	0
86	1	0	0	0	0	0	0	0	0
87	0	0	0	0	0	0	0	0	0
88	1	0	0	0	0	0	0	0	0
89	1	0	0	0	0	0	0	0	0
90	1	0	1	0	0	1	1	1	1
91	0	0	0	0	0	0	0	0	0
92	1	1	1	1	1	1	1	1	1
93	1	0	0	0	0	0	0	0	0
94	1	0	0	0	0	0	0	0	0
95	2	0	0	0	0	0	0	0	0
96	0	0	0	0	0	0	0	0	0
97	1	0	1	0	0	1	1	1	1
98	0	0	0	0	0	0	0	0	0
99	0	0	1	0	0	1	1	1	1
100	2	1	1	1	1	1	1	1	1
101	2	0	0	0	0	0	0	0	0
102	2	0	0	0	0	0	0	0	0
103	1	1	1	1	1	1	1	1	1
104	1	1	1	1	1	1	1	1	1
105	0	0	0	0	0	0	0	0	0
106	0	0	0	0	0	0	0	0	0
107	2	1	1	1	1	1	1	1	1
108	0	0	0	0	0	0	0	0	0
109	1	0	0	0	0	0	0	0	0
110	2	0	0	0	0	0	0	0	0
111	1	0	0	0	0	0	0	0	0
112	2	0	0	0	0	0	0	0	0
113	1	0	0	0	0	0	0	0	0
114	0	0	0	0	0	0	0	0	0
115	1	0	0	0	0	1	1	1	1
117	1	1	2	1	1	2	2	1	2
118	1	0	0	0	0	0	0	0	0
119	0	1	1	1	1	1	1	1	1
120	2	0	0	0	0	0	0	0	0
121	1	0	1	0	0	1	1	1	1
122	1	0	0	0	0	0	0	0	0
123	0	0	0	0	0	0	0	0	0
124	1	0	0	0	0	0	0	0	0
125	0	0	0	0	0	0	0	0	0
126	1	0	0	0	0	0	0	0	0
127	1	0	0	0	0	0	0	0	0
128	0	0	0	0	0	0	0	0	0
129	0	0	0	0	0	0	0	0	0
130	1	0	0	0	0	0	0	0	0
131	1	0	0	0	0	0	0	0	0
132	1	0	1	0	0	1	1	1	1
133	1	0	0	0	0	0	0	0	0
134	1	0	0	0	0	0	0	0	0
135	0	0	0	0	0	0	0	0	0
136	0	1	1	1	1	1	1	1	1
137	2	0	0	0	0	0	0	0	0
138	1	0	0	0	0	0	0	0	0
139	2	0	0	0	0	0	0	0	0
140	1	0	0	0	0	0	0	0	0
141	1	0	0	0	0	0	0	0	0
142	1	1	2	1	1	2	2	2	2
143	0	1	1	1	1	1	1	1	1
144	2	2	2	2	2	2	2	2	2
145	0	0	0	0	0	0	0	0	0
146	1	1	1	1	1	1	1	1	1
147	2	0	0	0	0	0	0	0	0
148	1	1	1	1	1	1	1	1	1
149	1	1	1	1	1	1	1	1	1
150	1	0	1	0	0	1	1	1	1
151	0	0	0	0	0	0	0	0	0
152	1	0	0	0	0	0	0	0	0
153	1	0	1	0	0	1	1	1	1
154	1	0	0	0	0	0	0	0	0
155	1	1	1	1	1	1	1	1	1
156	1	0	0	0	0	0	0	0	0
157	0	0	0	0	0	0	0	0	0
158	0	0	0	0	0	0	0	0	0
159	1	0	0	0	0	0	0	0	0
160	2	0	1	0	0	1	1	1	1
161	1	1	1	1	1	1	1	1	1
162	0	0	0	0	0	0	0	0	0
163	0	0	1	0	0	1	1	0	0
164	0	0	0	0	0	0	0	0	0
165	1	0	0	0	0	0	0	0	0
166	0	0	0	0	0	0	0	0	0
167	2	0	0	0	0	0	0	0	0
168	2	0	0	0	0	0	0	0	0
169	1	0	0	0	0	0	0	0	0
170	1	0	1	0	0	1	1	1	1
171	1	0	0	0	0	0	0	0	0
172	0	0	0	0	0	0	0	0	0
173	0	0	0	0	0	0	0	0	0
174	0	0	0	0	0	0	0	0	0
175	1	0	0	0	0	0	0	0	0
176	1	0	1	0	0	1	1	1	1
177	2	0	0	0	0	0	0	0	0
178	1	0	0	0	0	0	0	0	0
179	0	0	0	0	0	0	0	0	0
180	1	1	1	1	1	1	1	1	1
181	1	0	0	0	0	0	0	0	0
182	2	0	0	0	0	0	0	0	0
183	0	0	0	0	0	0	0	0	0
184	1	0	0	0	0	0	0	0	0
185	2	1	1	1	1	1	1	1	1
186	0	0	0	0	0	0	0	0	0
187	1	0	0	0	0	0	0	0	0
188	1	1	1	1	1	1	1	1	1
189	2	2	2	2	2	2	2	2	2
190	2	0	0	0	0	0	0	0	0
191	1	0	0	0	0	0	0	0	0
192	1	1	1	1	1	1	1	1	1
193	2	1	2	1	1	2	2	2	2
194	1	0	0	0	0	0	0	0	0
195	0	0	1	0	0	1	1	1	1
196	0	1	1	1	1	1	1	1	1
197	0	0	0	0	0	0	0	0	0
198	0	0	0	0	0	0	0	0	0
199	2	0	0	0	0	0	0	0	0
200	2	0	1	0	0	1	1	1	1
201	1	0	0	0	0	0	0	0	0
202	0	0	0	0	0	0	0	0	0
203	1	1	1	1	1	1	1	1	1
204	0	0	1	0	0	1	1	1	1
205	0	0	0	0	0	0	0	0	0
206	1	1	1	1	1	1	1	1	1
207	0	0	0	0	0	0	0	0	0
208	1	0	0	0	0	0	0	0	0
209	0	1	1	1	1	1	1	1	1
210	0	0	0	0	0	0	0	0	0
211	2	2	2	2	2	2	2	2	2
212	1	0	0	0	0	0	0	0	0
213	1	1	1	1	1	1	1	1	1
214	1	0	0	0	0	0	0	0	0
215	1	0	0	0	0	0	0	0	0
216	0	0	0	0	0	0	0	0	0
217	0	1	1	1	1	1	1	1	1
218	1	0	0	0	0	0	0	0	0
219	0	0	0	0	0	0	0	0	0
220	2	1	1	1	1	1	1	1	1
222	0	0	0	0	0	0	0	0	0
223	0	0	0	0	0	0	0	0	0
224	0	0	0	0	0	0	0	0	0
225	1	0	0	0	0	0	0	0	0
226	1	1	1	1	1	1	1	1	1
227	2	1	1	1	1	1	1	1	1
228	1	1	1	1	1	1	1	1	1
229	0	1	1	1	1	1	1	1	1
230	0	0	0	0	0	0	0	0	0
231	0	0	0	0	0	0	0	0	0
232	2	0	0	0	0	0	0	0	0
233	1	0	0	0	0	0	0	0	0
234	2	0	1	0	0	1	1	1	1
235	1	0	1	0	0	1	1	1	1
236	0	0	0	0	0	0	0	0	0
237	1	0	0	0	0	0	0	0	0
238	1	0	0	0	0	0	0	0	0
239	2	0	0	0	0	0	0	0	0
240	0	0	0	0	0	0	0	0	0
241	0	0	0	0	0	0	0	0	0
242	1	0	0	0	0	0	0	0	0
243	2	0	1	0	0	1	1	1	1
244	1	0	0	0	0	0	0	0	0
245	0	0	1	0	0	1	1	1	1
246	0	0	0	0	0	0	0	0	0
247	0	0	0	0	0	0	0	0	0
248	2	1	2	1	1	2	2	2	2
249	2	1	1	1	1	1	1	1	1
250	1	1	1	1	1	1	1	1	1
251	0	0	1	0	0	1	1	1	1
252	1	0	0	0	0	0	0	0	0
253	1	0	0	0	0	0	0	0	0
254	1	0	0	0	0	0	0	0	0
255	2	1	1	1	1	1	1	1	1
256	1	0	0	0	0	0	0	0	0
257	0	0	0	0	0	0	0	0	0
258	2	0	0	0	0	0	0	0	0
259	0	0	0	0	0	0	0	0	0
260	2	0	0	0	0	0	0	0	0
261	1	0	0	0	0	0	0	0	0
262	1	2	2	2	2	2	2	2	2
263	1	0	0	0	0	0	0	0	0
264	1	0	0	0	0	0	0	0	0
265	1	0	0	0	0	0	0	0	0
266	1	1	1	1	1	1	1	1	1
267	0	0	0	0	0	0	0	0	0
268	0	0	0	0	0	0	0	0	0
269	1	1	1	1	1	1	1	1	1
270	1	1	1	1	1	1	1	1	1
271	2	0	1	0	0	1	1	1	1
272	1	0	1	0	0	1	1	1	1
273	1	0	1	0	0	1	1	1	1
274	0	0	0	0	0	0	0	0	0
275	0	0	2	0	0	2	2	2	2
276	0	0	0	0	0	0	0	0	0
277	0	1	1	1	1	1	1	1	1
278	1	1	1	1	1	1	1	1	1
279	1	0	0	0	0	0	0	0	0
280	2	0	0	0	0	0	0	0	0
281	1	0	1	0	0	1	1	1	1
282	0	0	0	0	0	0	0	0	0
283	1	0	0	0	0	0	0	0	0
284	1	1	2	1	1	2	2	2	2
285	0	0	1	0	0	1	1	1	1
286	2	1	1	1	1	1	1	1	1
287	1	1	1	1	1	1	1	1	1
288	0	0	0	0	0	0	0	0	0
289	0	0	0	0	0	0	0	0	0
290	2	1	1	1	1	1	1	1	1
291	1	0	0	0	0	0	0	0	0
292	1	0	0	0	0	0	0	0	0
293	1	0	0	0	0	0	0	0	0
294	1	0	1	0	0	1	1	1	1
295	0	0	0	0	0	0	0	0	0
373	1	0	0	0	0	0	0	0	0
374	1	1	1	1	1	1	1	1	1
375	0	0	0	0	0	0	0	0	0
376	1	0	0	0	0	0	0	0	0
377	0	0	0	0	0	0	0	0	0
378	1	0	0	0	0	0	0	0	0
379	1	0	0	0	0	0	0	0	0
380	0	0	0	0	0	0	0	0	0
381	1	0	0	0	0	0	0	0	0
382	1	0	1	0	0	1	1	1	1
383	2	0	0	0	0	0	0	0	0
384	0	0	0	0	0	0	0	0	0
385	0	1	1	1	1	1	1	1	1
386	0	0	1	0	0	1	1	1	1
387	1	0	1	0	0	1	1	1	1
388	2	0	0	0	0	0	0	0	0
389	1	0	0	0	0	0	0	0	0
390	1	0	0	0	0	0	0	0	0
391	0	0	0	0	0	0	0	0	0
392	1	1	1	1	1	1	1	1	1
393	1	0	0	0	0	0	0	0	0
394	1	0	0	0	0	0	0	0	0
395	1	0	1	0	0	1	1	1	1
396	1	1	1	1	1	1	1	1	1
397	0	1	1	1	1	1	1	1	1
398	1	0	0	0	0	0	0	0	0
399	0	0	0	0	0	0	0	0	0
400	0	1	1	1	1	1	1	1	1
401	1	0	0	0	0	0	0	0	0
402	2	1	1	1	1	1	1	1	1
403	1	0	0	0	0	0	0	0	0
404	1	0	0	0	0	0	0	0	0
405	1	1	1	1	1	1	1	1	1
406	1	0	0	0	0	0	0	0	0
407	1	1	1	1	1	1	1	1	1
408	0	1	1	1	1	1	1	1	1
409	1	0	1	0	0	1	1	1	1
410	0	0	0	0	0	0	0	0	0
411	1	1	1	1	1	1	1	1	1
412	0	0	0	0	0	0	0	0	0
413	2	0	1	0	0	1	1	1	1
414	0	0	0	0	0	0	0	0	0
415	1	1	1	1	1	1	1	1	1
416	0	0	0	0	0	0	0	0	0
417	0	0	0	0	0	0	0	0	0
418	0	0	0	0	0	0	0	0	0
419	0	0	0	0	0	0	0	0	0
420	0	1	1	1	1	1	1	0	0
421	0	0	0	0	0	0	0	0	0
422	1	0	0	0	0	0	0	0	0
423	1	0	0	0	0	0	0	0	0
424	2	0	0	0	0	0	0	0	0
425	0	0	1	0	0	1	1	1	1
426	0	0	0	0	0	0	0	0	0
427	1	0	0	0	0	0	0	0	0
428	0	0	0	0	0	1	0	0	0
429	1	0	1	0	0	1	1	1	1
430	0	1	1	1	1	1	1	1	1
431	0	0	0	0	0	0	0	0	0
432	1	0	0	0	0	0	0	0	0
433	0	0	0	0	0	0	0	0	0
434	2	1	1	1	1	1	1	1	1
435	1	0	0	0	0	0	0	0	0
436	1	0	0	0	0	0	0	0	0
437	1	0	0	0	0	0	0	0	0
438	1	0	0	0	0	0	0	0	0
439	1	1	1	0	0	0	1	0	0
440	0	0	1	0	0	0	1	1	1
441	1	0	0	0	0	0	0	0	0
442	0	0	0	0	0	0	0	0	0
443	1	0	0	0	0	0	0	0	0
444	0	0	1	0	0	1	1	1	1
445	0	0	1	0	0	1	1	1	1
446	0	0	0	0	0	0	0	0	0
447	1	0	0	0	0	0	0	0	0
448	2	1	1	1	1	1	1	1	1
449	1	0	0	0	0	0	0	0	0
450	0	1	1	1	1	1	1	1	1
451	1	0	0	0	0	0	0	0	0
452	1	2	2	2	2	2	2	2	2
453	0	0	0	0	0	0	0	0	0
454	0	0	0	0	0	0	0	0	0
455	2	0	1	0	0	1	1	1	1
456	2	0	0	0	0	0	0	0	0
457	0	0	1	0	0	1	1	1	1
458	0	0	0	0	0	0	0	0	0
459	0	0	0	0	0	0	0	0	0
460	1	0	1	0	0	1	1	0	1
461	0	0	0	0	0	0	0	0	0
462	0	0	0	0	0	0	0	0	0
463	0	0	0	0	0	0	0	0	0
464	1	0	0	0	0	0	0	0	0
