29	0	0	0	2	1	0	0	0	0	1	0	0	2	0	0	0	1	1	0	0	0	0	0	0	0	0	0	0	0	0	0	0	0	0	2	0	0	0	0	0	0	0	0	0	0	2	0	0	0	0	0
30	0	1	0	1	1	0	0	0	0	1	0	0	2	0	0	0	1	1	0	0	0	0	0	1	1	1	0	1	1	0	1	0	0	1	1	0	1	0	0	1	1	1	1	1	0	1	1	0	2	2	2
31	1	1	1	2	2	1	1	0	0	2	1	1	2	0	0	0	2	2	1	1	1	1	1	1	1	1	1	1	1	0	1	0	1	2	2	1	2	1	1	2	1	0	1	2	1	0	2	1	2	1	1
32	0	0	0	2	1	0	0	0	0	1	0	0	2	0	0	0	1	1	0	0	0	0	0	0	0	0	0	0	0	0	0	0	0	0	2	0	0	0	0	0	0	0	0	0	0	2	0	0	0	0	0
33	0	0	0	2	2	0	0	0	0	2	0	0	2	0	0	0	1	2	0	0	0	0	0	0	0	1	1	1	1	0	1	0	1	1	2	0	1	0	0	1	1	1	1	1	1	1	1	0	1	1	0
34	0	0	0	2	2	0	0	0	0	2	0	0	2	0	0	0	1	2	0	0	0	0	0	1	1	2	1	2	2	0	2	0	1	2	2	0	2	0	0	2	0	0	1	2	0	0	2	0	2	2	2
35	1	1	1	2	2	0	0	0	0	1	0	0	2	0	0	0	0	1	0	0	0	0	0	0	0	0	0	0	0	0	0	0	0	1	2	0	0	0	0	0	0	0	0	0	0	2	0	0	1	1	0
36	0	0	0	2	1	0	0	0	0	1	0	0	2	0	0	0	1	1	0	0	0	0	0	0	0	0	0	0	0	0	0	0	0	0	2	0	0	0	0	0	0	0	0	0	0	2	0	0	1	1	1
37	0	1	0	2	2	0	0	0	0	2	1	1	2	1	0	1	1	2	1	0	1	1	1	1	1	2	1	2	2	0	2	0	2	2	2	0	2	0	0	2	2	2	2	2	2	0	2	0	1	1	0
38	0	0	0	2	1	0	0	0	0	1	0	0	2	0	0	0	1	1	0	0	0	0	0	1	1	1	1	1	1	0	1	0	0	1	2	0	1	0	0	1	0	0	1	1	0	1	1	0	1	1	1
39	0	1	0	2	1	0	0	0	0	1	1	1	2	1	0	1	1	1	1	0	1	1	1	1	1	1	0	1	1	0	1	0	1	1	2	0	1	0	0	1	1	1	1	1	1	1	1	0	0	0	0
40	1	0	0	2	2	0	0	0	0	2	0	0	2	0	0	0	0	2	0	0	0	0	0	0	0	2	1	2	2	0	2	0	2	2	2	0	2	0	0	2	1	1	1	2	1	0	2	0	2	2	1
296	2	0	0	2	2	0	0	0	0	2	0	0	2	0	0	0	0	2	0	0	0	0	0	0	0	2	2	2	2	0	2	0	2	2	2	0	2	0	0	2	2	2	2	2	2	0	2	0	2	2	0
297	0	0	0	2	0	0	0	0	0	0	0	0	2	0	0	0	0	0	0	0	0	0	0	0	0	0	0	0	0	0	0	0	0	0	2	0	0	0	0	0	0	0	0	0	0	2	0	0	1	1	1
298	0	0	0	2	1	0	0	0	0	1	0	0	2	0	0	0	0	1	0	0	0	0	0	0	0	0	0	0	0	0	0	0	0	1	2	0	0	0	0	0	0	0	0	0	0	2	0	0	1	1	0
299	0	0	0	1	1	0	0	0	0	1	0	0	1	0	0	0	0	1	0	0	0	0	0	0	0	1	0	1	1	0	1	0	1	1	1	0	1	0	0	1	0	0	0	1	0	1	1	0	1	1	1
300	0	0	0	2	1	0	0	0	0	1	0	0	2	0	0	0	0	1	0	0	0	0	0	0	0	1	0	1	1	0	1	0	1	1	2	0	1	0	0	1	0	0	0	1	0	1	1	0	1	1	1
301	0	0	0	2	1	0	0	0	0	1	0	0	2	0	0	0	1	1	0	0	0	0	0	1	1	1	1	1	1	0	1	0	0	1	2	0	1	0	0	1	0	0	1	1	0	1	1	0	1	1	1
302	0	2	0	2	1	0	0	0	0	1	0	0	2	0	0	0	0	1	0	0	0	0	0	1	1	1	0	1	1	0	1	0	1	1	1	0	1	0	0	1	1	1	1	1	0	1	1	0	1	1	1
303	0	0	0	2	2	0	0	0	0	2	0	0	2	0	0	0	1	2	0	0	0	0	0	1	1	1	1	1	1	0	1	0	0	2	2	0	1	0	0	2	1	1	2	2	0	0	2	0	1	1	1
304	0	1	0	2	2	0	0	0	0	2	1	1	2	1	0	1	1	2	1	0	1	1	1	1	1	1	0	1	1	0	1	0	1	2	2	0	1	0	0	2	2	2	2	2	1	0	2	0	1	1	1
305	0	1	0	2	2	0	0	0	0	2	1	1	2	1	0	1	2	2	1	0	1	1	1	1	1	1	0	1	1	0	1	0	1	2	2	0	2	0	0	2	1	1	1	2	1	0	2	0	1	1	1
306	0	0	0	2	2	0	0	0	0	2	0	0	2	0	0	0	1	2	0	0	0	0	0	0	0	1	0	1	1	0	1	0	1	2	2	0	2	0	0	2	0	0	0	2	0	0	2	0	2	2	1
307	0	0	0	2	2	0	0	0	0	2	0	0	2	0	0	0	1	2	0	0	0	0	0	0	0	1	0	1	1	0	1	0	1	1	2	0	1	0	0	1	0	0	0	1	0	1	1	0	1	1	1
308	1	0	0	2	2	0	0	0	0	2	0	0	2	0	0	0	1	2	0	0	0	0	0	0	0	1	1	1	1	0	1	0	1	1	2	0	1	0	0	1	1	1	1	1	1	1	1	0	1	1	0
309	0	0	0	2	1	0	0	0	0	1	0	0	2	0	0	0	1	1	0	0	0	0	0	1	1	1	1	1	1	0	1	0	0	1	2	0	1	0	0	1	0	0	1	1	0	1	1	0	1	1	1
310	0	0	0	2	2	0	0	0	0	2	0	0	2	0	0	0	2	2	0	0	0	0	0	0	0	0	0	0	0	0	0	0	0	1	2	0	1	0	0	1	0	0	0	1	0	1	1	0	1	1	1
311	1	0	0	2	2	0	0	0	0	2	0	0	2	0	0	0	0	2	0	0	0	0	0	0	0	1	1	1	1	0	1	0	1	2	2	0	1	0	0	1	1	1	1	1	1	1	1	0	1	2	1
312	0	0	0	2	2	0	0	0	0	2	0	0	2	0	0	0	1	2	0	0	0	0	0	0	0	1	0	1	1	0	1	0	1	1	2	0	1	0	0	1	0	0	0	1	0	1	1	0	1	1	1
313	0	0	0	2	1	0	0	0	0	1	0	0	2	0	0	0	1	1	0	0	0	0	0	0	0	0	0	0	0	0	0	0	1	1	2	0	0	0	0	1	1	1	1	1	0	1	1	0	1	1	1
314	0	0	0	2	1	0	0	0	0	1	0	0	2	1	0	0	0	1	0	0	0	0	0	0	0	1	1	1	1	0	1	0	0	1	2	0	1	0	0	1	1	1	1	1	1	2	1	0	1	1	0
315	0	0	0	2	1	0	0	0	0	1	0	0	2	0	0	0	0	1	0	0	0	0	0	0	0	1	0	1	1	0	1	0	1	1	2	0	1	0	0	1	0	0	0	0	0	2	1	0	0	0	0
316	0	1	0	2	2	0	0	0	0	2	1	1	2	1	0	1	2	2	1	0	1	1	1	1	1	1	0	1	1	0	1	0	1	1	2	0	1	0	0	1	1	1	1	1	1	1	1	0	0	0	0
317	0	0	0	2	1	0	0	0	0	1	0	0	2	0	0	0	1	1	0	0	0	0	0	1	1	1	1	1	1	0	1	0	0	1	2	0	1	0	0	1	0	0	1	1	0	1	1	0	1	1	1
318	0	0	0	2	1	0	0	0	0	1	0	0	2	0	0	0	0	1	0	0	0	0	0	0	0	1	0	1	1	0	1	0	1	1	2	0	1	0	0	1	0	0	0	1	0	1	1	0	1	1	1
319	0	0	0	2	2	0	0	0	0	2	0	0	2	0	0	0	0	2	0	0	0	0	0	0	0	0	0	0	0	0	0	0	0	2	2	0	0	0	0	1	1	1	1	1	0	1	1	0	2	2	1
320	1	1	1	2	2	1	1	0	0	2	1	1	2	0	0	0	1	2	1	1	1	1	1	1	1	1	1	1	1	0	1	0	1	2	2	1	1	1	1	1	1	1	1	1	1	1	1	1	2	1	0
321	0	0	0	2	1	0	0	0	0	1	0	0	2	0	0	0	1	1	0	0	0	0	0	0	0	0	0	0	0	0	0	0	0	0	2	0	0	0	0	0	0	0	0	0	0	2	0	0	0	0	0
322	0	0	0	2	2	0	0	0	0	2	0	0	2	0	0	0	0	2	0	0	0	0	0	0	0	1	1	1	1	0	1	0	1	2	2	0	1	0	0	2	2	2	2	2	1	0	2	0	2	2	1
323	0	1	0	2	2	0	0	0	0	2	1	1	2	1	0	1	2	2	1	0	1	1	1	1	1	1	0	1	1	0	1	0	1	2	2	0	2	0	0	2	1	1	1	2	1	0	2	0	1	1	1
324	1	1	1	2	2	1	1	0	0	2	1	1	2	0	0	0	2	2	1	1	1	1	1	2	2	2	2	2	2	0	2	0	2	2	2	1	2	1	1	2	1	1	2	2	1	0	2	1	2	1	1
325	0	0	0	1	0	0	0	0	0	0	0	0	1	0	0	0	0	0	0	0	0	0	0	0	0	0	0	0	0	0	0	0	0	0	1	0	0	0	0	0	0	0	0	0	0	2	0	0	0	0	0
326	0	0	0	2	1	0	0	0	0	1	0	0	2	0	0	0	0	1	0	0	0	0	0	0	0	1	0	1	1	0	1	0	0	1	2	0	1	0	0	1	0	0	0	1	0	1	1	0	0	0	0
327	0	0	0	2	1	0	0	0	0	1	0	0	2	0	0	0	0	2	0	0	0	0	0	0	0	2	2	2	2	0	1	0	1	2	2	1	2	1	1	2	1	1	2	2	2	0	2	1	2	1	0
328	0	0	0	2	2	0	0	0	0	2	0	0	2	1	0	0	0	2	0	0	0	0	0	0	0	2	1	2	2	0	2	0	1	2	2	0	2	0	0	2	1	1	1	2	1	1	2	0	2	2	1
329	1	1	1	2	2	1	1	0	0	2	1	1	2	0	0	0	2	2	1	1	1	1	1	2	2	2	2	2	2	0	2	0	1	2	2	1	2	1	1	2	1	1	2	2	1	0	2	1	2	1	1
330	0	1	0	2	1	0	0	0	0	1	0	0	2	0	0	0	0	1	0	0	0	0	0	1	1	1	0	1	1	0	1	0	1	1	1	0	1	0	0	1	1	1	1	1	0	1	1	0	1	1	1
331	0	0	0	2	2	0	0	0	0	2	0	0	2	0	0	0	1	2	0	0	0	0	0	0	0	1	0	1	1	0	1	0	1	1	2	0	0	0	0	1	0	0	0	1	0	1	1	0	0	0	0
332	0	0	0	2	1	0	0	0	0	1	0	0	2	0	0	0	1	1	0	0	0	0	0	1	1	1	1	1	1	0	1	0	0	1	2	0	1	0	0	1	0	0	1	1	0	1	1	0	1	1	1
333	0	1	0	2	2	0	0	0	0	2	0	0	2	0	0	0	1	2	0	0	0	0	0	1	1	1	0	1	1	0	1	0	1	1	1	0	1	0	0	1	1	1	1	1	0	1	1	0	1	1	1
334	1	1	1	2	2	1	1	0	0	2	1	1	2	0	0	0	1	2	1	1	1	1	1	1	1	1	1	1	1	0	1	0	1	2	2	1	1	1	1	1	1	1	1	1	1	1	1	1	1	1	0
335	0	0	0	2	2	0	0	0	0	2	0	0	2	0	0	0	2	2	0	0	0	0	0	1	1	1	1	1	1	0	1	0	1	2	2	0	1	0	0	2	1	1	2	2	0	0	2	0	2	2	2
336	1	1	0	2	1	0	0	0	0	1	1	1	2	1	0	1	1	1	1	0	1	1	1	1	1	1	0	1	1	0	1	0	0	1	2	0	1	0	0	1	1	1	1	1	1	1	1	0	0	1	1
337	0	0	0	2	2	0	0	0	0	2	0	0	2	0	0	0	2	2	0	0	0	0	0	0	0	0	0	0	0	0	0	0	0	1	2	0	1	0	0	1	0	0	0	1	0	1	1	0	1	1	1
338	0	0	0	2	2	0	0	0	0	2	0	0	2	0	0	0	2	2	0	0	0	0	0	1	1	1	1	1	1	0	1	0	1	2	2	0	2	0	0	2	0	0	1	2	0	0	2	0	2	2	2
339	0	0	0	2	2	0	0	0	0	2	0	0	2	0	0	0	2	2	0	0	0	0	0	2	2	2	1	2	2	0	2	0	1	2	1	0	2	0	0	2	1	1	2	2	0	0	2	0	2	2	2
340	0	1	0	2	1	0	0	0	0	1	1	1	2	1	0	1	1	1	1	0	1	1	1	1	1	1	0	1	1	0	1	0	1	1	2	0	1	0	0	1	1	1	1	1	1	1	1	0	1	1	1
341	0	0	0	2	0	0	0	0	0	0	0	0	2	0	0	0	0	0	0	0	0	0	0	0	0	0	0	0	0	0	0	0	0	0	2	0	0	0	0	0	0	0	0	0	0	2	0	0	0	0	0
342	0	0	0	2	0	0	0	0	0	0	0	0	2	0	0	0	0	0	0	0	0	0	0	0	0	0	0	0	0	0	0	0	0	0	2	0	0	0	0	0	0	0	0	0	0	2	0	0	1	1	1
343	0	0	0	2	2	0	0	0	0	2	0	0	2	1	0	0	1	2	0	0	0	0	0	1	1	2	1	2	2	0	2	0	2	2	1	0	2	0	0	2	2	2	2	2	1	1	2	0	2	2	1
344	0	0	0	2	1	0	0	0	0	1	0	0	2	0	0	0	0	1	0	0	0	0	0	0	0	1	0	1	1	0	1	0	1	1	2	0	1	0	0	1	0	0	0	0	0	2	1	0	0	0	0
345	0	1	0	2	2	0	0	0	0	2	0	0	2	0	0	0	1	2	0	0	0	0	0	1	1	2	0	2	2	0	1	0	1	2	1	0	1	0	0	2	1	1	1	2	0	0	2	0	1	1	1
346	0	1	0	2	2	0	0	0	0	2	0	0	2	0	0	0	1	2	0	0	0	0	0	1	1	2	0	2	2	0	2	0	2	2	1	0	2	0	0	2	1	1	1	1	0	1	2	0	1	1	1
347	1	2	1	2	2	1	1	0	0	2	2	2	2	1	0	1	2	2	2	1	2	2	2	2	2	2	1	2	2	0	2	0	0	2	2	1	2	1	1	2	2	2	2	2	2	0	2	1	1	0	0
348	0	1	0	2	2	0	0	0	0	2	1	1	2	1	0	1	1	2	1	0	1	1	1	1	1	2	1	2	2	0	1	0	2	2	2	0	2	0	0	2	1	1	2	2	2	0	2	0	1	1	0
349	0	0	0	2	1	0	0	0	0	1	0	0	2	0	0	0	0	1	0	0	0	0	0	0	0	1	0	1	1	0	1	0	1	1	2	0	1	0	0	1	0	0	0	1	0	1	1	0	1	1	1
350	0	0	0	2	0	0	0	0	0	0	0	0	2	0	0	0	0	0	0	0	0	0	0	0	0	0	0	0	0	0	0	0	0	0	2	0	0	0	0	0	0	0	0	0	0	2	0	0	0	0	0
351	1	0	0	2	2	0	0	0	0	2	0	0	2	0	0	0	1	2	0	0	0	0	0	0	0	1	1	1	1	0	0	0	1	1	2	0	1	0	0	1	1	1	1	1	1	1	1	0	1	1	0
352	0	1	0	2	2	0	0	0	0	2	1	0	2	0	0	0	1	1	0	0	0	0	0	1	1	1	0	1	1	0	1	0	1	2	1	0	1	0	0	1	1	1	1	1	1	1	1	0	2	2	2
353	0	0	0	1	1	0	0	0	0	1	0	0	1	0	0	0	0	1	0	0	0	0	0	0	0	1	0	1	1	0	1	0	1	1	1	0	1	0	0	1	0	0	0	1	0	1	1	0	1	1	1
354	0	0	0	2	1	0	0	0	0	0	0	0	2	0	0	0	0	0	0	0	0	0	0	0	0	0	0	0	0	0	0	0	0	0	2	0	0	0	0	0	0	0	0	0	0	2	0	0	0	0	0
355	0	1	0	2	2	0	0	0	0	2	1	1	2	1	0	1	2	2	1	0	1	1	1	2	2	2	1	2	2	0	2	0	1	2	2	0	2	0	0	2	1	1	2	2	1	0	2	0	1	1	1
356	0	0	0	2	1	0	0	0	0	1	0	0	2	0	0	0	0	1	0	0	0	0	0	0	0	0	0	0	0	0	0	0	0	1	2	0	0	0	0	1	1	1	1	1	0	1	1	0	1	1	1
357	1	2	1	2	2	1	1	0	0	2	2	2	2	1	0	1	2	2	2	1	2	2	2	2	2	2	2	2	2	0	2	0	1	2	2	1	2	1	1	2	2	2	2	2	1	0	2	1	2	1	1
358	0	1	0	2	1	0	0	0	0	1	1	1	2	1	0	1	1	1	1	0	1	1	1	1	1	1	0	1	1	0	1	0	1	1	2	0	1	0	0	1	1	1	1	1	1	1	1	0	0	0	0
359	1	0	0	2	2	0	0	0	0	2	0	0	2	1	0	0	0	2	0	0	0	0	0	0	0	2	2	2	2	0	2	0	2	2	2	0	2	0	0	2	2	2	2	2	1	1	2	0	2	2	1
360	0	0	0	1	0	0	0	0	0	0	0	0	1	0	0	0	0	0	0	0	0	0	0	0	0	0	0	0	0	0	0	0	0	0	1	0	0	0	0	0	0	0	0	0	0	2	0	0	0	0	0
361	0	0	0	2	2	0	0	0	0	2	0	0	2	1	0	0	1	2	0	0	0	0	0	1	1	2	2	2	2	0	2	0	0	2	2	0	2	0	0	2	1	1	2	2	1	1	2	0	2	2	1
362	0	0	0	2	1	0	0	0	0	1	0	0	2	0	0	0	0	1	0	0	0	0	0	0	0	1	0	1	1	0	1	0	1	1	2	0	1	0	0	1	0	0	0	1	0	1	1	0	1	1	1
363	0	0	0	1	1	0	0	0	0	1	0	0	1	0	0	0	1	1	0	0	0	0	0	0	0	0	0	0	0	0	0	0	0	1	1	0	1	0	0	1	0	0	0	1	0	1	1	0	1	1	1
364	2	0	0	2	2	0	0	0	0	2	0	0	2	0	0	0	0	2	0	0	0	0	0	0	0	2	2	2	2	0	1	0	2	2	2	0	2	0	0	2	2	2	2	2	2	0	2	0	2	2	0
365	0	0	0	2	1	0	0	0	0	1	0	0	2	0	0	0	0	1	0	0	0	0	0	0	0	0	0	0	0	0	0	0	0	1	2	0	0	0	0	1	1	1	1	1	0	1	1	0	1	1	1
366	0	0	0	2	1	0	0	0	0	1	0	0	2	0	0	0	1	1	0	0	0	0	0	0	0	0	0	0	0	0	0	0	0	0	2	0	0	0	0	0	0	0	0	0	0	2	0	0	0	0	0
367	0	0	0	2	1	0	0	0	0	1	0	0	2	0	0	0	0	1	0	0	0	0	0	0	0	1	0	1	1	0	1	0	1	1	2	0	1	0	0	1	0	0	0	1	0	1	1	0	1	1	1
368	0	1	0	2	1	0	0	0	0	1	0	0	2	0	0	0	0	1	0	0	0	0	0	1	1	1	0	1	1	0	1	0	1	1	1	0	1	0	0	1	1	1	1	1	1	1	1	0	1	1	1
369	1	0	0	2	2	0	0	0	0	2	0	0	2	0	0	0	1	2	0	0	0	0	0	0	0	1	1	1	1	0	1	0	1	2	2	0	1	0	0	2	2	2	2	2	1	0	2	0	2	2	1
370	0	0	0	2	2	0	0	0	0	2	0	0	2	0	0	0	2	2	0	0	0	0	0	1	1	1	1	1	1	0	1	0	1	2	2	0	2	0	0	2	0	0	1	2	0	0	2	0	2	2	2
371	0	0	0	2	1	0	0	0	0	1	0	0	2	0	0	0	1	1	0	0	0	0	0	0	0	0	0	0	0	0	0	0	1	1	2	0	1	0	0	1	0	0	0	1	0	1	1	0	1	1	1
372	0	1	0	2	2	0	0	0	0	2	1	1	2	1	0	1	1	2	1	0	1	1	1	1	1	1	0	1	1	0	1	0	1	2	2	0	1	0	0	1	1	1	1	1	1	1	1	0	1	1	0
