0	1	1	1	2	2	1	1	1	1	2	1	1	2	1	1	1	2	2	1	1	1	1	1	1	1	1	1	1	1	1	1	1	1	2	2	1	1	1	1	1	1	1	1	1	1	1	1	1	2	2	2
2	1	1	1	2	2	1	1	1	1	2	1	1	2	1	1	1	2	2	1	1	1	1	1	1	1	1	1	1	1	1	1	1	1	2	2	1	1	1	1	1	1	1	1	1	1	1	1	1	2	2	2
3	0	0	0	1	1	0	0	0	0	1	0	0	1	0	0	0	1	1	0	0	0	0	0	0	0	0	0	0	0	0	0	0	0	1	1	0	0	0	0	0	0	0	0	0	0	2	0	0	1	1	1
4	1	1	1	2	2	1	1	1	1	2	1	1	2	1	1	1	2	2	1	1	1	1	1	1	1	1	1	1	1	1	1	1	1	2	2	1	1	1	1	1	1	1	1	1	1	1	1	1	2	2	2
5	0	1	0	2	2	0	0	0	0	2	1	1	2	1	0	1	2	2	1	0	1	1	1	1	1	1	1	1	1	0	1	0	1	2	2	0	1	0	0	1	1	1	1	1	0	1	1	0	2	2	2
6	1	1	1	2	2	1	1	1	1	2	1	1	2	1	1	1	2	2	1	1	1	1	1	1	1	1	1	1	1	1	1	1	1	2	2	1	1	1	1	1	1	1	1	1	1	1	1	1	2	2	2
7	0	0	0	2	2	0	0	0	0	2	0	0	2	0	0	0	2	2	0	0	0	0	0	0	0	0	0	0	0	0	0	0	0	2	2	0	0	0	0	0	0	0	0	0	0	2	0	0	2	2	2
8	1	1	1	1	1	1	1	1	1	1	1	1	1	1	1	1	1	1	1	1	1	1	1	1	1	1	1	1	1	1	1	1	1	1	1	1	1	1	1	1	1	1	1	1	1	1	1	1	1	1	1
9	1	1	1	2	2	1	1	1	1	2	1	1	2	1	1	1	2	2	1	1	1	1	1	1	1	1	1	1	1	1	1	1	1	2	2	1	1	1	1	1	1	1	1	1	1	1	1	1	2	2	2
10	0	0	0	1	1	0	0	0	0	1	0	0	1	0	0	0	1	1	0	0	0	0	0	0	0	0	0	0	0	0	1	0	0	1	1	0	0	0	0	0	0	0	0	0	0	2	0	0	1	1	1
11	0	0	0	2	2	0	0	0	0	2	0	0	2	0	0	0	2	2	0	0	0	0	0	1	1	1	1	1	1	0	1	0	1	2	2	0	1	0	0	1	0	0	1	1	0	1	1	0	2	2	2
12	0	0	0	2	2	0	0	0	0	2	0	0	2	0	0	0	2	2	0	0	0	0	0	0	0	0	0	0	0	0	0	0	0	1	1	0	0	0	0	0	0	0	0	0	0	2	0	0	1	1	1
13	0	1	0	2	2	0	0	0	0	2	1	1	2	1	0	1	2	2	1	0	1	1	1	1	1	1	1	1	1	0	1	0	1	2	2	0	1	0	0	1	1	1	1	1	0	1	1	0	2	2	2
14	0	2	0	1	2	0	0	0	0	2	1	1	2	1	0	1	2	2	1	0	1	1	1	2	1	2	1	2	2	0	2	0	1	2	1	0	2	0	0	2	2	2	2	2	0	0	2	0	2	2	2
15	0	0	0	1	1	0	0	0	0	1	0	0	1	0	0	0	1	1	0	0	0	0	0	0	0	0	0	0	0	0	0	0	0	1	1	0	0	0	0	0	0	0	0	0	0	2	0	0	1	1	1
16	0	1	0	1	1	0	0	0	0	1	1	1	1	1	0	1	1	1	1	0	1	1	1	1	1	1	1	1	1	0	1	0	1	1	1	0	1	0	0	1	1	1	1	1	0	1	1	0	1	1	1
17	0	0	0	0	0	0	0	0	0	0	0	0	0	0	0	0	0	0	0	0	0	0	0	0	0	0	0	0	0	0	0	0	0	0	0	0	0	0	0	0	0	0	0	0	0	2	0	0	0	0	0
18	1	1	1	1	1	1	1	1	1	1	1	1	1	1	1	1	1	1	1	1	1	1	1	1	1	1	1	1	1	1	1	1	1	1	1	1	1	1	1	1	1	1	1	1	1	1	1	1	1	1	1
19	1	1	1	2	2	1	1	1	1	2	1	1	2	1	1	1	2	2	1	1	1	1	1	1	1	1	1	1	1	1	1	1	1	2	2	1	1	1	1	1	1	1	1	1	1	1	1	1	2	2	2
20	2	2	2	2	2	2	2	2	2	2	2	2	2	2	2	2	2	2	2	2	2	2	2	2	2	2	2	2	2	2	2	2	2	2	2	2	2	2	2	2	2	2	2	2	2	0	2	2	2	2	2
21	0	0	0	2	2	0	0	0	0	2	0	0	2	0	0	0	2	2	0	0	0	0	0	1	1	1	1	1	1	0	1	0	1	1	2	0	1	0	0	1	0	0	1	1	0	1	1	0	1	1	1
22	1	1	1	1	1	1	1	1	1	1	1	1	1	1	1	1	1	1	1	1	1	1	1	1	1	1	1	1	1	1	1	1	1	1	1	1	1	1	1	1	1	1	1	1	1	1	1	1	1	1	1
23	1	1	1	2	2	1	1	1	1	2	1	1	2	1	1	1	1	2	1	1	1	1	1	2	2	2	2	2	2	1	2	1	2	2	2	1	2	1	1	2	1	1	2	2	1	0	2	1	2	2	2
24	0	1	0	1	1	0	0	0	0	1	1	1	1	1	0	1	1	1	1	0	1	1	1	1	1	1	1	1	1	0	1	0	1	1	1	0	1	0	0	1	1	1	1	1	0	1	1	0	1	1	1
25	1	2	1	2	2	1	1	1	1	2	2	2	2	2	1	2	2	2	2	1	2	2	2	2	2	2	2	2	2	1	2	0	1	2	2	0	1	0	0	1	1	1	1	1	0	1	1	0	2	2	2
26	1	2	1	2	2	1	1	1	1	2	2	2	2	2	1	2	2	2	2	1	2	2	2	2	2	2	2	2	2	1	2	1	2	2	2	1	2	1	1	2	2	2	2	2	1	0	2	1	2	2	2
27	1	1	1	1	1	1	1	1	1	1	1	1	1	1	1	1	1	1	1	1	1	1	1	1	1	1	1	1	1	1	1	1	1	1	1	1	1	1	1	1	1	1	1	1	1	1	1	1	1	1	1
28	0	0	0	2	2	0	0	0	0	2	0	0	2	0	0	0	2	2	0	0	0	0	0	0	0	0	0	0	0	0	0	0	0	2	2	0	0	0	0	0	0	0	0	0	0	2	0	0	2	2	2
41	0	1	0	1	2	0	0	0	0	2	0	0	2	0	0	0	2	1	0	0	0	0	0	2	2	2	1	2	2	0	2	0	0	2	1	0	2	0	0	2	1	1	2	2	0	0	2	0	2	2	2
42	0	0	0	2	2	0	0	0	0	2	0	0	2	0	0	0	2	2	0	0	0	0	0	0	0	0	0	0	0	0	0	0	1	1	2	0	1	0	0	1	1	1	1	1	0	1	1	0	1	1	1
43	1	1	1	2	2	1	1	1	1	2	1	1	2	1	1	1	2	1	1	1	1	1	1	1	1	1	1	1	1	1	1	1	1	1	2	1	1	1	1	1	1	1	1	1	1	1	1	1	1	1	1
44	0	0	0	2	2	0	0	0	0	2	0	0	2	0	0	0	2	2	0	0	0	0	0	0	0	0	0	0	0	0	0	0	0	1	2	0	0	0	0	0	0	0	0	0	0	2	0	0	1	1	1
45	1	1	1	1	1	1	1	1	1	1	1	1	1	1	1	1	2	2	1	1	1	1	1	1	1	1	1	1	1	1	1	1	1	2	2	1	1	1	1	1	1	1	0	0	1	1	1	1	2	2	2
46	0	0	0	2	2	0	0	0	0	2	0	0	2	0	0	0	2	2	0	0	0	0	0	0	0	0	0	0	0	0	0	0	0	0	2	0	0	0	0	0	0	0	0	0	0	2	0	0	0	0	0
47	0	0	0	0	0	0	0	0	0	0	0	0	0	0	0	0	0	0	0	0	0	0	0	0	0	0	0	0	0	0	0	0	0	0	0	0	0	0	0	0	0	0	0	0	0	2	0	0	0	0	0
48	0	0	0	2	2	0	0	0	0	2	0	0	2	0	0	0	2	2	0	0	0	0	0	0	0	0	0	0	0	0	0	0	0	1	2	0	0	0	0	0	0	0	0	0	0	2	0	0	1	1	1
49	0	0	0	1	1	0	0	0	0	1	0	0	1	0	0	0	1	1	0	0	0	0	0	0	0	0	0	0	0	0	0	0	0	1	1	0	0	0	0	0	0	0	0	0	0	2	0	0	1	1	1
50	0	1	0	1	1	0	0	0	0	1	1	1	1	1	0	1	1	1	1	0	1	1	1	1	1	1	1	1	1	0	1	0	1	1	1	0	1	0	0	1	1	1	1	1	0	1	1	0	1	1	1
51	0	0	0	0	0	0	0	0	0	0	0	0	0	0	0	0	0	0	0	0	0	0	0	0	0	0	0	0	0	0	0	0	0	0	0	0	0	0	0	0	0	0	0	0	0	2	0	0	0	0	0
52	1	1	1	2	2	1	1	1	1	2	1	1	2	1	1	1	2	2	1	1	1	1	1	1	1	1	1	1	1	1	1	1	1	2	2	1	1	1	1	1	1	1	0	0	1	1	1	1	2	2	2
53	0	0	0	0	0	0	0	0	0	0	0	0	0	1	0	0	0	0	0	0	0	0	0	0	0	0	0	0	0	0	0	0	0	1	1	1	1	1	1	1	1	1	1	1	1	1	1	1	1	1	1
54	1	1	1	1	1	1	1	1	1	1	1	1	1	1	1	1	1	1	1	1	1	1	1	1	1	1	1	1	1	1	1	1	1	1	1	1	1	1	1	1	1	1	1	1	1	1	1	1	1	1	1
55	0	0	0	2	2	0	0	0	0	2	0	0	2	0	0	0	2	2	0	0	0	0	0	0	0	0	0	0	0	0	0	0	0	2	2	0	0	0	0	0	0	0	0	0	0	2	0	0	2	2	2
56	2	2	2	2	2	2	2	2	2	2	2	2	2	2	2	2	2	2	2	2	2	2	2	2	2	2	2	2	2	2	2	2	2	2	2	2	2	2	2	2	2	2	2	2	2	0	2	2	2	2	2
57	1	2	1	2	2	1	1	1	1	2	1	1	2	1	1	1	2	2	1	1	1	1	1	2	2	2	1	2	2	1	2	1	2	2	1	1	2	1	1	2	2	2	2	2	1	0	2	1	2	2	2
58	0	0	0	0	0	0	0	0	0	0	0	0	0	0	0	0	0	0	0	0	0	0	0	0	0	0	0	0	0	0	0	0	0	0	0	0	0	0	0	0	0	0	0	0	0	2	0	0	0	0	0
59	0	0	0	1	1	0	0	0	0	1	0	0	1	0	0	0	1	1	0	0	0	0	0	0	0	0	0	0	0	0	0	0	0	1	1	0	0	0	0	0	0	0	0	0	0	2	0	0	0	0	0
60	1	1	1	1	1	1	1	1	1	1	1	1	1	1	1	1	1	1	1	1	1	1	1	1	1	1	1	1	1	1	1	1	1	1	1	1	1	1	1	1	1	1	1	1	1	1	1	1	1	1	1
61	1	1	1	1	1	1	1	1	1	1	1	1	1	1	1	1	1	1	1	1	1	1	1	1	1	1	1	1	1	1	1	0	0	1	1	1	1	1	1	1	1	1	1	1	1	1	1	1	1	1	1
62	1	2	1	2	2	1	1	1	1	2	2	2	2	2	1	2	2	2	2	1	2	2	2	2	2	2	2	2	2	1	2	1	1	2	2	1	2	1	1	2	2	2	2	2	1	0	2	1	2	2	1
63	0	1	0	1	1	0	0	0	0	1	1	1	1	1	0	1	1	1	1	0	1	1	1	1	1	1	1	1	1	0	1	0	1	1	1	0	1	0	0	1	1	1	1	1	0	1	1	0	1	1	1
64	0	0	0	2	2	0	0	0	0	2	0	0	2	0	0	0	1	2	0	0	0	0	0	0	0	0	0	0	0	0	0	0	1	2	2	0	1	0	0	1	1	1	1	1	0	1	1	0	2	2	2
65	1	1	1	1	1	1	1	1	1	1	1	1	1	1	1	1	1	1	1	1	1	1	1	1	1	1	1	1	1	1	1	1	1	1	1	1	1	1	1	1	1	1	1	1	1	1	1	1	1	1	1
66	0	0	0	0	0	0	0	0	0	0	0	0	0	0	0	0	0	0	0	0	0	0	0	0	0	0	0	0	0	0	0	0	0	0	0	0	0	0	0	0	0	0	0	0	0	2	0	0	0	0	0
67	0	0	0	0	0	0	0	0	0	0	0	0	0	0	0	0	0	0	0	0	0	0	0	0	0	0	0	0	0	0	0	0	0	0	0	0	0	0	0	0	0	0	0	0	0	2	0	0	0	0	0
68	0	1	0	2	2	0	0	0	0	2	1	1	2	1	0	1	2	2	1	0	1	1	1	1	1	1	1	1	1	0	1	0	1	2	2	0	1	0	0	1	1	1	1	1	0	1	1	0	2	2	2
69	1	2	1	2	2	1	1	1	1	2	1	1	2	1	1	1	2	2	1	1	1	1	1	2	1	2	1	2	2	1	2	0	1	2	1	1	2	1	1	2	2	2	2	2	1	0	2	1	2	2	2
70	0	0	0	1	1	0	0	0	0	1	0	0	1	0	0	0	1	1	0	0	0	0	0	0	0	0	0	0	0	0	0	0	0	1	1	0	0	0	0	0	0	0	0	0	0	2	0	0	1	1	1
71	0	0	0	2	2	0	0	0	0	2	0	0	2	0	0	0	2	2	0	0	0	0	0	0	0	0	0	0	0	0	0	0	0	1	2	0	0	0	0	0	0	0	0	0	0	2	0	0	1	1	1
72	1	1	1	1	1	1	1	1	1	1	1	1	1	1	1	1	1	1	1	1	1	1	1	1	1	1	1	1	1	1	1	1	0	1	1	1	1	1	1	1	1	1	1	1	1	1	1	1	1	1	1
73	0	0	0	1	1	0	0	0	0	1	0	0	1	0	0	0	1	1	0	0	0	0	0	0	0	0	0	0	0	0	0	0	0	0	1	0	0	0	0	0	0	0	0	0	0	2	0	0	1	0	0
74	0	0	0	2	2	0	0	0	0	2	0	0	2	0	0	0	2	2	0	0	0	0	0	0	0	0	0	0	0	0	0	0	0	1	2	0	0	0	0	0	0	0	0	0	0	2	0	0	1	1	1
75	1	1	1	2	2	1	1	1	1	2	1	1	2	1	1	1	2	1	1	1	1	1	1	1	1	1	1	1	1	1	1	1	1	2	2	1	1	1	1	1	1	1	1	1	1	1	1	1	2	2	2
76	0	2	0	2	2	0	0	0	0	2	2	2	2	2	0	2	2	2	2	0	2	2	2	2	2	2	2	2	2	0	2	0	2	2	2	0	2	0	0	2	2	2	2	2	0	0	2	0	2	2	2
77	0	0	0	1	1	0	0	0	0	1	0	0	1	0	0	0	1	1	0	0	0	0	0	0	0	0	0	0	0	0	0	0	0	0	0	0	0	0	0	0	0	0	0	0	0	2	0	0	0	0	0
78	0	0	0	1	1	0	0	0	0	1	0	0	1	0	0	0	1	1	0	0	0	0	0	0	0	0	0	0	0	0	0	0	0	1	1	0	0	0	0	0	0	0	0	0	0	2	0	0	1	1	1
79	0	0	0	1	1	0	0	0	0	1	0	0	1	0	0	0	1	1	0	0	0	0	0	0	0	0	0	0	0	0	0	0	0	1	1	0	0	0	0	0	0	0	0	0	0	2	0	0	1	1	1
80	1	2	1	2	2	1	1	1	1	2	1	1	2	1	1	1	1	2	1	1	1	1	1	2	2	2	1	2	2	1	2	1	2	2	1	1	2	1	1	2	2	2	2	2	1	0	2	1	2	2	2
81	0	0	0	1	1	0	0	0	0	1	0	0	1	0	0	0	1	1	0	0	0	0	0	0	0	0	0	0	0	0	0	0	0	0	1	0	0	0	0	0	0	0	0	0	0	2	0	0	0	0	0
82	0	0	0	2	2	0	0	0	0	2	0	0	2	0	0	0	2	2	0	0	0	0	0	0	0	0	0	0	0	0	0	0	0	1	1	0	0	0	0	0	0	0	0	0	0	2	0	0	1	1	1
83	0	0	0	2	2	0	0	0	0	2	0	0	2	0	0	0	2	2	0	0	0	0	0	0	0	0	0	0	0	0	0	0	0	2	2	0	0	0	0	0	0	0	0	0	0	2	0	0	2	2	2
84	0	1	0	2	2	0	0	0	0	2	1	1	2	1	0	1	2	2	1	0	1	1	1	1	1	1	1	1	1	0	1	0	1	2	2	0	1	0	0	1	1	0	1	1	0	1	1	0	2	2	2
85	0	1	0	1	1	0	0	0	0	1	1	1	1	1	0	1	1	1	1	0	1	1	1	1	1	1	1	1	1	0	1	0	1	1	1	0	1	0	0	1	1	1	1	1	0	1	1	0	1	1	1
86	0	0	0	0	0	0	0	0	0	0	0	0	0	0	0	0	0	0	0	0	0	0	0	0	0	0	0	0	0	0	0	0	0	0	0	0	0	0	0	0	0	0	0	0	0	2	0	0	0	0	0
87	0	0	0	1	1	0	0	0	0	1	0	0	1	0	0	0	0	1	0	0	0	0	0	0	0	0	0	0	0	0	0	0	0	1	1	0	0	0	0	0	0	0	0	0	0	2	0	0	1	1	1
88	0	1	0	2	2	0	0	0	0	2	1	1	2	1	0	1	2	2	1	0	1	1	1	1	1	0	0	0	0	0	0	0	0	2	2	0	0	0	0	0	0	0	0	0	0	2	0	0	2	2	2
89	2	2	2	2	2	2	2	2	2	2	2	2	2	2	2	2	2	2	2	2	2	2	2	2	2	2	2	2	2	2	2	2	1	2	2	2	2	2	2	2	2	2	2	2	2	0	2	2	2	2	2
90	0	0	0	2	2	0	0	0	0	2	0	0	2	0	0	0	1	2	0	0	0	0	0	0	0	0	0	0	0	0	0	0	0	2	2	0	0	0	0	0	0	0	0	0	0	2	0	0	2	2	2
91	0	0	0	2	2	0	0	0	0	2	0	0	2	0	0	0	1	2	0	0	0	0	0	0	0	0	0	0	0	0	0	0	0	1	1	0	0	0	0	0	0	0	0	0	0	2	0	0	1	1	1
92	1	1	1	2	2	1	1	1	1	2	1	1	2	1	1	1	2	2	1	1	1	1	1	1	1	1	1	1	1	1	1	0	0	2	2	1	1	1	1	1	1	1	1	1	1	1	1	1	2	2	2
93	0	1	0	2	2	0	0	0	0	2	1	1	2	1	0	1	2	2	1	0	1	1	1	1	1	1	1	1	1	0	1	0	1	2	2	0	1	0	0	1	1	1	1	1	0	1	1	0	2	2	2
94	0	0	0	1	1	0	0	0	0	1	0	0	1	0	0	0	2	1	0	0	0	0	0	0	0	0	0	0	0	0	0	0	0	0	1	0	0	0	0	0	0	0	0	0	0	2	0	0	0	0	0
95	0	0	0	0	0	0	0	0	0	0	0	0	0	0	0	0	0	0	0	0	0	0	0	0	0	0	0	0	0	0	0	0	0	0	1	0	0	0	0	0	0	0	0	0	0	2	0	0	0	0	0
96	0	0	0	1	1	0	0	0	0	1	1	1	1	0	0	0	1	1	0	0	0	0	0	0	0	0	0	0	0	0	0	0	0	1	1	0	0	0	0	0	0	0	0	0	0	2	0	0	1	1	1
97	1	1	1	1	1	1	1	1	1	1	1	1	1	1	1	1	1	1	1	1	1	1	1	1	1	1	1	1	1	1	1	1	1	1	1	1	1	1	1	1	1	1	1	1	1	1	1	1	1	1	1
98	0	0	0	1	1	0	0	0	0	1	0	0	1	0	0	0	1	1	0	0	0	0	0	0	0	0	0	0	0	0	0	0	0	1	1	0	0	0	0	0	0	0	0	0	0	2	0	0	1	1	1
99	0	0	0	1	1	0	0	0	0	1	0	0	1	0	0	0	1	1	0	0	0	0	0	0	0	0	0	0	0	0	0	0	0	1	1	0	0	0	0	0	0	0	0	0	0	2	0	0	1	1	1
100	0	0	0	2	2	0	0	0	0	2	0	0	2	0	0	0	2	2	0	0	0	0	0	1	1	1	1	1	1	0	1	0	1	2	2	0	1	0	0	1	0	0	1	1	0	1	1	0	2	2	2
101	0	0	0	2	2	0	0	0	0	2	0	0	2	0	0	0	1	2	0	0	0	0	0	0	0	0	0	0	0	0	0	0	0	2	2	0	0	0	0	0	0	0	0	0	0	2	0	0	2	2	2
102	0	0	0	1	1	0	0	0	0	1	0	0	1	0	0	0	1	1	0	0	0	0	0	0	0	0	0	0	0	0	0	0	0	1	1	0	0	0	0	0	0	0	0	0	0	2	0	0	1	1	1
103	0	0	0	1	1	0	0	0	0	1	0	0	1	0	0	0	1	2	0	0	0	0	0	0	0	0	0	0	0	0	0	0	0	1	1	0	1	0	0	1	1	1	1	1	0	1	1	0	2	2	2
104	0	0	0	0	0	0	0	0	0	0	0	0	0	0	0	0	0	0	0	0	0	0	0	0	0	0	0	0	0	0	0	0	0	0	1	0	0	0	0	0	0	0	0	0	0	2	0	0	0	0	0
105	0	0	0	2	2	0	0	0	0	2	0	0	2	0	0	0	2	2	0	0	0	0	0	1	1	1	1	1	1	0	1	0	1	2	2	0	1	0	0	1	0	0	1	1	1	1	1	1	2	2	2
106	0	1	0	2	2	0	0	0	0	2	0	0	2	0	0	0	2	2	0	0	0	0	0	1	1	1	0	1	1	0	1	0	1	1	1	0	1	0	0	1	1	1	1	1	0	1	1	0	1	1	1
107	0	0	0	0	0	0	0	0	0	0	0	0	0	0	0	0	0	1	0	0	0	0	0	0	0	0	0	0	0	0	0	0	0	0	0	0	1	0	0	1	1	1	1	1	0	1	1	0	1	1	1
108	1	1	1	2	2	1	1	1	1	2	1	1	2	1	1	1	1	2	1	1	1	1	1	1	1	1	1	1	1	1	1	1	1	2	2	1	1	1	1	1	1	1	1	1	1	1	1	1	2	2	2
109	1	1	1	1	1	1	1	1	1	1	1	1	1	1	1	1	0	1	1	1	1	1	1	1	1	1	1	1	1	1	1	1	1	1	1	1	1	1	1	1	1	1	1	1	1	1	1	1	1	1	1
110	0	0	0	2	2	0	0	0	0	2	0	0	2	0	0	0	2	2	0	0	0	0	0	1	1	1	1	1	1	0	1	0	1	2	2	0	1	0	0	1	0	0	1	1	0	1	1	0	2	2	2
111	0	0	0	1	1	0	0	0	0	1	0	0	1	0	0	0	1	1	0	0	0	0	0	1	1	1	1	1	1	0	1	0	1	1	1	0	1	0	0	1	0	0	1	1	0	1	1	0	1	1	1
112	0	0	0	2	2	0	0	0	0	2	0	0	2	0	0	0	2	2	0	0	0	0	0	0	0	0	0	0	0	0	0	0	0	1	1	0	0	0	0	0	0	0	0	0	0	2	0	0	1	1	1
113	1	2	1	2	2	1	1	1	1	2	2	2	2	2	1	2	2	2	2	1	2	2	2	2	1	2	2	2	2	1	2	1	2	2	2	1	2	1	1	2	2	1	2	2	1	0	2	1	2	2	2
114	0	1	0	2	2	0	0	0	0	2	1	1	2	1	0	1	2	2	1	0	1	1	1	1	1	1	1	1	1	0	1	0	1	2	2	0	1	0	0	1	1	0	1	1	0	1	1	0	2	2	2
115	0	0	0	2	2	0	0	0	0	2	0	0	2	0	0	0	2	2	0	0	0	0	0	0	0	0	0	0	0	0	0	0	0	2	2	0	0	0	0	0	0	0	0	0	0	2	0	0	2	2	2
117	0	0	0	1	1	0	0	0	0	1	0	0	1	0	0	0	1	1	0	0	0	0	0	0	0	0	0	0	0	0	0	0	0	0	1	0	0	0	0	0	0	0	0	0	0	2	0	0	0	0	0
118	0	1	0	1	1	0	0	0	0	1	1	1	1	1	0	1	1	1	1	0	1	1	1	1	1	1	1	1	1	0	1	0	1	1	1	0	1	0	0	1	1	1	1	1	0	1	1	0	1	1	1
119	0	0	0	2	2	0	0	0	0	2	0	0	2	0	0	0	2	2	0	0	0	0	0	0	0	0	0	0	0	0	0	0	0	1	2	0	0	0	0	0	0	0	0	0	0	2	0	0	1	1	1
120	0	0	0	1	1	0	0	0	0	1	0	0	1	0	0	0	1	1	0	0	0	0	0	0	0	0	0	0	0	0	0	0	0	1	1	0	0	0	0	0	0	0	0	0	0	2	0	0	1	1	1
121	0	0	0	1	1	0	0	0	0	1	0	0	1	0	0	0	1	1	0	0	0	0	0	0	0	0	0	0	0	0	0	0	0	0	0	0	0	0	0	0	0	0	0	0	0	2	0	0	0	0	0
122	0	0	0	1	1	0	0	0	0	1	0	0	1	0	0	0	1	1	0	0	0	0	0	0	0	0	0	0	0	0	0	0	0	1	1	0	0	0	0	0	0	0	0	0	0	2	0	0	1	1	1
123	0	1	0	1	2	0	0	0	0	2	0	0	2	0	0	0	2	2	0	0	0	0	0	1	1	1	0	1	1	0	1	0	1	1	1	0	1	0	0	1	1	1	1	1	0	1	1	0	1	1	1
124	0	0	0	1	1	0	0	0	0	1	0	0	1	0	0	0	1	1	0	0	0	0	0	0	0	0	0	0	0	0	0	0	0	1	1	0	0	0	0	0	0	0	0	0	0	2	0	0	1	1	1
125	1	1	1	1	1	1	1	1	1	1	1	1	1	1	1	1	1	1	1	1	1	1	1	1	1	1	1	1	1	1	1	1	1	1	1	1	1	1	1	1	1	1	1	1	1	1	1	1	1	1	1
126	0	0	0	2	2	0	0	0	0	2	0	0	2	0	0	0	2	2	0	0	0	0	0	0	0	0	0	0	0	0	0	0	0	1	2	0	0	0	0	0	0	0	0	0	0	2	0	0	1	1	1
127	0	1	0	1	1	0	0	0	0	1	1	1	1	1	0	1	1	1	1	0	1	1	1	1	1	1	1	1	1	0	1	0	1	1	1	0	1	0	0	1	1	1	1	1	0	1	1	0	1	1	1
128	0	0	0	2	2	0	0	0	0	2	0	0	2	0	0	0	2	2	0	0	0	0	0	0	0	0	0	0	0	0	0	0	0	2	2	0	0	0	0	0	0	0	0	0	0	2	0	0	2	2	2
129	0	1	0	2	2	0	0	0	0	2	1	1	2	1	0	1	2	2	1	0	1	1	1	1	1	1	1	1	1	0	1	0	1	2	2	0	1	0	0	1	1	1	1	1	0	1	1	0	2	2	2
130	1	1	1	1	1	1	1	1	1	1	1	1	1	1	1	1	1	1	1	1	1	1	1	1	1	1	1	1	1	1	1	1	1	1	1	1	1	1	1	1	1	1	1	1	1	1	1	1	1	1	1
131	0	0	0	2	2	0	0	0	0	2	0	0	2	0	0	0	2	2	0	0	0	0	0	1	1	1	1	1	1	0	1	0	0	2	2	0	1	0	0	1	0	0	1	1	0	1	1	0	2	2	2
132	0	0	0	1	1	0	0	0	0	1	0	0	1	0	0	0	1	1	0	0	0	0	0	0	0	0	0	0	0	0	0	0	0	0	1	0	0	0	0	0	0	0	0	0	0	2	0	0	0	0	0
133	0	0	0	1	1	0	0	0	0	1	0	0	1	0	0	0	1	1	0	0	0	0	0	0	0	0	0	0	0	0	0	0	0	1	1	0	0	0	0	0	0	0	0	0	0	2	0	0	1	1	1
134	0	1	0	1	1	0	0	0	0	1	1	1	1	1	0	1	1	0	1	0	1	1	1	1	1	1	1	1	1	0	1	0	0	1	1	0	1	0	0	1	1	1	1	1	0	1	1	0	1	1	1
135	0	0	0	2	2	0	0	0	0	2	0	0	2	0	0	0	2	2	0	0	0	0	0	1	1	1	1	1	1	0	1	0	1	2	2	0	1	0	0	1	0	0	1	1	0	1	1	0	2	2	2
136	0	0	0	2	2	0	0	0	0	2	0	0	2	0	0	0	2	2	0	0	0	0	0	1	1	0	0	0	0	0	0	0	0	2	2	0	0	0	0	0	0	0	0	0	0	2	0	0	2	2	2
137	1	1	1	2	2	1	1	1	1	2	1	1	2	1	1	1	2	2	1	1	1	1	1	2	2	2	2	2	2	1	2	0	2	2	2	1	2	1	1	2	1	1	2	2	1	0	2	1	2	2	2
138	1	1	1	2	2	1	1	1	1	2	1	1	2	1	1	1	1	2	1	1	1	1	1	1	1	1	1	1	1	1	1	1	1	2	2	1	1	1	1	1	1	1	1	1	1	1	1	1	2	2	2
139	0	0	0	1	1	0	0	0	0	1	0	0	1	0	0	0	1	1	0	0	0	0	0	0	0	0	0	0	0	0	0	0	0	2	2	0	0	0	0	0	0	0	0	0	0	2	0	0	2	2	2
140	0	0	0	2	2	0	0	0	0	2	0	0	2	0	0	0	2	2	0	0	0	0	0	0	0	0	0	0	0	0	0	0	0	0	2	0	0	0	0	0	0	0	0	0	0	2	0	0	0	1	0
141	0	0	0	2	2	0	0	0	0	2	0	0	2	0	0	0	2	2	0	0	0	0	0	0	0	0	0	0	0	0	0	0	1	2	2	0	1	0	0	1	1	1	1	1	0	1	1	0	2	2	2
142	0	0	0	1	1	0	0	0	0	1	0	0	1	0	0	0	0	1	0	0	0	0	0	0	0	0	0	0	0	0	0	0	0	1	1	0	0	0	0	0	0	0	0	0	0	2	0	0	1	1	1
143	0	0	0	2	2	0	0	0	0	2	0	0	2	0	0	0	2	2	0	0	0	0	0	0	0	0	0	0	0	0	0	0	0	2	2	0	0	0	0	0	0	0	0	0	0	2	0	0	1	1	1
144	0	0	0	0	0	0	0	0	0	0	0	0	0	0	0	0	0	0	0	0	0	0	0	0	0	0	0	0	0	0	0	0	0	0	0	0	0	0	0	0	0	0	0	0	0	2	0	0	1	1	1
145	0	0	0	1	1	0	0	0	0	1	0	0	1	0	0	0	1	1	0	0	0	0	0	0	0	0	0	0	0	0	0	0	0	0	1	0	0	0	0	0	0	0	0	0	0	2	0	0	0	0	0
146	0	0	0	0	0	0	0	0	0	0	0	0	0	0	0	0	0	0	0	0	0	0	0	0	0	0	0	0	0	0	0	0	0	0	0	0	0	0	0	0	0	0	0	0	0	2	0	0	0	0	0
147	1	1	1	2	2	1	1	1	1	2	1	1	2	1	1	1	2	2	1	1	1	1	1	1	1	1	1	1	1	1	1	1	1	2	2	1	1	1	1	1	1	1	1	1	1	1	1	1	2	2	2
148	0	0	0	0	0	0	0	0	0	0	0	0	0	0	0	0	0	0	0	0	0	0	0	0	0	0	0	0	0	0	0	0	0	0	0	0	0	0	0	0	0	0	0	0	0	2	0	0	0	0	0
149	0	0	0	1	1	0	0	0	0	1	0	0	1	0	0	0	0	1	0	0	0	0	0	0	0	1	0	1	1	0	1	0	1	1	1	0	1	0	0	1	0	0	0	1	0	1	1	0	0	1	1
150	0	0	0	2	2	0	0	0	0	2	0	0	2	0	0	0	2	2	0	0	0	0	0	0	0	0	0	0	0	0	0	0	0	2	2	0	0	0	0	0	0	0	0	0	0	2	0	0	2	2	2
151	0	0	0	1	1	0	0	0	0	1	0	0	1	0	0	0	1	1	0	0	0	0	0	0	0	0	0	0	0	0	0	0	0	1	1	0	0	0	0	0	0	0	0	0	0	2	0	0	1	1	1
152	1	1	1	2	2	1	1	1	1	2	1	1	2	1	1	1	2	2	1	1	1	1	1	1	1	1	1	1	1	1	1	1	1	1	1	1	1	1	1	1	1	0	1	1	1	1	1	1	1	1	1
153	0	0	0	1	1	0	0	0	0	1	0	0	1	0	0	0	1	1	0	0	0	0	0	0	0	0	0	0	0	0	0	0	0	0	1	0	0	0	0	0	0	0	0	0	0	2	0	0	0	0	0
154	0	0	0	1	1	0	0	0	0	1	0	0	1	0	0	0	1	1	0	0	0	0	0	0	0	0	0	0	0	0	0	0	0	1	1	0	0	0	0	0	0	0	0	0	0	2	0	0	1	1	1
155	1	1	1	1	1	1	1	1	1	1	1	1	1	1	1	1	1	1	1	1	1	1	1	1	1	1	1	1	1	1	1	1	1	1	1	1	1	1	1	1	1	1	1	1	1	1	1	1	1	1	1
156	0	1	0	2	2	0	0	0	0	2	0	0	2	0	0	0	2	2	0	0	0	0	0	1	1	1	0	1	1	0	1	0	1	1	1	0	1	0	0	1	1	1	1	1	0	1	1	0	1	1	1
157	0	0	0	2	2	0	0	0	0	2	0	0	2	0	0	0	1	2	0	0	0	0	0	0	0	0	0	0	0	0	0	0	0	1	2	0	0	0	0	0	0	0	0	0	0	2	0	0	1	1	1
158	0	1	0	0	1	0	0	0	0	1	0	0	1	0	0	0	1	1	0	0	0	0	0	1	1	1	0	1	1	0	1	0	0	1	1	0	1	0	0	1	1	1	1	1	0	1	1	0	1	1	1
159	0	0	0	1	1	0	0	0	0	1	0	0	1	0	0	0	1	1	0	0	0	0	0	0	0	0	0	0	0	0	0	0	0	1	1	0	0	0	0	0	0	0	0	0	0	2	0	0	1	1	1
160	1	1	1	1	1	1	1	1	1	1	1	1	1	1	1	1	1	1	1	1	1	1	1	1	1	1	1	1	1	1	1	1	1	1	1	1	1	1	1	1	1	1	1	1	1	1	1	1	1	1	1
161	0	0	0	1	1	0	0	0	0	1	0	0	1	0	0	0	1	1	0	0	0	0	0	0	0	0	0	0	0	0	0	0	0	1	1	0	0	0	0	0	0	0	0	0	0	2	0	0	1	1	1
162	0	2	0	2	2	0	0	0	0	2	2	2	2	2	0	2	2	2	2	0	2	2	2	2	2	2	2	2	2	0	2	0	2	2	2	0	2	0	0	2	2	2	2	2	0	0	2	0	2	2	2
163	0	0	0	0	0	0	0	0	0	0	0	0	0	0	0	0	0	0	0	0	0	0	0	0	0	0	0	0	0	0	0	0	0	0	1	0	0	0	0	0	0	0	0	0	0	2	0	0	0	0	0
164	0	0	0	2	2	0	0	0	0	2	0	0	2	0	0	0	1	2	0	0	0	0	0	0	0	0	0	0	0	0	0	0	0	1	2	0	0	0	0	0	0	0	0	0	0	2	0	0	1	1	1
165	1	1	1	1	1	1	1	1	1	1	1	1	1	1	1	1	1	1	1	1	1	1	1	1	1	1	1	1	1	1	1	1	1	1	1	1	1	1	1	1	1	1	1	1	1	1	1	1	1	1	1
166	0	1	0	2	2	0	0	0	0	2	1	1	2	1	0	1	1	1	1	0	1	1	1	1	1	1	1	1	1	0	1	0	0	2	2	0	1	0	0	1	1	1	1	1	0	1	1	0	2	2	2
167	0	0	0	1	1	0	0	0	0	1	0	0	1	0	0	0	1	1	0	0	0	0	0	1	1	1	1	1	1	0	1	0	1	1	1	0	1	0	0	1	0	0	1	1	0	1	1	0	1	1	1
168	1	1	1	1	1	1	1	1	1	1	1	1	1	1	1	1	2	1	1	1	1	1	1	1	1	1	1	1	1	1	1	1	1	1	1	1	1	1	1	1	1	1	1	1	1	1	1	1	1	1	1
169	0	0	0	0	0	0	0	0	0	0	0	0	0	0	0	0	0	0	0	0	0	0	0	0	0	0	0	0	0	0	0	0	0	0	0	0	0	0	0	0	0	0	0	0	0	2	0	0	0	0	0
170	1	2	1	2	2	1	1	1	1	2	2	2	2	2	1	2	2	2	2	1	2	2	2	2	2	2	2	2	2	1	2	1	2	2	2	1	2	1	1	2	2	2	2	2	1	0	2	1	2	2	2
171	2	2	2	2	2	2	2	2	2	2	2	2	2	2	2	2	2	2	2	2	2	2	2	2	2	2	2	2	2	2	2	2	2	2	2	2	2	2	2	2	2	2	2	2	2	0	2	2	2	2	2
172	0	0	0	2	2	0	0	0	0	2	0	0	2	0	0	0	2	2	0	0	0	0	0	0	0	0	0	0	0	0	0	0	0	2	2	0	0	0	0	0	0	0	0	0	0	2	0	0	2	2	2
173	0	0	0	2	2	0	0	0	0	2	0	0	2	0	0	0	2	2	0	0	0	0	0	0	0	0	0	0	0	0	0	0	0	1	2	0	0	0	0	0	0	0	0	0	0	2	0	0	1	1	1
174	0	0	0	1	1	0	0	0	0	1	0	0	1	0	0	0	1	1	0	0	0	0	0	0	0	0	0	0	0	0	0	0	0	1	1	0	0	0	0	0	0	0	0	0	0	2	0	0	1	1	1
175	1	1	1	1	1	1	1	1	1	1	1	1	1	1	1	1	0	1	1	1	1	1	1	1	1	1	1	1	1	1	1	1	1	1	1	1	1	1	1	1	1	1	1	1	1	1	1	1	1	1	1
176	0	0	0	1	1	0	0	0	0	1	0	0	1	0	0	0	1	1	0	0	0	0	0	0	0	0	0	0	0	0	0	0	0	1	1	0	0	0	0	0	0	0	0	0	0	2	0	0	1	1	1
177	0	0	0	1	1	0	0	0	0	1	0	0	1	0	0	0	1	1	0	0	0	0	0	0	0	0	0	0	0	0	0	0	0	1	1	0	0	0	0	0	0	0	0	0	0	2	0	0	1	1	1
178	1	1	1	2	2	1	1	1	1	2	1	1	2	1	1	1	2	2	1	1	1	1	1	1	1	1	1	1	1	1	1	1	1	2	2	1	1	1	1	1	1	1	1	1	1	1	1	1	2	2	2
179	0	0	0	1	1	0	0	0	0	1	0	0	1	0	0	0	1	2	0	0	0	0	0	0	0	0	0	0	0	0	0	0	0	1	1	0	1	0	0	1	1	1	1	1	0	1	1	0	2	2	2
180	1	1	1	1	1	1	1	1	1	1	1	1	1	1	1	1	1	1	1	1	1	1	1	1	1	1	1	1	1	1	1	1	1	1	1	1	1	1	1	1	1	1	1	1	1	1	1	1	1	1	1
181	0	0	0	2	2	0	0	0	0	2	0	0	2	0	0	0	2	2	0	0	0	0	0	0	0	0	0	0	0	0	0	0	0	1	1	0	0	0	0	0	0	0	0	0	0	2	0	0	1	1	1
182	0	0	0	1	1	0	0	0	0	1	0	0	1	0	0	0	1	1	0	0	0	0	0	0	0	0	0	0	0	0	0	0	0	1	1	0	0	0	0	0	0	0	0	0	0	2	0	0	2	2	2
183	1	1	1	2	2	1	1	1	1	2	1	1	2	1	1	1	2	2	1	1	1	1	1	1	1	1	1	1	1	1	1	1	1	2	2	1	1	1	1	1	1	1	1	1	1	1	1	1	2	2	2
184	0	0	0	2	2	0	0	0	0	2	0	0	2	0	0	0	2	2	0	0	0	0	0	0	0	0	0	0	0	0	0	0	0	0	2	0	0	0	0	0	0	0	0	0	0	2	0	0	0	0	0
185	0	0	0	0	0	0	0	0	0	0	0	0	0	0	0	0	0	0	0	0	0	0	0	0	0	0	0	0	0	0	0	0	0	0	1	0	0	0	0	0	0	0	0	0	0	2	0	0	0	0	0
186	0	0	0	2	2	0	0	0	0	2	0	0	2	0	0	0	1	2	0	0	0	0	0	0	0	0	0	0	0	0	0	0	0	1	2	0	0	0	0	0	0	0	0	0	0	2	0	0	1	1	1
187	0	0	0	1	1	0	0	0	0	1	0	0	1	0	0	0	1	1	0	0	0	0	0	1	1	1	1	1	1	0	1	0	1	1	1	0	1	0	0	1	0	0	1	1	0	1	1	0	1	1	1
188	1	1	1	1	1	1	1	1	1	1	1	1	1	1	1	1	1	1	1	1	1	1	1	1	1	1	1	1	1	1	1	0	0	1	1	1	1	1	1	1	1	1	1	1	1	1	1	1	1	1	1
189	0	0	0	1	1	0	0	0	0	1	0	0	1	0	0	0	1	1	0	0	0	0	0	0	0	0	0	0	0	0	0	0	0	1	1	0	0	0	0	0	0	0	0	0	0	2	0	0	1	1	1
190	1	1	1	2	2	1	1	1	1	2	1	1	2	1	1	1	2	2	1	1	1	1	1	1	1	1	1	1	1	1	1	1	1	2	2	1	1	1	1	1	1	1	1	1	1	1	1	1	2	2	2
191	1	1	1	2	2	1	1	1	1	2	1	1	2	1	1	1	0	1	1	1	1	1	1	1	1	1	1	1	1	1	1	1	1	2	2	1	1	1	1	1	1	1	1	1	1	1	1	1	2	2	2
192	0	0	0	1	1	0	0	0	0	1	0	0	1	0	0	0	1	1	0	0	0	0	0	0	0	0	0	0	0	0	0	0	0	1	1	0	0	0	0	0	0	0	0	0	0	2	0	0	1	1	1
193	0	0	0	1	1	0	0	0	0	1	0	0	1	0	0	0	1	1	0	0	0	0	0	0	0	0	0	0	0	0	0	0	0	1	1	0	0	0	0	0	0	0	0	0	0	2	0	0	1	1	1
194	1	1	1	2	2	1	1	1	1	2	1	1	2	1	1	1	2	2	1	1	1	1	1	1	1	1	1	1	1	1	1	1	1	2	2	1	1	1	1	1	1	1	1	1	1	1	1	1	2	2	2
195	0	0	0	1	1	0	0	0	0	1	0	0	1	0	0	0	0	1	0	0	0	0	0	0	0	0	0	0	0	0	0	0	0	1	1	0	0	0	0	0	0	0	0	0	0	2	0	0	1	1	1
196	0	0	0	2	2	0	0	0	0	2	0	0	2	0	0	0	2	2	0	0	0	0	0	0	0	0	0	0	0	0	0	0	0	2	2	0	0	0	0	0	0	0	0	0	0	2	0	0	2	2	2
197	0	0	0	0	0	0	0	0	0	0	0	0	1	0	0	0	0	1	0	0	0	0	0	0	0	0	0	0	0	0	0	0	0	0	0	0	2	0	0	2	2	1	2	2	0	0	2	0	2	2	2
198	0	1	0	2	2	0	0	0	0	2	1	1	2	1	0	1	2	2	1	0	1	1	1	1	1	1	1	1	1	0	1	0	1	2	2	0	1	0	0	1	1	1	1	1	0	1	1	0	2	2	2
199	1	1	1	1	1	1	1	1	1	1	1	1	1	1	1	1	1	1	1	1	1	1	1	1	1	1	1	1	1	1	1	1	1	1	1	1	1	1	1	1	1	1	1	1	1	1	1	1	1	1	1
200	0	0	0	2	2	0	0	0	0	2	0	0	2	0	0	0	2	2	0	0	0	0	0	0	0	0	0	0	0	0	0	0	0	2	2	0	0	0	0	0	0	0	0	0	0	2	0	0	2	2	2
201	1	1	1	1	1	1	1	1	1	1	1	1	1	1	1	1	1	1	1	1	1	1	1	1	1	1	1	1	1	1	1	1	1	1	1	1	1	1	1	1	1	1	1	1	1	1	1	1	1	1	1
202	0	1	0	1	1	0	0	0	0	1	1	1	2	1	0	1	1	0	1	0	1	1	1	1	1	1	1	1	1	0	1	0	0	1	1	0	2	0	0	2	2	2	2	2	0	0	2	0	2	2	2
203	0	1	0	0	1	0	0	0	0	1	0	0	1	0	0	0	0	1	0	0	0	0	0	1	1	1	0	1	1	0	1	0	0	1	0	0	1	0	0	1	1	1	1	1	0	1	1	0	1	1	1
204	0	0	0	2	2	0	0	0	0	2	0	0	2	0	0	0	1	2	0	0	0	0	0	0	0	0	0	0	0	0	0	0	0	2	2	0	0	0	0	0	0	0	0	0	0	2	0	0	2	2	2
205	2	2	2	2	2	2	2	2	2	2	2	2	2	2	2	2	2	2	2	2	2	2	2	2	2	2	2	2	2	2	2	2	2	2	2	2	2	2	2	2	2	1	2	2	2	0	2	2	2	2	2
206	1	1	1	1	1	1	1	1	1	1	1	1	1	1	1	1	1	1	1	1	1	1	1	1	1	1	1	1	1	1	1	1	1	1	1	1	1	1	1	1	1	1	1	1	1	1	1	1	1	1	1
207	1	1	1	2	2	1	1	1	1	2	1	1	2	1	1	1	1	2	1	1	1	1	1	1	1	1	1	1	1	1	1	1	1	2	2	1	1	1	1	1	1	1	1	1	1	1	1	1	2	2	2
208	1	1	1	2	2	1	1	1	1	2	1	1	2	1	1	1	1	2	1	1	1	1	1	1	1	1	1	1	1	1	1	1	0	2	2	1	1	1	1	1	1	1	1	1	1	1	1	1	2	2	2
209	0	0	0	1	1	0	0	0	0	1	0	0	1	0	0	0	1	1	0	0	0	0	0	0	0	0	0	0	0	0	0	0	0	1	1	0	0	0	0	0	0	0	0	0	0	2	0	0	1	1	1
210	0	0	0	0	0	0	0	0	0	0	0	0	0	0	0	0	0	0	0	0	0	0	0	0	0	0	0	0	0	0	0	0	0	0	0	0	0	0	0	0	0	0	0	0	0	2	0	0	0	0	0
211	0	0	0	0	0	0	0	0	0	0	0	0	0	0	0	0	0	0	0	0	0	0	0	0	0	0	0	0	0	0	0	0	0	0	0	0	0	0	0	0	0	0	0	0	0	2	0	0	0	0	0
212	0	1	0	0	1	0	0	0	0	1	0	0	1	0	0	0	1	1	0	0	0	0	0	1	1	1	0	1	1	0	1	0	0	1	0	0	1	0	0	1	1	1	1	1	0	1	1	0	1	1	1
213	0	0	0	0	0	0	0	0	0	0	0	0	0	0	0	0	0	0	0	0	0	0	0	0	0	0	0	0	0	0	1	0	0	0	0	0	0	0	0	0	0	0	0	0	0	2	0	0	0	0	0
214	0	0	0	1	1	0	0	0	0	1	0	0	1	0	0	0	0	1	0	0	0	0	0	0	0	0	0	0	0	0	0	0	0	1	1	0	0	0	0	0	0	0	0	0	0	2	0	0	1	1	1
215	0	0	0	2	2	0	0	0	0	2	0	0	2	0	0	0	1	2	0	0	0	0	0	0	0	0	0	0	0	0	0	0	0	1	1	0	0	0	0	0	0	0	0	0	0	2	0	0	1	1	1
216	0	1	0	2	2	0	0	0	0	2	1	1	2	1	0	1	2	2	1	0	1	1	1	1	1	1	1	1	1	0	1	0	1	2	2	0	1	0	0	1	1	1	1	1	0	1	1	0	2	2	2
217	0	0	0	1	1	0	0	0	0	1	0	0	1	0	0	0	1	1	0	0	0	0	0	0	0	0	0	0	0	0	0	0	0	1	1	0	0	0	0	0	0	0	0	0	0	2	0	0	1	1	1
218	0	0	0	1	1	0	0	0	0	1	0	0	1	0	0	0	1	1	0	0	0	0	0	0	0	0	0	0	0	0	0	0	0	1	1	0	0	0	0	0	0	0	0	0	0	2	0	0	1	1	1
219	1	2	1	2	2	1	1	1	1	2	1	1	2	1	1	1	2	2	1	1	1	1	1	2	2	2	1	2	2	1	2	1	2	2	1	1	2	1	1	2	2	2	2	2	1	0	2	1	2	2	2
220	0	0	0	1	1	0	0	0	0	1	0	0	1	0	0	0	0	1	0	0	0	0	0	0	0	0	0	0	0	0	0	0	0	1	1	0	0	0	0	0	0	0	0	0	0	2	0	0	1	1	1
222	1	1	1	2	2	1	1	1	1	2	1	1	2	1	1	1	2	2	1	1	1	1	1	1	1	1	1	1	1	1	1	1	1	2	2	1	1	1	1	1	1	1	1	1	1	1	1	1	2	2	2
223	0	1	0	2	2	0	0	0	0	2	1	1	2	1	0	1	2	2	1	0	1	1	1	1	1	1	1	1	1	0	1	0	1	2	2	0	1	0	0	1	1	1	1	1	0	1	1	0	2	2	2
224	0	1	0	2	2	0	0	0	0	2	1	1	2	1	0	1	2	2	1	0	1	1	1	1	1	1	1	1	1	0	1	0	0	1	2	0	1	0	0	1	1	1	1	1	0	1	1	0	1	1	1
225	0	0	0	2	2	0	0	0	0	2	0	0	2	0	0	0	2	2	0	0	0	0	0	0	0	0	0	0	0	0	0	0	0	1	2	0	0	0	0	0	0	0	0	0	0	2	0	0	1	1	1
226	0	1	0	2	2	0	0	0	0	2	1	1	2	1	0	1	1	2	1	0	1	1	1	1	1	1	1	1	1	0	1	0	1	2	2	0	1	0	0	1	1	1	1	1	0	1	1	0	2	2	2
227	0	0	0	2	2	0	0	0	0	2	0	0	2	0	0	0	2	2	0	0	0	0	0	0	0	0	0	0	0	0	0	0	0	2	2	0	0	0	0	0	0	0	0	0	0	2	0	0	2	2	2
228	0	0	0	2	2	0	0	0	0	2	0	0	2	0	0	0	2	2	0	0	0	0	0	0	0	0	0	0	0	0	0	0	0	2	2	0	0	0	0	0	0	0	0	0	0	2	0	0	2	2	2
229	0	1	0	2	2	0	0	0	0	2	1	1	2	1	0	1	2	2	1	0	1	1	1	1	1	1	1	1	1	0	1	0	0	1	2	0	1	0	0	1	1	1	1	1	0	1	1	0	1	1	1
230	1	1	1	2	2	1	1	1	1	2	1	1	2	1	1	1	2	2	1	1	1	1	1	1	1	1	1	1	1	1	1	1	1	2	2	1	1	1	1	1	1	1	1	1	1	1	1	1	2	2	2
231	0	0	0	1	1	0	0	0	0	1	0	0	1	0	0	0	1	1	0	0	0	0	0	0	0	0	0	0	0	0	0	0	0	1	1	0	0	0	0	0	0	0	0	0	0	2	0	0	1	1	1
232	0	0	0	1	1	0	0	0	0	1	0	0	1	0	0	0	0	1	0	0	0	0	0	0	0	0	0	0	0	0	0	0	0	1	1	0	0	0	0	0	0	0	0	0	0	2	0	0	1	1	1
233	0	0	0	1	1	0	0	0	0	1	0	0	1	0	0	0	1	1	0	0	0	0	0	0	0	0	0	0	0	0	0	0	0	0	0	0	0	0	0	0	0	0	0	0	0	2	0	0	0	0	0
234	0	0	0	1	1	0	0	0	0	1	0	0	1	0	0	0	1	1	0	0	0	0	0	0	0	0	0	0	0	0	0	0	0	0	1	0	0	0	0	0	0	0	0	0	0	2	0	0	1	1	1
235	1	1	1	2	2	1	1	1	1	2	1	1	2	1	1	1	2	2	1	1	1	1	1	1	1	1	1	1	1	1	1	1	1	2	2	1	1	1	1	1	1	1	1	1	1	1	1	1	2	2	2
236	0	0	0	1	1	0	0	0	0	1	0	0	1	0	0	0	1	1	0	0	0	0	0	0	0	0	0	0	0	0	0	0	0	1	1	0	0	0	0	0	0	0	0	0	0	2	0	0	1	1	1
237	0	0	0	1	1	0	0	0	0	1	0	0	1	0	0	0	1	1	0	0	0	0	0	0	0	0	0	0	0	0	0	0	0	0	1	0	0	0	0	0	0	0	0	0	0	2	0	0	0	0	0
238	1	2	1	2	2	1	1	1	1	2	2	2	2	2	1	2	1	2	2	1	2	2	2	2	2	2	2	2	2	1	2	1	2	2	2	1	2	1	1	2	2	2	2	2	1	0	2	1	2	2	2
239	0	0	0	1	1	0	0	0	0	1	0	0	1	0	0	0	1	1	0	0	0	0	0	0	0	0	0	0	0	0	0	0	0	1	1	0	0	0	0	0	0	0	0	0	0	2	0	0	1	1	1
240	0	0	0	1	1	0	0	0	0	1	0	0	1	0	0	0	0	1	0	0	0	0	0	0	0	0	0	0	0	0	0	0	0	1	1	0	0	0	0	0	0	0	0	0	0	2	0	0	1	1	1
241	1	1	1	2	2	1	1	1	1	2	1	1	2	1	1	1	2	2	1	1	1	1	1	1	1	1	1	1	1	1	1	0	0	2	2	1	1	1	1	1	0	0	1	1	1	1	1	1	2	2	2
242	0	0	0	2	2	0	0	0	0	2	0	0	2	0	0	0	1	2	0	0	0	0	0	0	0	1	0	1	1	0	1	0	1	1	2	0	1	0	0	1	0	0	0	1	0	1	1	0	0	1	1
243	1	1	1	2	2	1	1	1	1	2	1	1	2	1	1	1	2	2	1	1	1	1	1	1	1	1	1	1	1	1	1	1	1	2	2	1	1	1	1	1	1	1	1	1	1	1	1	1	2	2	2
244	0	1	0	2	2	0	0	0	0	2	1	1	2	1	0	1	2	2	1	0	1	1	1	1	1	1	1	1	1	0	1	0	1	2	2	0	1	0	0	1	1	1	1	1	0	1	1	0	2	2	2
245	0	0	0	2	2	0	0	0	0	2	0	0	2	0	0	0	2	2	0	0	0	0	0	1	1	1	1	1	1	0	1	0	1	2	2	0	1	0	0	1	0	0	1	1	0	1	1	0	2	2	2
246	0	0	0	2	2	0	0	0	0	2	0	0	2	0	0	0	1	2	0	0	0	0	0	0	0	0	0	0	0	0	0	0	0	1	1	0	0	0	0	0	0	0	0	0	0	2	0	0	1	1	1
247	1	1	1	2	2	1	1	1	1	2	1	1	2	1	1	1	1	2	1	1	1	1	1	1	1	1	1	1	1	1	1	1	0	2	2	1	1	1	1	1	1	1	1	1	1	1	1	1	2	2	2
248	0	1	0	2	2	0	0	0	0	2	1	1	2	1	0	1	1	2	1	0	1	1	1	1	1	0	0	0	0	0	0	0	0	2	2	0	0	0	0	0	0	0	0	0	0	2	0	0	2	2	2
249	0	0	0	1	1	0	0	0	0	1	0	0	1	0	0	0	1	1	0	0	0	0	0	0	0	0	0	0	0	0	0	0	0	1	1	0	0	0	0	0	0	0	0	0	0	2	0	0	1	1	1
250	1	1	1	1	1	1	1	1	1	1	1	1	1	1	1	1	1	1	1	1	1	1	1	1	1	1	1	1	1	1	1	0	0	1	1	1	1	1	1	1	1	1	1	1	1	1	1	1	1	1	1
251	0	1	0	1	2	0	0	0	0	2	0	0	2	0	0	0	2	2	0	1	0	0	0	1	1	1	0	1	1	0	1	0	1	2	1	0	1	0	0	1	1	1	1	1	0	1	1	0	2	2	2
252	0	0	0	2	2	0	0	0	0	2	0	0	2	0	0	0	1	2	0	0	0	0	0	0	0	0	0	0	0	0	0	0	0	2	2	0	1	0	0	1	1	1	1	1	0	1	1	0	2	2	2
253	0	1	0	2	2	0	0	0	0	2	1	1	2	1	0	1	2	2	1	0	1	1	1	1	1	1	1	1	1	0	1	0	1	2	2	0	1	0	0	1	1	1	1	1	0	1	1	0	2	2	2
254	0	0	0	1	1	0	0	0	0	1	0	0	1	0	0	0	1	1	0	0	0	0	0	0	0	0	0	0	0	0	0	0	0	1	1	0	0	0	0	0	0	0	0	0	0	2	0	0	1	1	1
255	1	1	1	2	2	1	1	1	1	2	1	1	2	1	1	1	1	2	1	1	1	1	1	1	1	1	1	1	1	1	1	1	1	2	2	1	1	1	1	1	1	1	1	1	1	1	1	1	2	2	2
256	0	0	0	1	1	0	0	0	0	1	1	1	1	1	0	1	1	1	1	0	1	1	1	1	1	1	1	1	1	0	1	0	1	1	1	0	1	0	0	1	1	1	1	1	0	2	0	0	1	1	1
257	0	0	0	2	2	0	0	0	0	2	0	0	2	0	0	0	1	2	0	0	0	0	0	1	1	1	1	1	1	0	1	0	1	2	2	0	1	0	0	1	0	0	1	1	0	1	1	0	2	2	2
258	0	1	0	0	1	0	0	0	0	1	0	0	1	0	0	0	1	1	0	1	0	0	0	1	1	1	0	1	1	0	1	0	1	2	1	0	1	0	0	1	1	1	1	1	0	1	1	0	2	2	2
259	0	1	0	0	1	0	0	0	0	1	0	0	1	0	0	0	1	1	0	0	0	0	0	1	1	1	0	1	1	0	1	0	1	1	0	0	1	0	0	1	1	1	1	1	0	1	1	0	1	1	1
260	0	1	0	2	2	0	0	0	0	2	1	1	2	1	0	1	2	2	1	0	1	1	1	1	1	1	1	1	1	0	1	0	1	2	2	0	1	0	0	1	1	1	1	1	0	1	1	0	2	2	2
261	0	0	0	1	1	0	0	0	0	1	0	0	1	0	0	0	1	1	0	0	0	0	0	0	0	0	0	0	0	0	0	0	0	1	1	0	0	0	0	0	0	0	0	0	0	2	0	0	1	1	1
262	0	0	0	1	1	0	0	0	0	1	0	0	1	0	0	0	1	1	0	0	0	0	0	0	0	0	0	0	0	0	0	0	0	1	1	0	0	0	0	0	0	0	0	0	0	2	0	0	1	1	1
263	0	2	0	2	2	0	0	0	0	2	2	2	2	2	0	2	2	2	2	0	2	2	2	2	2	2	2	2	2	0	2	0	2	2	2	0	2	0	0	2	1	1	2	2	0	0	2	0	2	2	2
264	0	0	0	1	1	0	0	0	0	1	0	0	1	0	0	0	1	1	0	0	0	0	0	1	1	2	2	2	2	0	2	0	2	2	2	0	2	0	0	2	1	1	2	2	0	0	2	0	2	2	2
265	0	0	0	1	1	0	0	0	0	1	0	0	1	0	0	0	2	1	0	0	0	0	0	0	0	0	0	0	0	0	0	0	0	0	1	0	0	0	0	0	0	0	0	0	0	2	0	0	0	0	0
266	0	1	0	2	2	0	0	0	0	2	1	1	2	1	0	1	2	2	1	0	1	1	1	1	1	1	1	1	1	0	1	0	1	2	2	0	1	0	0	1	1	1	1	1	0	1	1	0	2	2	2
267	1	1	1	1	1	1	1	1	1	1	1	1	1	1	1	1	1	1	1	1	1	1	1	1	1	1	1	1	1	1	1	1	1	1	1	1	1	1	1	1	1	1	1	1	1	1	1	1	1	1	1
268	0	0	0	2	2	0	0	0	0	1	0	0	1	0	0	0	0	1	0	0	0	0	0	0	0	0	0	0	0	0	0	0	0	1	1	0	0	0	0	0	0	0	0	0	0	2	0	0	1	1	1
269	0	0	0	1	1	0	0	0	0	1	0	0	1	0	0	0	1	1	0	0	0	0	0	0	0	0	0	0	0	0	0	0	0	0	1	0	0	0	0	0	0	0	0	0	0	2	0	0	0	0	0
270	1	1	1	2	2	1	1	1	1	2	1	1	2	1	1	1	2	2	1	1	1	1	1	1	1	1	1	1	1	1	1	0	0	2	2	1	1	1	1	1	1	1	1	1	1	1	1	1	2	2	2
271	0	1	0	1	1	0	0	0	0	1	1	1	1	1	0	1	2	1	1	0	1	1	1	1	1	1	1	1	1	0	1	0	1	1	1	0	1	0	0	1	1	1	1	1	0	1	1	0	1	1	1
272	0	0	0	2	2	0	0	0	0	2	0	0	2	0	0	0	2	2	0	0	0	0	0	0	0	1	1	1	1	0	1	0	1	1	1	0	1	0	0	1	1	1	1	1	0	1	1	0	1	1	1
273	1	1	1	2	2	1	1	1	1	2	1	1	2	1	1	1	2	2	1	1	1	1	1	2	2	2	2	2	2	1	2	1	2	2	2	1	2	1	1	2	1	1	2	2	1	0	2	1	2	2	2
274	0	1	0	2	2	0	0	0	0	2	1	1	2	1	0	1	2	2	1	0	1	1	1	1	1	1	1	1	1	0	1	0	1	2	2	0	1	0	0	1	1	1	1	1	0	1	1	0	2	2	2
275	0	0	0	1	1	0	0	0	0	1	0	0	1	0	0	0	1	1	0	0	0	0	0	0	0	0	0	0	0	0	0	0	0	1	1	0	0	0	0	0	0	0	0	0	0	2	0	0	1	1	1
276	1	1	1	1	1	1	1	1	1	1	1	1	1	1	1	1	1	1	1	1	1	1	1	1	1	1	1	1	1	1	1	1	1	1	1	1	1	1	1	1	1	1	1	1	1	1	1	1	1	1	1
277	0	0	0	2	2	0	0	0	0	2	0	0	2	0	0	0	2	2	0	0	0	0	0	0	0	0	0	0	0	0	0	0	0	1	1	0	0	0	0	0	0	0	0	0	0	2	0	0	1	1	1
278	1	1	1	1	1	1	1	1	1	1	1	1	1	1	1	1	1	1	1	1	1	1	1	1	1	1	1	1	1	1	1	1	1	1	1	1	1	1	1	1	1	1	1	1	1	1	1	1	1	1	1
279	1	1	1	1	1	1	1	1	1	1	1	1	1	1	1	1	0	1	1	1	1	1	1	1	1	1	1	1	1	1	1	1	1	1	1	1	1	1	1	1	1	1	1	1	1	1	1	1	1	1	1
280	1	1	1	2	2	1	1	1	1	2	1	1	2	1	1	1	0	2	1	1	1	1	1	1	1	1	1	1	1	1	1	0	0	2	2	1	1	1	1	1	1	1	1	1	1	1	1	1	2	2	2
281	1	1	1	2	2	1	1	1	1	2	1	1	2	1	1	1	2	2	1	1	1	1	1	1	1	1	1	1	1	1	1	0	0	2	2	1	1	1	1	1	0	0	1	1	1	1	1	1	2	2	2
282	0	0	0	2	2	0	0	0	0	2	0	0	2	0	0	0	2	2	0	0	0	0	0	0	0	0	0	0	0	0	0	0	0	1	2	0	0	0	0	0	0	0	0	0	0	2	0	0	1	1	1
283	0	1	0	1	1	0	0	0	0	1	1	1	1	1	0	1	2	2	1	0	1	1	1	1	1	1	1	1	1	0	1	0	1	2	2	0	1	0	0	1	1	1	1	1	0	1	1	0	2	2	2
284	1	1	1	1	1	1	1	1	1	1	1	1	1	1	1	1	1	1	1	1	1	1	1	1	1	1	1	1	1	1	1	0	0	0	0	0	0	0	0	0	0	0	0	0	0	2	0	0	0	0	0
285	0	1	0	2	2	0	0	0	0	2	1	1	2	1	0	1	2	2	1	0	1	1	1	1	1	1	1	1	1	0	1	0	1	2	2	0	1	0	0	1	1	1	1	1	0	1	1	0	2	2	2
286	0	0	0	1	1	0	0	0	0	1	0	0	1	0	0	0	1	1	0	0	0	0	0	0	0	0	0	0	0	0	0	0	0	0	1	0	0	0	0	0	0	0	0	0	0	2	0	0	0	0	0
287	0	0	0	2	2	0	0	0	0	2	0	0	2	0	0	0	2	2	0	0	0	0	0	0	0	0	0	0	0	0	0	0	0	2	2	0	0	0	0	0	0	0	0	0	0	2	0	0	2	2	2
288	2	2	2	2	2	2	2	2	2	2	2	2	2	2	2	2	2	2	2	2	2	2	2	2	2	2	2	2	2	2	2	1	1	2	2	1	1	1	1	1	1	1	1	1	1	1	1	1	2	2	2
289	0	0	0	1	1	0	0	0	0	1	0	0	1	0	0	0	1	1	0	0	0	0	0	0	0	0	0	0	0	0	0	0	0	0	1	0	0	0	0	0	0	0	0	0	0	2	0	0	0	0	0
290	0	2	0	2	2	0	0	0	0	2	2	2	2	2	0	2	2	2	2	0	2	2	2	2	2	2	2	2	2	0	2	0	2	2	2	0	2	0	0	2	2	2	2	2	0	0	2	0	2	2	2
291	0	0	0	2	2	0	0	0	0	2	0	0	2	0	0	0	1	2	0	0	0	0	0	0	0	0	0	0	0	0	0	0	0	2	2	0	0	0	0	0	0	0	0	0	0	2	0	0	2	2	2
292	0	0	0	1	1	0	0	0	0	1	0	0	1	0	0	0	1	1	0	0	0	0	0	1	1	1	1	1	1	0	1	0	1	1	1	0	1	0	0	1	0	0	1	1	0	1	1	0	1	1	1
293	0	0	0	1	1	0	0	0	0	1	0	0	1	0	0	0	0	1	0	0	0	0	0	0	0	0	0	0	0	0	0	0	0	1	1	0	0	0	0	0	0	0	0	0	0	2	0	0	1	1	1
294	0	0	0	2	2	0	0	0	0	2	0	0	2	0	0	0	2	2	0	0	0	0	0	0	0	0	0	0	0	0	0	0	0	2	2	0	0	0	0	0	0	0	0	0	0	2	0	0	2	2	2
295	0	0	0	2	2	0	0	0	0	2	0	0	2	0	0	0	2	2	0	0	0	0	0	0	0	0	0	0	0	0	0	0	0	2	2	0	0	0	0	0	0	0	0	0	0	2	0	0	2	2	2
373	0	0	0	2	2	0	0	0	0	2	0	0	2	0	0	0	2	2	0	0	0	0	0	0	0	0	0	0	0	0	0	0	0	1	1	0	0	0	0	0	0	0	0	0	0	2	0	0	1	1	1
374	1	1	1	1	1	1	1	1	1	1	1	1	1	1	1	1	1	1	1	1	1	1	1	1	1	1	1	1	1	1	1	1	1	2	2	1	1	1	1	1	1	1	1	1	1	1	1	1	2	2	2
375	0	0	0	2	2	0	0	0	0	2	0	0	2	0	0	0	2	2	0	0	0	0	0	0	0	0	0	0	0	0	0	0	0	2	2	0	0	0	0	0	0	0	0	0	0	2	0	0	2	2	2
376	0	1	0	2	2	0	0	0	0	2	1	1	2	1	0	1	1	2	1	0	1	1	1	1	1	1	1	1	1	0	1	0	1	2	2	0	1	0	0	1	1	1	1	1	0	1	1	0	2	2	2
377	0	0	0	1	1	0	0	0	0	1	0	0	1	0	0	0	1	1	0	0	0	0	0	0	0	0	0	0	0	0	0	0	0	1	1	0	0	0	0	0	0	0	0	0	0	2	0	0	1	1	1
378	0	0	0	1	1	0	0	0	0	1	0	0	1	0	0	0	1	1	0	0	0	0	0	0	0	0	0	0	0	0	0	0	0	1	1	0	0	0	0	0	0	0	0	0	0	2	0	0	1	0	0
379	0	0	0	0	0	0	0	0	0	0	1	1	1	1	1	1	1	1	1	1	1	1	1	1	1	1	1	1	1	1	1	1	1	2	2	1	1	1	1	1	1	1	1	1	1	1	1	1	2	2	2
380	0	1	0	2	2	0	0	0	0	2	1	1	2	1	0	1	2	2	1	0	1	1	1	1	1	1	1	1	1	0	1	0	1	1	2	0	1	0	0	1	1	1	1	1	0	1	1	0	1	1	1
381	0	0	0	2	2	0	0	0	0	2	0	0	2	0	0	0	2	2	0	0	0	0	0	0	0	0	0	0	0	0	0	0	0	2	2	0	0	0	0	0	0	0	0	0	0	2	0	0	2	2	2
382	0	1	0	1	1	0	0	0	0	1	1	1	1	1	0	1	1	1	1	0	1	1	1	1	1	1	1	1	1	0	1	0	1	1	1	0	1	0	0	1	1	1	1	1	0	1	1	0	1	1	1
383	0	0	0	2	2	0	0	0	0	2	0	0	2	0	0	0	1	2	0	0	0	0	0	0	0	0	0	0	0	0	0	0	0	2	2	0	0	0	0	0	0	0	0	0	0	2	0	0	2	2	2
384	0	0	0	2	2	0	0	0	0	2	0	0	2	0	0	0	2	2	0	0	0	0	0	1	1	1	1	1	1	0	0	0	0	2	2	0	0	0	0	0	0	0	0	0	0	2	0	0	2	2	2
385	0	1	0	0	1	0	0	0	0	1	0	0	1	0	0	0	1	1	0	0	0	0	0	1	1	1	0	1	1	0	1	0	1	2	1	0	1	0	0	1	1	1	1	1	0	1	1	0	2	2	2
386	0	0	0	2	2	0	0	0	0	2	0	0	2	0	0	0	2	2	0	0	0	0	0	0	0	0	0	0	0	0	0	0	0	1	1	0	0	0	0	0	0	0	0	0	0	2	0	0	1	1	1
387	0	1	0	0	1	0	0	0	0	1	0	0	1	0	0	0	1	1	0	0	0	0	0	1	1	1	0	1	1	0	1	0	1	2	1	0	1	0	0	1	1	1	1	1	0	1	1	0	2	2	2
388	0	0	0	2	2	0	0	0	0	2	0	0	2	0	0	0	0	2	0	0	0	0	0	0	0	0	0	0	0	0	0	0	0	2	2	0	0	0	0	0	1	1	1	1	1	1	1	1	2	2	2
389	0	0	0	0	0	0	0	0	0	0	0	0	0	0	0	0	0	0	0	0	0	0	0	0	0	0	0	0	0	0	0	0	0	0	0	0	0	0	0	0	0	0	0	0	0	2	0	0	0	0	0
390	0	0	0	2	2	0	0	0	0	2	0	0	2	0	0	0	1	2	0	0	0	0	0	0	0	1	0	1	1	0	1	0	1	1	2	0	1	0	0	1	0	0	0	1	0	1	1	0	0	1	1
391	0	1	0	1	1	0	0	0	0	1	1	1	1	1	0	1	1	1	1	0	1	1	1	1	1	1	1	1	1	0	1	0	1	1	1	0	1	0	0	1	1	1	1	1	0	1	1	0	1	1	1
392	0	0	0	1	1	0	0	0	0	1	0	0	1	0	0	0	0	1	0	0	0	0	0	0	0	0	0	0	0	0	0	0	0	1	1	0	0	0	0	0	0	0	0	0	0	2	0	0	1	1	1
393	0	0	0	1	1	0	0	0	0	1	0	0	1	0	0	0	1	1	0	0	0	0	0	0	0	0	0	0	0	0	0	0	0	1	1	0	0	0	0	0	0	0	0	0	0	2	0	0	1	1	1
394	0	0	0	1	1	0	0	0	0	1	0	0	1	0	0	0	1	1	0	0	0	0	0	0	0	0	0	0	0	0	0	0	0	1	1	0	0	0	0	0	0	0	0	0	0	2	0	0	1	1	1
395	0	0	0	1	1	0	0	0	0	1	0	0	1	0	0	0	1	1	0	0	0	0	0	0	0	0	0	0	0	0	0	0	0	1	1	0	0	0	0	0	0	0	0	0	0	2	0	0	1	1	1
396	1	1	1	2	2	1	1	1	1	2	1	1	2	1	1	1	2	2	1	1	1	1	1	1	1	1	1	1	1	1	1	1	1	2	2	1	1	1	1	1	1	1	1	1	1	1	1	1	2	2	2
397	0	0	0	2	2	0	0	0	0	2	0	0	2	0	0	0	2	2	0	0	0	0	0	0	0	0	0	0	0	0	0	0	0	2	2	0	0	0	0	0	0	0	0	0	0	2	0	0	2	2	2
398	0	0	0	1	1	0	0	0	0	1	0	0	1	0	0	0	1	1	0	0	0	0	0	0	0	0	0	0	0	0	0	0	0	1	1	0	0	0	0	0	0	0	0	0	0	2	0	0	1	1	1
399	0	1	0	2	2	0	0	0	0	2	0	0	2	0	0	0	0	2	0	0	0	0	0	1	1	1	0	1	1	0	1	0	1	2	1	0	1	0	0	1	1	1	1	1	1	1	1	0	2	2	2
400	0	0	0	2	2	0	0	0	0	2	0	0	2	0	0	0	1	2	0	0	0	0	0	0	0	0	0	0	0	0	0	0	0	2	2	0	0	0	0	0	0	0	0	0	0	2	0	0	2	2	2
401	2	2	2	2	2	2	2	2	2	2	2	2	2	2	2	2	2	2	2	2	2	2	2	2	2	2	2	2	2	2	2	1	1	2	2	2	2	2	2	2	2	2	2	2	2	0	2	2	2	2	2
402	0	0	0	1	1	0	0	0	0	1	0	0	1	0	0	0	1	1	0	0	0	0	0	0	0	0	0	0	0	0	0	0	0	1	1	0	0	0	0	0	0	0	0	0	0	2	0	0	1	1	1
403	1	1	1	2	2	1	1	1	1	2	1	1	2	1	1	1	2	2	1	1	1	1	1	1	1	1	1	1	1	1	1	0	0	2	2	1	1	1	1	1	1	1	1	1	1	1	1	1	2	2	2
404	0	0	0	1	1	0	0	0	0	1	0	0	1	0	0	0	1	1	0	0	0	0	0	0	0	0	0	0	0	0	0	0	0	1	1	0	0	0	0	0	0	0	0	0	0	2	0	0	1	1	1
405	0	0	0	1	1	0	0	0	0	1	0	0	1	0	0	0	0	1	0	0	0	0	0	0	0	0	0	0	0	0	0	0	0	1	1	0	0	0	0	0	0	0	0	0	0	2	0	0	1	1	1
406	0	0	0	2	2	0	0	0	0	2	0	0	2	0	0	0	1	2	0	0	0	0	0	0	0	0	0	0	0	0	0	0	0	2	2	0	0	0	0	0	0	0	0	0	0	2	0	0	2	2	2
407	0	0	0	1	1	0	0	0	0	1	0	0	1	0	0	0	2	2	0	0	0	0	0	0	0	0	0	0	0	0	0	0	0	2	2	0	0	0	0	0	0	0	0	0	0	2	0	0	2	2	2
408	0	0	0	2	2	0	0	0	0	2	0	0	2	0	0	0	1	2	0	0	0	0	0	0	0	0	0	0	0	0	0	0	0	1	2	0	0	0	0	0	0	0	0	0	0	2	0	0	1	1	1
409	0	0	0	2	2	0	0	0	0	2	0	0	2	0	0	0	1	2	0	0	0	0	0	0	0	0	0	0	0	0	0	0	0	2	2	0	0	0	0	0	0	0	0	0	0	2	0	0	2	2	2
410	1	1	1	1	1	1	1	1	1	1	1	1	1	1	1	1	1	1	1	1	1	1	1	1	1	1	1	1	1	1	1	1	0	1	1	1	1	1	1	1	1	1	1	1	1	1	1	1	1	1	1
411	0	0	0	2	2	0	0	0	0	2	0	0	2	0	0	0	1	2	0	0	0	0	0	0	0	1	1	1	1	1	1	1	1	2	2	1	1	1	1	2	2	2	2	2	1	0	2	1	2	2	2
412	1	1	1	2	2	1	1	1	1	2	1	1	2	1	1	1	2	2	1	1	1	1	1	1	1	1	1	1	1	1	1	1	1	2	2	1	1	1	1	1	1	1	1	1	1	1	1	1	2	2	2
413	1	1	1	2	2	1	1	1	1	2	1	1	2	1	1	1	2	2	1	1	1	1	1	2	2	1	1	1	1	1	1	1	1	2	2	1	1	1	1	1	1	1	1	1	1	1	1	1	2	2	2
414	0	1	0	1	1	0	0	0	0	1	1	1	1	1	0	1	1	1	1	0	1	1	1	1	1	1	1	1	1	0	1	0	1	1	1	0	1	0	0	1	1	1	1	1	0	1	1	0	1	1	1
415	1	1	1	2	2	1	1	1	1	2	1	1	2	1	1	1	1	2	1	1	1	1	1	1	1	1	1	1	1	1	1	1	1	2	2	1	1	1	1	1	1	1	1	1	1	1	1	1	2	2	2
416	0	0	0	2	2	0	0	0	0	2	0	0	2	0	0	0	2	2	0	0	0	0	0	0	0	0	0	0	0	0	0	0	0	1	2	0	0	0	0	0	0	0	0	0	0	2	0	0	1	1	1
417	0	0	0	1	1	0	0	0	0	1	0	0	1	0	0	0	1	1	0	0	0	0	0	0	0	0	0	0	0	0	0	0	0	1	1	0	0	0	0	0	0	0	0	0	0	2	0	0	1	1	1
418	0	0	0	1	1	0	0	0	0	1	0	0	1	0	0	0	1	1	0	0	0	0	0	1	1	1	0	1	1	0	1	0	1	1	0	0	1	0	0	1	1	1	1	1	1	1	1	0	1	1	1
419	0	0	0	2	2	0	0	0	0	2	0	0	2	0	0	0	2	2	0	0	0	0	0	1	1	1	1	1	1	0	0	0	0	2	2	0	0	0	0	0	0	0	0	0	0	2	0	0	2	2	2
420	0	1	0	2	2	0	0	0	0	2	1	1	2	1	0	1	1	2	1	0	1	1	1	1	1	1	1	1	1	0	1	0	1	2	2	0	1	0	0	1	1	1	1	1	0	1	1	0	2	2	2
421	0	1	0	2	2	0	0	0	0	2	0	0	2	0	0	0	2	2	0	0	0	0	0	1	0	1	0	1	1	0	1	0	1	2	1	0	1	0	0	1	1	1	1	1	0	1	1	0	2	2	2
422	0	0	0	2	2	0	0	0	0	2	0	0	2	0	0	0	2	2	0	0	0	0	0	0	0	0	0	0	0	0	0	0	0	2	2	0	0	0	0	0	0	0	0	0	0	2	0	0	2	2	2
423	0	0	0	2	2	0	0	0	0	2	0	0	2	0	0	0	2	2	0	0	0	0	0	0	0	0	0	0	0	0	0	0	0	2	2	0	0	0	0	0	0	0	0	0	0	2	0	0	2	2	2
424	0	0	0	2	2	0	0	0	0	2	0	0	2	0	0	0	1	2	0	0	0	0	0	0	0	0	0	0	0	0	0	0	0	2	2	0	0	0	0	0	0	0	0	0	0	2	0	0	2	2	2
425	0	1	0	2	2	0	0	0	0	2	1	1	2	1	0	1	2	2	1	0	1	1	1	1	1	1	1	1	1	0	1	0	1	2	2	0	1	0	0	1	1	1	1	1	0	1	1	0	2	2	2
426	0	1	0	2	2	0	0	0	0	2	1	1	2	1	0	1	2	2	1	0	1	1	1	1	1	1	1	1	1	0	1	0	1	2	2	0	1	0	0	1	1	1	1	1	0	1	1	0	2	2	2
427	0	0	0	1	1	0	0	0	0	1	0	0	1	0	0	0	1	1	0	0	0	0	0	0	0	0	0	0	0	0	0	0	0	1	1	0	0	0	0	0	0	0	0	0	0	2	0	0	1	1	1
428	0	2	0	2	2	0	0	0	0	2	2	2	2	2	0	2	2	2	2	0	2	2	2	2	2	2	2	2	2	0	2	0	2	2	2	0	2	0	0	2	2	1	2	2	0	0	2	0	2	2	2
429	0	0	0	1	1	0	0	0	0	1	0	0	1	0	0	0	1	1	0	0	0	0	0	0	0	0	0	0	0	0	0	0	0	1	1	0	0	0	0	0	0	0	0	0	0	2	0	0	1	1	1
430	0	0	0	1	1	0	0	0	0	1	0	0	1	0	0	0	1	1	0	0	0	0	0	0	0	0	0	0	0	0	0	0	0	1	1	0	0	0	0	0	0	0	0	0	0	2	0	0	1	1	1
431	0	0	0	2	2	0	0	0	0	2	0	0	2	0	0	0	2	2	0	0	0	0	0	0	0	0	0	0	0	0	0	0	0	2	2	0	0	0	0	0	0	0	0	0	0	2	0	0	1	1	1
432	0	0	0	1	1	0	0	0	0	1	0	0	1	0	0	0	0	1	0	0	0	0	0	0	0	0	0	0	0	0	0	0	0	1	1	0	0	0	0	0	0	0	0	0	0	2	0	0	1	1	1
433	0	0	0	1	1	0	0	0	0	1	0	0	1	0	0	0	1	1	0	0	0	0	0	0	0	0	0	0	0	0	0	0	0	0	0	0	0	0	0	0	0	0	0	0	0	2	0	0	0	0	0
434	0	0	0	1	1	0	0	0	0	1	0	0	1	0	0	0	1	1	0	0	0	0	0	0	0	0	0	0	0	0	0	0	0	1	1	0	0	0	0	0	0	0	0	0	0	2	0	0	1	1	1
435	1	1	1	2	2	1	1	1	1	2	1	1	2	1	1	1	1	2	1	1	1	1	1	1	1	1	1	1	1	1	1	1	1	2	2	1	1	1	1	1	1	1	1	1	1	1	1	1	2	2	2
436	0	0	0	1	1	0	0	0	0	1	0	0	1	0	0	0	1	1	0	0	0	0	0	0	0	0	0	0	0	0	0	0	0	1	1	0	0	0	0	0	0	0	0	0	0	2	0	0	1	1	1
437	0	0	0	2	2	0	0	0	0	2	0	0	2	0	0	0	2	2	0	0	0	0	0	0	0	0	0	0	0	0	0	0	0	1	2	0	0	0	0	0	0	0	0	0	0	2	0	0	1	1	1
438	0	2	0	2	2	0	0	0	0	2	2	2	2	2	0	2	2	2	2	0	2	2	2	2	2	2	2	2	2	0	2	0	2	2	2	0	2	0	0	2	2	1	2	2	0	0	2	0	2	2	2
439	1	1	1	2	2	1	1	1	1	2	1	1	2	1	1	1	2	2	1	1	1	1	1	1	1	1	1	1	1	1	1	1	1	2	2	1	1	1	1	1	1	1	1	1	1	1	1	1	2	2	2
440	0	0	0	2	2	0	0	0	0	2	0	0	2	0	0	0	2	2	0	0	0	0	0	1	1	1	1	1	1	0	1	0	1	1	1	0	1	0	0	1	0	0	1	1	0	1	1	0	1	1	1
441	0	0	0	1	1	0	0	0	0	1	0	0	1	0	0	0	1	1	0	0	0	0	0	0	0	0	0	0	0	0	0	0	0	1	1	0	0	0	0	0	0	0	0	0	0	2	0	0	1	1	1
442	0	0	0	2	2	0	0	0	0	2	0	0	2	0	0	0	2	2	0	0	0	0	0	0	0	1	0	1	1	0	1	0	0	2	1	0	1	0	0	1	1	1	1	1	0	1	1	0	2	2	2
443	0	1	0	2	2	0	0	0	0	2	1	1	2	1	0	1	1	2	1	0	1	1	1	1	1	1	1	1	1	0	1	0	1	2	2	0	1	0	0	1	1	1	1	1	0	1	1	0	2	2	2
444	1	2	1	2	2	1	1	1	1	2	1	1	2	1	1	1	2	2	1	1	1	1	1	2	1	2	1	2	2	1	2	1	2	2	1	1	2	1	1	2	2	2	2	2	1	0	2	1	2	2	2
445	0	0	0	0	0	0	0	0	0	0	0	0	0	0	0	0	0	0	0	0	0	0	0	0	0	0	0	0	0	0	0	0	0	0	0	0	0	0	0	0	0	0	0	0	0	2	0	0	0	0	0
446	0	1	0	2	2	0	0	0	0	2	1	1	2	1	0	1	2	2	1	0	1	1	1	1	1	1	1	1	1	0	1	0	1	1	1	0	1	0	0	1	1	1	1	1	0	1	1	0	1	1	1
447	0	1	0	2	2	0	0	0	0	2	1	1	2	1	0	1	2	2	1	0	1	1	1	1	1	1	1	1	1	0	1	0	1	2	2	0	1	0	0	1	1	1	1	1	0	1	1	0	2	2	2
448	0	0	0	1	1	0	0	0	0	1	0	0	1	0	0	0	1	1	0	0	0	0	0	0	0	0	0	0	0	0	0	0	0	1	1	0	0	0	0	0	0	0	0	0	0	2	0	0	1	1	1
449	0	1	0	2	2	0	0	0	0	2	1	1	2	1	0	1	2	2	1	0	1	1	1	1	1	1	1	1	1	0	1	0	1	2	2	0	1	0	0	1	1	1	1	1	0	1	1	0	2	2	2
450	0	0	0	2	2	0	0	0	0	2	0	0	2	0	0	0	1	2	0	0	0	0	0	0	0	0	0	0	0	0	1	0	0	2	2	0	0	0	0	0	0	0	0	0	0	2	0	0	1	1	1
451	0	0	0	2	2	0	0	0	0	2	0	0	2	0	0	0	2	2	0	0	0	0	0	0	0	0	0	0	0	0	0	0	0	2	2	0	0	0	0	0	0	0	0	0	0	2	0	0	2	2	2
452	0	0	0	1	1	0	0	0	0	1	0	0	1	0	0	0	2	2	0	0	0	0	0	0	0	0	0	0	0	0	0	0	0	2	2	0	0	0	0	0	0	0	0	0	0	2	0	0	2	2	2
453	0	1	0	1	1	0	0	0	0	1	1	1	1	1	0	1	1	1	1	0	1	1	1	1	1	1	1	1	1	0	1	0	1	1	1	0	1	0	0	1	1	1	1	1	0	1	1	0	1	1	1
454	0	0	0	2	2	0	0	0	0	2	0	0	2	0	0	0	2	2	0	0	0	0	0	1	1	1	1	1	1	0	1	0	1	2	2	0	1	0	0	1	0	0	1	1	0	1	1	0	2	2	2
455	1	1	1	2	2	1	1	1	1	2	1	1	2	1	1	1	2	2	1	1	1	1	1	1	1	1	1	1	1	1	1	1	1	2	2	1	1	1	1	1	1	1	1	1	1	1	1	1	2	2	2
456	0	0	0	1	1	0	0	0	0	1	0	0	1	0	0	0	1	1	0	0	0	0	0	0	0	0	0	0	0	0	0	0	0	1	1	0	0	0	0	0	0	0	0	0	0	2	0	0	1	1	1
457	0	0	0	1	1	0	0	0	0	1	0	0	1	0	0	0	0	1	0	0	0	0	0	0	0	0	0	0	0	0	0	0	0	1	1	0	0	0	0	0	0	0	0	0	0	2	0	0	1	1	1
458	0	0	0	1	1	0	0	0	0	1	0	0	1	0	0	0	1	1	0	0	0	0	0	0	0	0	0	0	0	0	0	0	0	1	1	0	0	0	0	0	0	0	0	0	0	2	0	0	1	1	1
459	0	0	0	1	1	0	0	0	0	1	0	0	1	0	0	0	1	1	0	0	0	0	0	0	0	0	0	0	0	0	0	0	0	1	1	0	0	0	0	0	0	0	0	0	0	2	0	0	1	1	1
460	1	1	1	1	1	1	1	1	1	1	1	1	1	1	1	1	1	1	1	1	1	1	1	1	1	1	1	1	1	1	1	1	1	1	1	1	1	1	1	1	1	1	1	1	1	1	1	1	1	1	1
461	0	0	0	2	2	0	0	0	0	2	0	0	2	0	0	0	1	2	0	0	0	0	0	0	0	1	1	1	1	1	1	1	1	2	2	1	1	1	1	1	1	1	1	1	1	1	1	1	2	2	2
462	0	0	0	1	1	0	0	0	0	1	0	0	1	0	0	0	1	1	0	0	0	0	0	0	0	0	0	0	0	0	0	0	0	1	1	0	0	0	0	0	0	0	0	0	0	2	0	0	1	1	1
463	0	0	0	1	1	0	0	0	0	1	0	0	1	0	0	0	0	1	0	0	0	0	0	0	0	0	0	0	0	0	0	0	0	1	1	0	0	0	0	0	0	0	0	0	0	2	0	0	1	1	1
464	1	1	1	2	2	1	1	1	1	2	1	1	2	1	1	1	2	2	1	1	1	1	1	1	1	1	1	1	1	1	1	1	1	2	2	1	1	1	1	1	1	1	1	1	1	1	1	1	1	1	1
