29	1	1	1	0	1	1	1	1	1	1	1	1	1	1	1	1	1	1	1	0	0	0	0	1	2	0	0	0	0	1	0	0	0	0	0	1	1	0	0	0	0	1	0	1	1	0	1	0	0	0	0	0	0	0	1	1	0	0	0	0	1	0	0	0	0	0	0	0	0	0	0	1	0	0	0	0	0	0	0	0	0	0	0	1	1	0	0	1	0	0	0	0	1	1	1	0	1	0	0	0	1	0	0	0	1	1	0	1	0	1	0	1	0	1	0	0	0	0	0	0	0	0	0	0	0	0	0	0	0	0	0	0	0	0	0	0	0	0	0	0	0	0	0	0	0	0	0	0	0	0	0	0	0	0	0	0	1	0	1	0	-1	1	0
30	1	1	1	0	1	1	1	0	1	0	0	0	1	0	0	0	0	0	0	1	1	1	1	1	1	1	1	1	0	2	1	1	1	1	2	2	2	2	1	1	1	2	2	0	0	2	1	1	1	2	1	2	1	1	2	2	1	0	2	1	2	1	1	0	1	1	2	2	2	2	2	2	0	0	0	1	1	0	1	1	1	0	0	0	2	0	1	2	0	0	2	2	2	2	2	2	2	0	0	0	2	1	2	1	2	2	2	0	0	2	0	2	2	2	2	0	1	1	1	0	1	0	0	2	0	0	1	0	1	1	1	1	1	0	1	1	1	1	0	1	1	1	0	1	1	1	1	1	1	0	1	1	1	1	1	1	1	1	2	1	-1	1	1
31	1	1	1	1	1	1	1	1	1	0	0	0	0	0	0	0	0	0	0	0	0	0	0	0	1	0	2	2	0	2	2	2	2	0	2	2	2	2	0	0	0	2	2	0	0	2	0	0	0	2	0	2	0	0	2	2	0	0	2	0	2	0	0	0	0	2	2	2	2	2	2	2	1	1	1	0	0	1	0	0	1	1	1	1	2	1	0	2	1	1	2	2	2	2	2	2	2	1	1	2	2	0	2	2	2	2	1	1	1	2	1	2	1	2	1	1	0	1	0	1	0	1	1	2	1	1	0	1	0	0	0	1	0	1	0	0	0	0	1	0	0	0	1	0	0	0	0	0	0	1	0	0	0	0	0	0	0	1	2	0	-1	0	0
32	0	0	0	0	0	0	2	0	0	0	0	0	0	0	0	0	0	0	0	0	0	0	0	2	2	0	0	0	0	0	0	0	0	0	0	0	0	0	0	0	0	0	0	0	0	0	0	0	0	0	0	0	0	0	0	0	0	0	0	0	0	0	0	0	0	0	0	0	0	0	0	0	0	0	0	0	0	0	0	0	0	0	0	0	0	0	0	0	0	0	0	0	0	0	0	0	0	0	0	0	0	0	0	0	0	0	0	0	0	0	0	0	0	0	0	0	0	0	0	0	0	0	0	0	0	0	0	0	0	0	0	0	0	0	0	0	0	0	0	0	0	0	0	0	0	0	0	0	1	0	1	0	0	0	0	0	0	0	1	0	-1	0	0
33	0	0	0	0	0	0	0	0	0	0	0	0	0	0	0	0	0	0	0	0	0	0	0	0	0	0	1	0	1	2	2	2	2	0	2	2	2	2	0	0	0	2	2	1	1	2	1	0	0	2	0	2	0	0	2	2	0	1	2	0	2	0	0	1	0	2	2	2	2	1	2	2	1	1	1	0	0	0	0	0	0	1	1	1	2	1	0	2	1	1	2	2	2	2	2	2	2	1	1	1	2	0	2	1	2	2	1	1	1	2	1	2	1	2	1	1	0	1	0	1	0	1	1	2	1	1	0	1	1	0	0	0	0	1	1	0	0	0	1	0	0	0	1	0	0	0	0	0	0	1	0	0	0	0	0	0	0	1	2	0	-1	0	0
34	0	0	0	0	0	0	0	0	0	0	0	0	0	0	0	0	0	0	0	0	0	0	0	0	1	0	2	2	0	2	2	2	2	0	2	2	2	2	0	0	0	2	2	0	0	2	1	0	0	2	0	2	0	0	2	2	0	0	2	0	2	0	0	0	0	2	2	2	2	2	2	2	1	1	1	0	0	1	0	0	1	1	1	1	2	1	0	2	1	1	2	2	2	2	2	2	2	1	1	1	2	0	2	1	2	2	1	1	1	2	1	2	1	2	1	1	0	1	0	1	0	1	1	2	1	1	0	1	1	0	0	0	0	1	1	0	0	0	1	0	0	0	1	0	0	0	0	0	0	1	1	0	0	1	1	0	1	2	2	1	-1	0	0
35	1	1	1	1	2	2	1	1	1	1	0	2	1	1	1	1	2	1	0	0	0	0	0	0	0	0	1	1	0	1	1	1	1	0	1	1	1	0	0	0	0	0	1	0	0	1	1	0	0	1	0	1	0	0	1	1	0	0	1	0	1	0	0	0	0	1	1	1	1	1	1	1	0	0	0	0	0	0	0	0	0	0	0	0	1	0	0	1	0	0	1	1	1	1	1	1	1	0	0	0	1	0	1	0	1	1	1	0	0	1	0	1	1	1	1	0	0	1	0	0	0	0	0	1	0	0	0	0	0	0	0	1	0	0	0	0	0	0	0	0	0	0	0	0	0	0	0	0	0	0	0	0	0	0	0	0	0	0	1	0	-1	0	0
36	1	1	1	0	1	1	1	0	1	0	0	0	0	0	0	0	0	0	0	0	0	0	0	0	0	0	1	1	0	1	1	1	1	0	1	1	1	1	0	0	0	1	1	0	0	1	1	0	0	1	0	1	0	0	1	1	0	0	1	0	1	0	0	0	0	1	1	1	1	1	1	1	0	0	0	0	0	0	0	0	0	0	0	0	1	0	0	1	0	0	1	1	1	1	1	1	1	0	0	0	1	0	1	0	1	1	1	0	0	1	0	1	1	1	1	0	0	1	0	0	0	0	0	1	0	0	0	0	1	0	0	1	0	0	0	0	0	0	0	0	1	1	0	1	0	1	1	1	1	0	1	0	0	0	0	0	0	0	1	0	-1	0	0
37	0	0	0	0	0	1	0	0	0	0	0	0	0	0	0	0	0	0	0	0	0	0	0	0	0	0	1	1	0	1	1	1	1	0	1	1	1	1	0	0	0	1	0	0	0	1	1	0	0	1	0	1	0	0	1	1	0	0	1	0	1	0	0	0	0	1	1	1	1	1	1	0	0	0	0	0	0	0	0	0	0	0	0	0	1	0	0	1	0	0	1	1	1	1	1	1	1	0	0	1	1	0	1	0	1	1	0	0	0	1	0	1	1	1	1	0	0	0	0	0	0	0	0	1	0	0	0	0	1	0	0	0	0	0	1	0	0	0	0	0	0	0	0	0	0	0	0	0	0	0	0	0	0	0	0	0	0	0	2	0	-1	0	0
38	0	0	0	0	0	0	0	0	0	0	0	0	0	0	0	0	0	0	0	0	0	0	0	0	0	0	1	1	0	1	1	1	1	0	1	1	1	1	0	0	0	1	1	0	0	1	1	0	0	1	0	1	0	0	1	1	0	0	1	0	1	0	0	0	0	1	1	1	1	1	1	1	0	0	0	0	0	0	0	0	0	0	0	0	1	0	0	1	0	0	1	1	1	1	1	1	1	0	0	1	1	0	1	0	1	1	1	0	0	1	0	1	1	1	1	0	0	1	0	0	0	0	0	1	0	0	0	0	1	0	0	0	0	0	2	0	0	0	0	0	0	0	0	0	0	0	0	0	0	0	0	0	0	0	0	0	0	0	2	0	-1	0	0
39	2	2	2	0	2	2	2	0	2	0	0	0	0	0	0	0	0	0	0	0	0	0	0	0	0	0	2	2	0	2	2	2	2	0	2	2	2	2	0	0	0	2	2	0	0	2	0	0	0	2	0	2	1	0	2	2	0	0	2	0	2	0	0	0	0	2	2	2	2	2	2	2	0	0	0	0	0	0	0	0	0	0	0	0	2	0	0	2	0	0	2	2	2	2	2	2	2	0	0	2	2	0	2	2	2	2	2	0	0	2	0	2	2	2	2	0	0	2	0	0	0	0	0	2	0	0	0	0	0	0	0	2	0	0	0	0	0	0	0	0	0	0	0	0	0	0	0	0	0	0	0	0	0	0	0	0	0	0	2	0	-1	0	0
40	1	1	1	0	1	1	1	0	1	0	0	0	0	0	0	0	0	0	0	0	0	0	0	0	0	0	1	1	1	2	2	2	2	0	2	2	2	2	0	0	0	2	2	1	1	2	0	0	0	2	0	2	0	0	2	2	0	1	2	0	2	0	0	1	0	2	2	2	2	2	2	2	1	1	1	0	0	0	0	0	0	1	1	1	2	1	0	2	1	1	2	2	2	2	2	2	2	1	1	2	2	0	2	2	2	2	2	1	1	2	1	2	1	2	1	1	0	1	0	1	0	1	1	2	1	1	0	1	0	0	0	1	0	1	1	0	0	0	1	0	0	0	1	0	0	0	0	0	0	1	0	0	1	1	1	1	1	2	2	1	-1	1	1
296	0	0	0	0	0	0	0	0	0	0	0	0	0	0	0	0	0	0	0	0	0	0	0	0	0	0	1	1	0	1	1	1	1	0	1	1	1	1	0	0	0	1	1	0	0	1	0	0	0	1	0	1	0	0	1	1	0	0	1	0	1	0	0	0	0	1	1	1	1	1	1	1	0	0	0	0	0	0	0	0	0	0	0	0	1	0	0	1	0	0	1	1	1	1	1	1	1	0	0	1	1	0	1	0	0	1	1	1	0	1	0	1	1	1	1	0	0	1	0	0	0	0	0	1	0	0	0	0	0	0	0	1	0	0	0	0	0	0	0	0	1	1	0	1	0	1	1	1	1	0	1	0	0	0	0	0	0	0	1	0	0	0	0
297	1	1	1	0	1	1	0	1	1	1	1	1	1	1	1	1	1	1	1	0	0	0	0	0	0	0	1	1	1	2	2	2	2	0	2	2	2	2	0	0	0	2	2	1	1	2	1	0	0	2	0	2	0	0	2	2	0	1	2	0	2	0	0	1	0	2	2	2	2	2	2	2	1	1	1	0	0	0	0	0	0	1	1	1	2	1	0	2	1	1	2	2	2	2	2	2	2	1	1	2	2	0	2	1	1	1	1	1	1	2	1	2	1	2	1	1	0	1	0	1	0	1	1	2	1	1	0	1	0	0	0	1	0	1	1	0	0	0	1	0	1	1	1	1	0	1	1	1	1	1	1	0	0	0	0	0	0	1	2	0	0	0	0
298	1	1	1	0	1	2	1	0	1	0	0	0	0	0	0	0	0	0	0	0	0	0	0	0	0	0	2	2	0	2	2	2	2	0	2	2	2	2	0	0	0	2	1	0	0	2	2	0	0	2	0	2	0	0	2	2	0	0	2	0	2	0	0	0	0	2	2	2	2	2	2	2	0	0	0	0	0	0	0	0	0	0	0	0	2	0	0	2	0	0	2	2	2	2	2	2	2	0	0	1	2	0	2	0	2	2	2	0	0	2	0	2	2	2	2	0	0	2	0	0	0	0	0	2	0	0	0	0	1	0	0	0	0	0	1	0	0	0	0	0	0	0	0	0	0	0	0	0	0	0	0	0	0	0	0	0	0	0	2	0	0	0	0
299	0	0	0	0	0	0	1	0	0	0	0	0	0	0	0	0	0	0	0	0	0	0	0	1	1	0	0	0	0	0	0	0	0	0	0	0	0	0	0	0	0	0	0	0	0	0	0	0	0	0	0	0	0	0	0	0	0	0	0	0	0	0	0	0	0	0	0	0	0	0	0	0	0	0	0	0	0	0	0	0	0	0	0	0	0	0	0	0	0	0	0	0	0	0	0	0	0	0	0	0	0	0	0	0	0	0	0	0	0	0	0	0	0	0	0	0	0	0	0	0	0	0	0	0	0	0	0	0	0	0	0	0	0	0	1	0	0	0	0	0	0	0	0	0	0	0	0	0	0	0	0	0	0	0	0	0	0	0	1	0	0	0	0
300	0	0	0	0	1	1	2	0	0	0	0	0	0	0	0	0	0	0	0	0	0	0	0	0	0	0	1	1	0	1	1	1	1	0	0	0	0	0	0	0	0	0	0	1	1	0	0	0	0	0	0	0	0	0	0	0	0	0	0	0	0	0	0	0	0	0	0	0	0	0	0	0	0	0	0	0	0	0	0	0	0	0	0	0	1	0	0	0	0	0	0	0	0	0	0	0	0	0	0	1	0	0	0	1	1	1	1	0	0	0	0	0	0	0	0	0	0	0	0	0	0	0	0	0	0	0	0	0	0	0	0	0	0	1	1	0	0	0	1	0	0	0	0	0	0	0	0	0	0	0	0	0	0	0	0	0	0	0	2	0	0	0	0
301	0	0	0	0	0	0	0	0	0	0	0	0	0	0	0	0	0	0	0	0	1	0	0	0	0	0	1	1	0	1	1	1	1	0	1	1	1	1	0	0	0	1	1	0	0	1	0	0	0	1	0	1	0	0	1	1	0	0	1	0	1	0	0	0	0	1	1	1	1	0	1	1	0	0	0	0	0	0	0	0	0	0	0	0	1	0	0	1	0	0	1	1	1	1	1	1	1	0	0	1	1	0	1	0	1	1	1	0	0	1	0	1	1	1	1	0	0	0	0	0	0	0	0	1	0	0	0	0	0	0	0	1	0	0	0	0	0	0	0	0	0	0	1	0	0	0	0	0	0	1	0	0	0	0	0	0	0	1	0	0	0	0	0
302	1	1	1	1	1	2	1	1	1	1	1	0	0	1	1	1	1	1	1	1	1	1	1	1	1	1	1	1	0	2	1	1	1	1	2	2	2	2	1	1	1	2	2	0	0	1	0	1	1	2	1	2	1	1	2	2	1	0	2	1	2	1	1	0	1	1	2	2	2	1	2	2	0	0	0	1	1	0	1	1	1	0	0	0	2	0	1	2	0	0	2	2	2	2	2	2	2	0	0	1	2	1	2	1	2	2	1	0	0	2	0	2	2	2	2	0	1	1	1	0	1	0	0	2	0	0	1	0	1	1	1	2	1	0	1	1	1	1	0	1	1	1	0	1	1	1	1	1	1	0	1	1	1	1	1	1	1	1	2	1	0	1	1
303	1	1	1	0	1	1	2	0	1	0	0	1	0	0	0	0	0	0	0	0	0	0	0	1	1	0	1	1	0	1	1	1	1	0	0	0	0	0	0	0	0	0	0	1	1	0	0	0	0	0	0	0	0	0	1	0	0	0	0	0	0	0	0	0	0	0	0	0	0	0	0	0	0	0	0	0	0	0	0	0	0	0	0	0	0	0	0	0	0	0	0	0	0	0	0	0	0	0	0	0	0	0	0	0	0	0	1	0	0	0	0	0	0	0	0	0	0	0	0	0	0	0	0	0	0	0	0	0	0	0	0	0	0	1	1	0	0	0	1	0	0	0	0	0	0	0	0	0	0	0	0	0	0	0	0	0	0	0	1	0	0	0	0
304	0	0	0	0	0	1	0	0	0	0	0	0	0	0	0	0	0	0	0	0	0	0	0	0	0	0	1	1	1	1	1	1	1	0	1	1	1	1	0	0	0	1	1	0	0	1	0	0	0	1	0	1	0	0	1	1	0	1	1	0	1	0	0	1	0	1	1	1	1	1	1	1	0	0	0	0	0	0	1	0	0	0	0	0	1	0	1	1	0	0	1	1	1	1	1	1	1	0	0	0	1	1	1	1	1	1	1	0	0	1	0	1	1	1	1	0	1	0	1	0	1	0	0	1	0	0	1	0	1	0	0	1	1	0	1	0	0	0	0	0	0	0	0	0	0	0	0	0	0	0	0	0	0	0	0	0	0	0	1	0	0	0	0
305	1	1	1	1	1	1	1	1	1	1	1	1	0	1	1	1	1	1	1	1	1	1	1	1	1	1	1	1	0	2	1	1	1	1	2	2	2	1	1	1	1	2	2	0	0	2	1	1	1	2	1	2	1	1	2	2	1	0	2	1	2	1	1	0	1	1	2	2	2	2	2	2	0	0	0	1	1	0	1	1	1	0	0	0	2	0	1	2	0	0	2	2	2	2	2	2	2	0	0	1	2	1	2	1	2	2	2	0	0	2	0	2	2	2	2	0	1	0	1	0	1	0	0	2	0	0	1	0	1	1	1	2	1	0	1	1	1	1	0	1	1	1	0	1	1	1	1	1	1	0	1	1	1	1	1	1	1	1	2	1	1	1	1
306	1	1	1	1	1	2	1	1	1	1	1	1	1	1	1	1	1	1	0	0	0	0	0	0	0	0	2	2	0	2	2	2	2	0	2	2	2	2	0	0	0	2	2	0	0	2	1	0	0	2	0	2	0	0	2	2	0	0	2	0	2	0	0	0	0	2	2	2	2	2	2	2	0	0	0	0	0	0	0	0	0	0	0	0	2	0	0	2	0	0	2	2	2	2	2	2	2	0	0	1	2	0	2	0	1	2	2	0	0	2	0	2	2	2	2	0	0	2	0	0	0	0	0	2	0	0	0	0	0	0	0	2	0	0	0	0	0	0	0	0	0	0	0	0	0	0	0	0	0	0	0	0	0	0	0	0	0	0	2	0	0	0	0
307	1	1	1	0	1	2	0	1	1	1	1	1	1	1	1	1	1	1	0	0	0	2	1	1	1	1	1	1	0	1	2	2	2	0	2	2	2	2	0	0	0	2	2	0	0	1	1	0	0	2	0	2	0	0	2	2	0	0	2	0	2	0	0	0	1	2	2	2	2	2	2	2	1	1	1	0	0	1	0	0	1	1	1	1	2	1	0	2	1	0	2	2	2	2	2	2	2	1	1	2	2	0	2	2	2	2	1	1	1	2	1	2	1	2	1	1	0	0	0	0	0	0	1	2	1	1	0	1	0	0	0	1	0	0	1	0	0	0	0	0	0	0	0	0	0	0	0	0	0	0	0	0	1	1	1	0	1	1	2	1	0	1	0
308	1	1	1	0	1	1	1	0	1	0	0	0	0	0	0	0	0	0	0	0	0	0	0	0	0	0	2	2	0	2	2	2	2	0	2	2	2	2	0	0	0	2	2	0	0	2	1	0	0	2	0	2	0	0	2	2	0	0	2	0	2	0	0	0	0	2	2	2	2	2	2	2	0	0	0	0	0	0	0	0	0	0	0	0	2	0	0	2	0	0	2	2	2	2	2	2	2	0	0	2	2	0	2	1	1	2	2	0	0	2	0	2	2	2	2	0	0	2	0	0	0	0	0	2	0	0	0	0	0	0	0	2	0	0	0	0	0	0	0	0	1	1	0	1	0	1	1	1	1	0	1	0	0	0	0	0	0	0	2	0	0	0	0
309	0	0	0	0	0	1	0	0	0	0	0	0	0	0	0	0	0	0	0	0	0	0	0	0	0	0	2	2	0	2	2	2	2	0	2	2	2	2	0	0	0	2	2	0	0	1	1	0	0	2	1	1	0	0	2	2	0	0	2	0	2	0	0	0	1	2	2	2	2	2	2	2	0	0	0	0	0	0	0	0	0	0	0	2	2	2	0	2	0	0	2	2	2	2	2	2	2	0	0	1	2	0	2	1	1	1	1	0	0	2	0	2	2	2	2	0	0	0	0	0	0	0	0	2	0	0	0	0	1	0	0	1	0	0	0	0	0	0	0	1	0	0	0	0	0	0	0	0	0	0	0	0	0	0	0	0	0	0	2	0	0	0	0
310	2	2	2	0	2	2	2	1	2	1	1	2	1	1	1	1	0	1	0	0	0	0	0	0	0	0	2	2	0	2	2	2	2	0	0	0	0	0	0	0	0	0	0	2	2	0	0	0	0	0	0	0	0	0	2	0	0	0	0	0	0	0	0	0	0	0	0	0	0	1	0	0	0	0	0	0	0	0	0	0	0	0	0	0	1	0	0	0	0	0	0	0	0	0	0	0	0	0	0	1	0	0	0	0	2	2	2	0	0	0	0	0	0	0	0	0	0	0	0	0	0	0	0	0	0	0	0	0	0	0	0	0	0	2	2	0	0	0	2	0	0	0	0	0	0	0	0	0	0	0	0	0	0	0	0	0	0	0	2	0	0	0	0
311	1	1	1	0	2	2	2	1	1	1	1	1	1	1	1	1	1	1	1	0	0	0	0	0	0	0	1	1	1	1	1	1	1	0	1	1	1	1	0	0	0	1	1	0	0	1	0	0	0	1	0	1	0	0	1	1	0	1	1	0	1	0	0	1	0	1	1	1	1	1	1	1	0	0	0	0	0	0	0	0	0	0	0	0	1	0	0	0	0	0	1	1	1	1	1	1	1	0	0	1	1	0	1	0	1	1	1	1	0	1	0	1	1	1	1	0	0	0	0	0	0	0	0	1	0	1	0	0	0	0	0	0	0	1	1	0	0	0	1	0	0	0	0	0	0	0	0	0	0	0	0	1	0	0	1	0	1	1	1	1	0	1	0
312	0	0	0	0	0	0	0	0	0	0	0	0	0	0	0	0	0	0	0	0	0	0	0	0	0	0	1	1	0	1	1	1	1	0	0	0	0	0	0	0	0	0	0	0	0	0	0	0	0	0	0	0	0	0	0	0	0	0	0	0	0	0	0	0	0	0	0	0	0	0	0	0	0	0	0	0	0	0	0	0	0	0	0	0	0	0	0	0	0	0	0	0	0	0	0	0	0	0	0	0	0	0	0	1	1	1	0	0	0	0	0	0	0	0	0	0	0	0	0	0	0	0	0	0	0	0	0	0	0	0	0	0	0	0	1	0	0	0	0	0	0	0	0	0	0	0	0	0	0	0	0	0	0	0	0	0	0	0	1	0	0	0	0
313	0	0	0	0	0	0	0	0	0	0	0	0	0	0	0	0	0	0	0	0	0	0	0	0	1	0	2	1	0	2	2	2	2	0	2	2	2	2	0	0	0	2	2	0	0	2	1	0	0	2	0	2	0	0	2	2	0	0	2	0	2	0	0	0	0	2	2	2	2	2	2	2	1	1	1	0	0	1	0	0	1	1	1	1	2	1	0	2	1	1	2	2	2	2	2	2	2	1	1	0	2	0	2	0	1	2	0	1	1	2	1	2	1	2	1	1	0	0	0	1	0	1	1	2	1	1	0	1	1	0	0	1	0	1	0	0	0	0	1	0	1	1	1	1	0	1	1	1	1	1	1	0	0	0	0	0	0	1	1	0	0	0	0
314	1	1	1	0	1	1	1	1	1	1	1	1	1	1	1	1	0	0	0	0	0	0	0	0	0	0	2	2	0	2	2	2	2	0	2	2	2	2	0	0	0	2	2	0	0	2	1	0	0	2	0	2	0	0	2	2	0	0	2	0	2	0	0	0	0	2	2	2	2	1	2	2	0	0	0	0	0	0	0	0	0	0	0	0	2	0	0	2	0	0	2	2	2	2	2	2	2	0	0	2	2	0	2	0	1	2	1	1	0	2	0	2	2	2	2	0	0	2	0	0	0	0	0	2	0	0	0	0	1	0	0	1	0	0	1	0	0	0	0	0	1	1	0	1	0	1	1	1	1	0	1	0	0	0	0	0	0	0	2	0	0	0	0
315	1	1	1	1	1	2	1	1	1	1	1	1	0	1	1	1	1	1	1	0	0	0	0	0	0	0	2	2	0	2	2	2	2	0	2	2	2	2	0	0	0	2	2	0	0	2	2	0	0	2	0	2	0	0	2	2	0	0	2	0	2	0	0	0	0	2	2	2	2	2	2	2	0	0	0	0	0	0	0	0	0	0	0	0	2	0	0	2	0	0	2	2	2	2	2	2	2	0	0	2	2	0	2	0	2	2	2	0	0	2	0	2	2	2	2	0	0	1	0	0	0	0	0	2	0	0	0	0	2	0	0	0	0	0	0	0	0	0	0	0	0	0	0	0	0	0	0	0	0	0	0	0	0	0	0	0	0	0	2	0	0	0	0
316	1	1	1	0	1	1	0	0	1	0	0	0	0	0	0	0	0	0	0	0	0	0	0	0	0	0	2	2	0	2	2	2	2	0	2	2	2	2	0	0	0	2	2	0	0	2	1	0	0	2	0	2	0	0	2	2	0	0	2	0	2	0	0	0	0	2	2	2	2	2	2	2	0	0	0	0	0	0	0	0	0	0	0	0	2	0	0	2	0	0	2	2	2	2	2	2	2	0	0	1	2	0	2	2	2	2	2	0	0	2	0	2	2	2	2	0	0	2	0	0	0	0	0	2	0	0	0	0	1	0	0	2	0	0	0	0	0	0	0	0	1	1	0	1	0	1	1	1	1	0	1	0	0	0	0	0	0	0	2	0	0	0	0
317	2	2	2	2	2	2	2	2	2	0	0	0	0	0	0	0	0	0	0	0	0	0	0	0	0	0	2	2	0	2	2	2	2	0	2	2	2	2	0	0	0	2	2	0	0	2	0	0	0	2	0	2	0	0	2	2	0	0	2	0	2	0	0	0	0	2	2	2	2	2	2	2	0	0	0	0	0	0	0	0	0	0	0	0	2	0	0	2	0	0	2	2	2	2	2	2	2	0	0	2	2	0	2	2	2	2	1	0	0	2	0	2	2	2	2	0	0	2	0	0	0	0	0	2	0	0	0	0	0	0	0	2	0	0	0	0	0	0	0	0	0	0	0	0	0	0	0	0	0	0	0	0	0	0	0	0	0	0	2	0	0	0	0
318	2	2	2	1	2	2	2	1	2	1	1	1	0	1	1	1	1	1	1	0	0	0	0	0	0	0	2	2	0	2	2	2	2	0	2	2	2	2	0	0	0	2	2	0	0	2	1	0	0	2	0	2	0	0	2	2	0	0	2	0	2	0	0	0	0	2	2	2	2	2	2	2	0	0	0	0	0	0	0	0	0	0	0	0	2	0	0	2	0	0	2	2	2	2	2	2	2	0	0	2	2	0	2	1	2	2	2	0	0	2	0	2	2	2	2	0	0	2	0	0	0	0	0	2	0	0	0	0	1	0	0	1	0	0	0	0	0	0	0	0	0	0	0	0	0	0	0	0	0	0	0	0	1	1	1	1	1	1	2	1	1	1	1
319	0	0	0	0	0	0	0	0	0	0	0	0	0	0	0	0	0	0	0	0	0	0	0	0	0	0	1	1	0	1	1	1	1	0	1	1	1	1	0	0	0	1	1	0	0	1	0	0	0	1	0	1	0	0	1	1	0	0	1	0	1	0	0	0	0	1	1	1	1	1	1	1	0	0	0	0	0	0	0	0	0	0	0	0	1	0	0	1	0	0	1	1	1	1	1	1	1	0	0	1	1	0	1	0	1	1	0	0	0	1	0	1	1	1	1	0	0	1	0	0	0	0	0	1	0	0	0	0	0	0	0	0	0	1	1	0	0	0	1	0	0	0	0	0	0	0	0	0	0	0	0	0	0	0	0	0	0	0	1	0	0	0	0
320	0	0	0	0	0	2	0	0	0	0	0	0	0	0	0	0	0	0	0	0	0	0	0	0	0	0	1	1	0	1	1	1	1	0	1	1	1	1	0	0	0	1	1	0	0	1	1	0	0	1	0	1	0	0	1	1	0	0	1	0	1	0	0	0	0	1	1	1	1	1	1	1	0	0	0	0	0	0	0	0	0	0	0	0	1	0	0	1	0	0	1	1	1	1	1	1	1	0	0	2	1	0	1	0	1	2	1	0	0	1	0	1	1	1	1	0	0	1	0	0	0	0	0	1	0	0	0	0	1	0	0	0	0	1	2	0	0	0	1	0	0	0	1	0	0	0	0	0	0	1	0	0	0	0	0	0	0	0	2	0	0	0	0
321	0	0	0	0	0	0	0	0	0	0	0	0	0	0	0	0	0	0	0	0	0	0	0	0	1	0	2	2	1	2	2	2	2	0	2	2	2	2	0	0	0	2	2	0	0	2	0	0	0	2	0	2	0	0	2	2	0	1	2	0	2	0	0	1	0	2	2	2	2	2	2	2	1	1	1	0	0	1	1	0	1	1	1	1	2	1	1	2	1	1	2	2	2	2	2	2	2	1	1	0	2	1	2	0	1	2	1	1	1	2	1	2	1	2	1	1	1	0	1	1	1	1	1	2	1	1	1	1	1	0	0	1	1	1	2	0	0	0	1	0	0	0	1	0	0	0	0	0	0	1	0	0	0	0	0	0	0	1	2	0	0	0	0
322	2	2	2	1	2	2	2	1	2	1	1	1	1	1	1	1	1	1	1	0	0	0	0	0	0	0	2	2	0	2	2	2	2	0	2	2	2	2	0	0	0	2	2	0	0	2	2	0	0	2	0	2	0	0	2	2	0	0	2	0	2	0	0	0	0	2	2	2	2	2	2	2	0	0	0	0	0	0	0	0	0	0	0	0	2	0	0	2	0	0	2	2	2	2	2	2	2	0	0	2	2	0	2	0	1	1	2	0	0	2	0	2	2	2	2	0	0	1	0	0	0	0	0	2	0	0	0	0	2	0	0	0	0	0	2	0	0	0	0	0	0	0	0	0	0	0	0	0	0	0	0	0	0	0	0	0	0	1	2	0	0	0	0
323	2	2	2	0	2	2	2	1	2	1	1	1	1	0	1	1	0	0	0	0	0	0	0	0	0	0	1	1	0	2	1	1	1	0	1	2	2	1	0	0	0	1	1	1	1	1	2	0	0	1	0	1	0	0	2	2	0	0	1	0	2	0	0	0	0	1	1	1	1	1	2	2	0	0	0	0	0	0	0	0	0	0	0	1	2	0	0	2	0	0	1	1	2	2	2	1	2	0	0	2	2	0	1	1	1	1	1	0	0	2	0	2	1	2	1	0	0	0	0	0	0	0	0	1	0	0	0	0	0	0	0	0	0	0	1	0	0	0	0	0	0	0	0	0	0	0	0	0	0	0	0	0	0	0	0	0	0	0	2	0	0	0	0
324	2	2	2	0	2	2	2	0	2	0	0	1	0	0	0	0	0	0	0	0	0	0	0	0	0	0	2	2	0	2	2	2	2	0	1	1	1	1	0	0	0	1	1	1	1	0	0	0	0	1	0	1	0	0	2	1	0	0	1	0	1	0	0	0	0	1	1	1	1	2	1	1	0	0	0	0	0	0	0	0	0	0	0	0	2	0	0	1	0	0	1	1	1	1	1	1	1	0	0	1	1	0	1	1	1	2	2	0	0	1	0	1	1	1	1	0	0	0	0	0	0	0	0	1	0	0	0	0	0	0	0	1	0	1	0	0	0	0	1	0	0	0	0	0	0	0	0	0	0	0	0	0	0	0	0	0	0	0	2	0	0	0	0
325	1	1	1	1	1	1	2	1	1	1	1	1	0	1	1	1	0	1	0	1	0	1	1	2	2	1	0	0	0	1	0	0	0	1	1	1	1	1	1	1	1	1	1	0	0	1	0	1	1	1	1	1	1	1	1	1	1	0	1	1	1	1	1	0	1	0	1	1	1	0	1	1	0	0	0	1	1	0	1	1	1	0	0	0	1	0	1	1	0	0	1	1	1	1	1	1	1	0	0	0	1	1	1	1	1	1	1	0	0	1	0	1	1	1	1	0	1	0	1	0	1	0	0	1	0	0	1	0	1	1	1	1	1	0	0	1	1	1	0	1	1	1	0	1	1	1	1	1	1	0	1	1	1	1	0	0	0	0	1	0	0	0	0
326	0	0	0	0	1	1	1	0	0	0	0	1	1	0	0	0	1	0	0	0	0	0	0	0	1	0	1	1	0	1	1	1	1	0	1	1	1	1	0	0	0	1	1	0	0	1	0	0	0	1	0	0	0	0	1	1	0	0	1	0	1	0	0	0	0	1	1	1	1	1	1	1	1	1	1	0	0	1	0	0	1	1	1	1	1	1	0	1	1	1	1	1	1	1	1	1	1	1	1	1	1	0	1	0	1	1	0	1	1	1	1	1	0	1	0	1	0	0	0	1	0	1	1	1	1	1	0	1	0	0	0	0	0	1	1	0	0	0	1	0	0	0	1	0	0	0	0	0	0	1	0	0	0	0	0	0	0	1	2	0	0	0	0
327	2	2	2	0	2	2	2	0	2	0	0	1	0	0	0	0	0	0	0	0	0	0	0	0	0	0	2	1	0	2	2	2	2	0	2	2	2	1	0	0	0	2	2	0	0	1	1	0	0	2	0	2	0	0	2	2	0	0	2	0	2	0	0	0	0	2	2	2	2	1	2	2	0	0	0	0	0	0	0	0	0	0	0	0	2	0	0	2	0	0	2	2	2	2	2	2	2	0	0	2	2	0	2	0	1	1	2	0	0	2	0	2	2	2	2	0	0	2	0	0	0	0	0	2	0	0	0	0	1	0	0	0	0	0	1	0	0	0	0	0	0	0	0	0	0	0	0	0	0	0	0	0	0	0	0	0	0	0	2	0	0	0	0
328	0	0	0	0	0	0	0	0	0	0	0	0	0	0	0	0	0	0	0	0	0	0	0	0	0	0	2	2	0	2	2	2	2	0	2	2	2	2	0	0	0	2	2	0	0	2	0	0	0	2	0	2	0	0	2	2	0	0	2	0	2	0	0	0	0	2	2	2	2	2	2	2	0	0	0	0	0	0	0	0	0	0	0	0	2	0	0	2	0	0	2	2	2	2	2	2	2	0	0	2	2	0	2	0	2	2	2	0	0	2	0	2	2	2	2	0	0	2	0	0	0	0	0	2	0	0	0	0	0	0	0	2	0	0	0	0	0	0	0	0	1	1	0	1	0	1	1	1	1	0	1	0	0	0	0	0	0	0	2	0	0	0	0
329	1	1	1	0	1	1	0	0	1	0	0	0	0	0	0	0	0	0	0	0	0	0	1	1	1	0	1	1	0	1	1	1	1	0	1	1	1	1	1	1	1	1	0	0	0	1	1	1	1	1	1	1	0	1	1	1	1	0	1	1	1	1	1	0	0	1	1	1	1	1	1	1	0	0	0	1	1	0	1	1	1	0	0	0	1	0	1	1	0	0	1	1	1	1	1	1	1	0	0	1	1	1	1	0	1	0	1	0	0	1	0	1	1	1	1	0	1	0	1	0	1	0	0	2	0	0	1	0	1	1	1	1	1	0	1	1	1	1	0	1	1	1	0	0	1	1	1	1	1	0	1	1	0	0	0	0	0	0	2	0	0	0	0
330	0	0	0	0	0	1	0	0	0	0	0	0	0	0	0	0	0	0	0	0	0	0	0	0	0	0	1	1	0	1	1	1	1	0	1	1	1	1	0	0	0	1	1	1	1	0	0	0	0	1	0	0	0	0	1	1	0	0	1	0	1	0	0	0	0	1	1	1	1	1	1	1	0	0	0	0	0	0	0	0	0	0	0	1	1	1	0	1	0	0	1	1	1	1	1	1	1	0	0	1	1	0	1	0	0	0	1	0	0	1	0	1	1	1	1	0	0	1	0	0	0	0	0	1	0	0	0	0	0	0	0	0	0	0	0	0	0	0	0	0	0	0	0	0	0	0	0	0	0	0	0	0	0	0	0	0	0	0	1	0	0	0	0
331	2	2	2	0	2	2	2	0	2	0	0	0	0	0	0	0	0	0	0	0	0	0	0	0	0	0	2	2	0	2	2	2	2	0	2	2	2	2	0	0	0	2	2	0	0	2	1	0	0	2	0	2	0	0	2	2	0	0	2	0	2	0	0	0	0	2	2	2	2	2	2	2	0	0	0	0	0	0	0	0	0	0	0	0	2	0	0	2	0	0	2	2	2	2	2	2	2	0	0	2	2	0	2	2	2	2	2	0	0	2	0	2	2	2	2	0	0	1	0	0	0	0	0	2	0	0	0	0	0	0	0	2	0	0	1	0	0	0	0	0	0	0	0	0	0	0	0	0	0	0	0	0	0	0	0	0	0	0	2	0	0	0	0
332	1	1	1	0	1	1	1	0	1	0	0	0	0	0	0	0	0	0	0	1	1	1	1	1	1	1	1	1	0	2	1	1	1	1	1	1	1	1	1	1	1	1	1	1	1	1	0	1	1	1	1	1	1	1	2	1	1	0	1	1	1	1	1	0	1	0	1	1	1	1	1	1	0	0	0	1	1	0	1	1	1	0	0	0	1	0	1	1	0	0	1	1	1	1	1	1	1	0	0	0	1	1	1	1	2	2	1	0	0	1	0	1	1	1	1	0	1	1	1	0	1	0	0	1	0	0	1	0	1	0	0	1	0	1	1	0	0	0	1	0	0	0	0	0	0	0	0	0	0	0	0	1	1	1	1	1	1	1	2	1	0	1	1
333	0	0	0	0	0	0	0	0	0	0	0	0	0	0	0	0	0	0	0	0	0	0	0	1	2	0	1	1	0	2	1	1	1	0	1	2	2	1	0	0	0	2	1	1	1	1	1	0	0	1	0	0	0	0	2	2	0	0	1	0	2	0	0	0	0	1	1	1	1	1	1	2	1	1	1	0	0	1	0	0	1	1	1	2	2	1	0	2	1	1	1	1	2	2	2	1	2	1	1	1	2	0	1	0	2	2	0	2	1	2	1	2	0	2	0	1	0	0	0	1	0	1	1	1	1	1	0	1	0	0	0	0	0	1	2	0	0	0	1	0	0	0	1	0	0	0	0	0	0	1	0	0	0	0	0	0	0	1	2	0	0	0	0
334	1	1	1	1	1	2	1	1	1	1	1	1	0	1	1	1	1	1	0	1	0	1	1	1	1	1	1	1	0	2	1	1	1	1	2	2	2	2	1	1	1	2	1	0	0	2	1	1	1	2	1	2	1	1	2	2	1	0	2	1	2	1	1	0	1	1	2	2	2	1	2	2	0	0	0	1	1	0	1	1	1	0	0	0	2	0	1	2	0	0	2	2	2	2	2	2	2	0	0	1	2	1	2	1	2	2	1	0	0	2	0	2	2	2	2	0	1	0	1	0	1	0	0	2	0	0	1	0	2	1	1	1	1	0	1	1	1	1	0	1	1	1	0	1	1	1	1	1	1	0	1	1	1	1	0	0	0	0	2	0	0	0	0
335	1	1	1	0	1	1	1	0	1	0	0	0	0	0	0	0	0	0	0	0	0	0	0	0	0	0	2	2	0	2	2	2	2	0	0	0	0	0	0	0	0	0	0	1	1	0	0	0	0	0	0	0	0	0	1	0	0	0	0	0	0	0	0	0	0	0	0	0	0	0	0	0	0	0	0	0	0	0	0	0	0	0	0	0	0	0	0	0	0	0	0	0	0	0	0	0	0	0	0	1	0	0	0	0	1	1	1	0	0	0	0	0	0	0	0	0	0	0	0	0	0	0	0	0	0	0	0	0	0	0	0	0	0	1	1	0	0	0	1	0	0	0	1	0	0	0	0	0	0	1	0	0	0	1	1	0	1	1	2	1	1	0	0
336	1	1	1	0	1	2	1	0	1	0	0	0	0	0	0	0	0	0	0	0	0	0	0	0	0	0	2	2	0	2	2	2	2	0	2	2	2	2	0	0	0	2	2	0	0	2	0	0	0	2	0	2	0	0	2	2	0	0	2	0	2	0	0	0	0	2	2	2	2	2	2	2	0	0	0	0	0	0	0	0	0	0	0	0	2	0	0	2	0	0	2	2	2	2	2	2	2	0	0	2	2	0	2	2	2	2	1	0	0	2	0	2	2	2	2	0	0	1	0	0	0	0	0	2	0	0	0	0	0	0	0	2	0	0	0	0	0	0	0	0	0	0	0	0	0	0	0	0	0	0	0	0	1	1	0	0	0	0	2	0	0	0	0
337	1	1	1	0	1	1	1	0	1	0	0	0	0	0	0	0	0	0	0	0	0	0	0	0	0	0	2	2	1	2	2	2	2	0	2	2	2	2	0	0	0	2	2	0	0	1	1	0	0	2	0	2	0	0	2	2	0	1	2	0	2	0	0	1	1	2	2	2	2	2	2	2	0	0	0	0	0	0	1	0	0	0	0	0	2	0	1	2	0	0	2	2	2	2	2	2	2	0	0	1	2	1	2	1	2	2	1	0	0	2	0	2	2	2	2	0	1	0	1	0	1	0	0	2	0	0	1	0	1	0	0	1	0	0	0	0	0	0	1	0	0	0	0	0	0	0	0	0	0	0	0	0	0	0	0	0	0	0	2	0	0	0	0
338	1	1	1	0	1	2	1	0	1	0	0	0	0	0	0	0	0	0	0	0	0	1	1	1	1	1	1	0	0	2	1	1	1	1	2	2	2	2	1	1	0	2	2	0	0	2	1	1	1	2	1	2	1	1	2	2	1	0	2	1	2	1	1	0	1	1	2	2	2	1	2	2	0	0	0	1	1	0	1	1	1	0	0	0	2	0	1	2	0	0	2	2	2	2	2	2	2	0	0	0	2	1	2	1	2	2	1	0	0	2	0	2	2	2	2	0	1	1	1	0	1	0	0	2	0	0	1	0	2	0	0	1	0	0	0	0	0	0	0	0	0	0	0	0	0	0	0	0	0	0	0	1	1	1	1	1	1	1	2	1	0	1	0
339	0	0	0	0	0	1	0	0	0	0	0	0	0	0	0	0	0	0	0	0	0	0	0	0	0	0	2	2	0	2	2	2	2	0	1	1	1	1	0	0	0	1	0	1	1	1	1	0	0	1	0	1	0	0	2	1	0	0	1	0	1	0	0	0	0	1	1	1	1	1	1	0	0	0	0	0	0	0	0	0	0	0	0	0	1	0	0	1	0	0	1	1	1	1	1	1	1	0	0	1	1	0	1	0	2	2	1	0	0	1	0	1	1	1	1	0	0	0	0	0	0	0	0	1	0	0	0	0	1	0	0	0	0	1	2	0	0	0	1	0	0	0	1	0	0	0	0	0	0	1	0	0	0	0	0	0	0	1	2	0	0	0	0
340	1	1	1	0	1	1	0	1	1	1	1	1	1	1	1	1	0	0	0	0	0	0	0	0	0	0	1	0	0	1	1	1	1	0	1	0	0	0	0	0	0	0	0	0	0	0	0	0	0	1	0	0	0	0	0	0	0	0	0	0	0	0	0	0	0	1	1	1	1	1	1	1	0	0	0	0	0	0	0	0	0	0	0	1	1	1	0	1	0	0	1	1	1	1	1	1	1	0	0	0	1	0	1	1	2	1	1	0	0	1	0	0	0	1	0	0	0	0	0	0	0	0	0	1	0	0	0	0	0	0	0	0	0	1	1	0	0	0	1	0	0	0	0	0	0	0	0	0	0	0	0	0	0	0	0	0	0	0	1	0	0	0	0
341	2	2	2	0	2	2	1	1	2	1	1	1	1	0	1	1	0	0	0	0	0	0	0	0	0	0	2	2	0	2	2	2	2	0	2	2	2	2	0	0	0	2	2	0	0	2	0	0	0	2	0	2	0	0	2	2	0	0	2	0	2	0	0	0	0	2	2	2	2	2	2	2	0	0	0	0	0	0	0	0	0	0	0	0	2	0	0	2	0	0	2	2	2	2	2	2	2	0	0	2	2	0	2	0	1	2	1	1	0	2	0	2	2	2	2	0	0	2	0	0	0	0	0	2	0	0	0	0	0	0	0	2	0	0	0	0	0	0	0	0	1	1	0	1	0	1	1	1	1	0	1	0	1	1	1	1	1	1	2	1	1	1	1
342	0	0	0	0	0	0	0	0	0	0	0	0	0	0	0	0	0	0	0	0	0	0	0	0	0	0	2	1	0	2	2	2	2	0	2	2	2	2	0	0	0	2	2	0	0	2	1	0	0	2	0	2	0	0	2	2	0	0	2	0	2	0	0	0	0	2	2	2	2	2	2	2	0	0	0	0	0	0	0	0	0	0	0	0	2	0	0	2	0	0	2	2	2	2	2	2	2	0	0	0	2	0	2	0	2	2	2	0	0	2	0	2	2	2	2	0	0	1	0	0	0	0	0	2	0	0	0	0	1	0	0	2	0	0	0	0	0	0	0	0	1	1	0	1	0	1	1	1	1	0	1	0	0	0	0	0	0	0	1	0	0	0	0
343	0	0	0	0	1	1	1	0	0	0	0	0	0	1	0	0	0	0	0	0	0	0	0	0	0	0	2	1	0	2	2	2	2	0	1	1	1	1	0	0	0	1	1	0	0	1	1	0	0	1	0	1	0	0	1	1	0	0	1	0	1	0	0	0	0	1	1	1	1	1	1	1	0	0	0	0	0	0	0	0	0	0	0	0	1	0	0	1	0	0	1	1	1	1	1	1	1	0	0	0	1	0	1	0	1	1	1	0	0	1	0	1	1	1	1	0	0	0	0	0	0	0	0	1	0	0	0	0	1	0	0	1	0	0	1	0	0	0	0	0	1	1	0	1	0	1	1	1	1	0	1	0	0	0	0	0	0	0	2	0	0	0	0
344	0	0	0	0	0	0	0	0	0	0	0	0	0	0	0	0	0	0	0	1	0	1	1	1	1	1	0	0	1	2	1	1	1	1	2	2	2	2	1	1	1	2	2	0	1	2	1	1	1	2	1	2	1	1	2	2	1	0	2	1	2	1	0	1	1	2	2	2	2	2	2	2	1	1	1	1	1	0	1	1	1	0	1	1	2	1	0	2	1	1	2	2	2	2	2	2	2	1	1	1	2	1	2	1	2	2	1	0	1	2	1	2	1	2	2	0	1	0	1	1	1	1	1	2	1	1	1	1	1	1	1	1	1	1	1	1	1	1	1	1	1	1	1	1	1	1	1	1	1	1	1	1	1	1	0	0	0	0	2	0	0	0	0
345	1	1	1	0	1	2	1	1	1	1	1	1	1	1	1	1	0	1	1	0	0	0	0	0	0	1	1	1	0	2	2	2	2	0	2	2	2	1	0	0	0	2	2	0	0	1	0	0	0	2	0	2	0	0	2	2	0	0	2	0	2	0	0	0	1	2	2	2	2	1	2	2	1	1	1	0	0	1	0	0	1	1	1	1	2	1	0	2	1	0	2	2	2	2	2	2	2	1	1	2	2	0	2	1	2	2	1	1	1	2	1	2	1	2	1	1	0	1	0	0	0	0	1	2	1	1	0	1	2	0	0	0	0	1	2	0	0	0	1	0	0	0	1	0	0	0	0	0	0	1	0	0	0	0	0	0	0	1	2	0	0	0	0
346	0	0	0	0	0	0	0	0	0	0	0	0	0	0	0	0	0	0	0	0	1	0	0	0	0	0	1	1	0	1	1	1	1	0	1	1	1	1	0	0	0	1	1	0	0	1	1	0	0	1	0	1	0	0	1	1	0	0	1	0	1	0	0	0	0	1	1	1	1	0	1	1	0	0	0	0	0	0	0	0	0	0	0	0	1	0	0	1	0	0	1	1	1	1	1	1	1	0	0	1	1	0	1	0	1	1	0	0	0	1	0	1	1	1	1	0	0	0	0	0	0	0	0	1	0	0	0	0	0	0	0	1	0	0	1	0	0	0	0	0	0	0	1	0	0	0	0	0	0	1	0	0	0	0	0	0	0	1	1	0	0	0	0
347	0	0	0	0	1	2	1	0	0	0	0	1	0	0	0	0	1	0	0	0	0	0	0	0	0	0	1	1	0	1	1	1	1	0	1	1	1	1	0	0	0	1	0	0	0	1	1	0	0	1	0	1	0	0	1	1	0	0	1	0	1	0	0	0	0	1	1	1	1	1	1	1	0	0	0	0	0	0	0	0	0	0	0	0	1	0	0	1	0	0	1	1	1	1	1	1	1	0	0	1	1	0	1	0	1	1	1	0	0	1	0	1	1	1	1	0	0	0	0	0	0	0	0	1	0	0	0	0	1	0	0	0	0	0	1	0	0	0	0	0	0	0	0	0	0	0	0	0	0	0	0	0	0	0	0	0	0	0	1	0	0	0	0
348	0	0	0	0	0	0	0	0	0	0	0	0	1	0	0	0	0	0	0	0	0	0	0	0	0	0	2	2	0	2	2	2	2	0	0	0	0	0	0	0	0	0	0	1	1	0	0	0	0	0	0	0	0	0	1	1	0	0	0	0	0	0	0	0	0	0	0	0	0	0	0	0	0	0	0	0	0	0	0	0	0	0	0	0	0	0	0	0	0	0	0	0	0	0	0	0	0	0	0	1	0	0	0	0	1	1	1	0	0	0	0	0	0	0	0	0	0	0	0	0	0	0	0	0	0	0	0	0	0	0	0	0	0	1	1	0	0	0	1	0	0	0	0	0	0	0	0	0	0	0	0	0	0	0	0	0	0	0	2	0	0	0	0
349	0	0	0	0	0	0	0	0	0	0	0	0	0	0	0	0	0	0	0	0	0	0	0	0	1	0	2	2	0	2	2	2	2	0	2	2	2	2	0	0	0	2	2	0	0	2	0	0	0	2	0	2	0	0	2	2	0	0	2	0	2	0	0	0	1	2	2	2	2	2	2	2	1	1	1	0	0	1	0	0	1	1	1	1	2	1	0	2	1	1	2	2	2	2	2	2	2	1	1	2	2	0	2	1	1	1	0	2	1	2	1	2	1	2	1	1	0	1	0	1	0	1	1	2	1	1	0	1	0	0	0	0	0	2	1	0	0	0	2	0	0	0	1	0	0	0	0	0	0	1	0	0	0	0	0	0	0	1	2	0	0	0	0
350	2	2	2	1	2	2	2	1	2	1	1	1	0	1	1	1	1	1	0	1	0	1	1	1	1	1	1	0	0	2	1	1	1	1	2	2	2	2	1	1	1	2	2	0	0	2	1	1	1	2	1	2	1	1	2	2	1	0	2	1	2	1	1	0	1	1	2	2	2	1	2	2	0	0	0	1	1	0	1	1	1	0	0	0	2	0	1	2	0	0	2	2	2	2	2	2	2	0	0	0	2	1	2	1	2	2	2	0	0	2	0	2	2	2	2	0	1	1	1	0	1	0	0	2	0	0	1	0	1	1	1	1	1	0	0	1	1	1	0	1	1	1	0	1	1	1	1	1	1	0	1	1	1	1	0	0	0	0	2	0	0	0	1
351	0	0	0	0	0	0	0	0	0	0	0	0	0	0	0	0	0	0	0	0	0	0	0	0	0	0	1	1	0	1	1	1	1	0	0	0	0	0	0	0	0	0	0	0	0	0	0	0	0	0	0	0	1	0	0	0	0	0	0	0	0	0	0	0	0	0	0	0	0	0	0	0	0	0	0	0	0	0	0	0	0	0	0	0	0	0	0	0	0	0	0	0	0	0	0	0	0	0	0	0	0	0	0	0	0	0	0	0	0	0	0	0	0	0	0	0	0	0	0	0	0	0	0	0	0	0	0	0	0	0	0	0	0	0	0	0	0	0	0	0	0	0	0	0	0	0	0	0	0	0	0	0	0	0	0	0	0	0	1	0	0	0	0
352	0	0	0	0	0	1	0	0	0	0	0	0	0	0	0	0	0	0	0	0	1	1	1	1	1	1	0	0	0	1	2	2	2	0	1	1	1	1	0	0	0	1	1	0	0	1	0	0	0	1	0	1	0	0	1	1	0	0	1	0	1	0	0	0	1	1	1	1	1	1	1	1	1	1	1	0	0	1	0	0	1	1	1	1	1	1	0	1	1	0	1	1	1	1	1	1	1	1	1	1	1	0	1	1	1	1	0	1	1	1	1	1	0	1	0	1	0	0	0	0	0	0	1	1	1	1	0	1	0	0	0	0	0	0	1	0	0	0	0	0	0	0	0	0	0	0	0	0	0	0	0	0	0	0	0	0	0	0	1	0	0	0	0
353	1	1	1	0	1	1	1	1	1	1	1	1	1	1	1	1	1	1	1	0	0	0	0	0	0	0	2	2	0	2	2	2	2	0	2	2	2	2	0	0	0	2	2	0	0	2	1	0	0	2	0	2	0	0	2	2	0	0	2	0	2	0	0	0	0	2	2	2	2	2	2	2	0	0	0	0	0	0	0	0	0	0	0	0	2	0	0	2	0	0	2	2	2	2	2	2	2	0	0	1	2	0	2	0	2	2	1	0	0	2	0	2	2	2	2	0	0	2	0	0	0	0	0	2	0	0	0	0	0	0	0	2	0	0	0	0	0	0	0	0	1	1	0	1	0	1	1	1	1	0	2	0	0	0	0	0	0	0	2	0	0	0	0
354	0	0	0	0	1	1	1	0	0	0	0	1	0	1	0	0	0	0	0	0	0	0	0	0	0	0	1	0	0	1	1	1	1	0	1	1	1	1	0	0	0	1	1	0	0	0	0	0	0	1	0	0	0	0	1	1	0	0	1	0	1	0	0	0	0	1	1	1	1	1	1	1	0	0	0	0	0	0	0	0	0	0	0	1	1	1	0	1	0	0	1	1	1	1	1	1	1	0	0	1	1	0	1	0	1	1	1	0	0	1	0	1	1	1	1	0	0	1	0	0	0	0	0	1	0	0	0	0	0	0	0	0	0	0	0	0	0	0	0	0	0	0	0	0	0	0	0	0	0	0	0	0	0	0	0	0	0	0	1	0	0	0	0
355	1	1	1	0	1	1	1	1	2	1	1	0	0	1	1	1	1	1	1	1	1	1	1	1	1	1	1	1	0	2	1	1	1	1	2	2	2	2	1	1	1	2	2	0	0	2	0	1	1	2	1	2	1	1	2	2	1	0	2	1	1	1	1	0	1	1	2	2	2	2	2	2	0	0	0	1	1	0	1	1	1	0	0	0	2	0	1	2	0	0	2	2	2	2	2	2	2	0	0	1	2	1	2	0	1	1	1	0	0	2	0	2	2	2	2	0	1	0	1	0	1	0	0	2	0	0	1	0	1	1	1	2	1	0	1	1	1	1	0	1	1	1	0	1	1	1	1	1	1	0	1	1	0	0	0	0	0	0	1	0	0	0	0
356	0	0	0	0	0	0	0	0	0	0	0	0	0	0	0	0	0	0	0	0	0	0	0	0	0	0	0	0	0	0	0	0	0	0	0	0	0	0	0	0	0	0	0	0	0	0	0	0	0	0	0	0	0	0	0	0	0	0	0	0	0	0	0	0	0	0	0	0	0	0	0	1	0	0	0	0	0	0	0	0	0	0	0	0	0	0	0	0	0	0	0	0	0	0	0	0	0	0	0	1	0	0	0	0	0	0	0	0	0	0	0	0	0	0	0	0	0	0	0	0	0	0	0	0	0	0	0	0	0	0	0	0	0	0	1	0	0	0	0	0	0	0	0	0	0	0	0	0	0	0	0	0	0	0	0	0	0	0	2	0	0	0	0
357	1	1	1	1	1	1	1	1	1	1	1	1	1	1	1	1	1	1	0	1	1	1	1	1	1	1	1	1	0	2	1	1	1	1	2	2	2	2	1	1	1	2	2	0	0	2	0	1	1	2	1	2	1	1	2	2	1	0	2	1	2	1	1	0	2	1	2	2	2	2	2	2	0	0	0	1	1	0	1	1	1	0	0	0	2	0	1	2	0	0	2	2	2	2	2	2	2	0	0	1	2	1	2	1	1	1	1	1	0	2	0	2	2	2	2	0	1	1	1	0	1	0	0	2	0	0	1	0	1	1	1	1	1	1	2	1	1	1	1	1	1	1	0	1	1	1	1	1	1	0	1	1	1	1	0	0	0	0	2	0	0	0	0
358	1	1	1	0	1	1	0	0	1	0	0	0	0	0	0	0	0	0	0	0	0	0	0	0	0	0	2	2	0	2	2	2	2	0	1	1	1	1	0	0	0	1	1	0	0	1	0	0	0	1	0	1	0	0	1	1	0	0	1	0	1	0	0	0	0	1	1	1	1	1	1	1	0	0	0	0	0	0	0	0	0	0	0	0	1	0	0	1	0	0	1	1	1	1	1	1	1	0	0	1	1	0	1	1	1	1	1	0	0	1	0	1	1	1	1	0	0	1	0	0	0	0	0	1	0	0	0	0	0	0	0	1	0	0	1	0	0	0	0	0	0	0	0	0	0	0	0	0	0	0	0	0	0	0	0	0	0	0	2	0	0	0	0
359	2	2	2	0	2	2	2	0	2	0	0	0	0	0	0	0	1	0	0	0	0	0	0	0	0	0	2	2	0	2	2	2	2	0	2	2	2	2	0	0	0	2	2	0	0	2	1	0	0	2	0	2	0	0	2	1	0	0	2	0	1	0	0	0	0	2	2	2	2	2	2	2	0	0	0	0	0	0	0	0	0	0	0	0	2	0	0	2	0	0	2	2	2	2	2	2	2	0	0	1	2	0	2	0	2	2	2	0	0	2	0	2	2	2	2	0	0	1	0	0	0	0	0	2	0	0	0	0	1	0	0	2	0	0	0	0	0	0	0	0	1	1	0	1	0	1	1	1	1	0	1	0	0	0	0	0	0	0	2	0	0	0	0
360	0	0	0	0	0	0	0	1	1	1	1	0	0	1	1	1	0	1	1	1	1	1	1	1	1	1	1	1	1	2	1	1	1	1	2	2	2	2	1	1	1	2	2	0	0	2	0	1	1	2	1	2	1	1	2	2	1	1	2	1	2	1	1	1	1	1	2	2	2	2	2	2	0	0	0	1	1	0	2	1	1	0	0	0	2	0	2	2	0	0	2	2	2	2	2	2	2	0	0	0	2	2	2	1	2	2	1	0	0	2	0	2	2	2	2	0	2	0	2	0	2	0	0	2	0	0	2	0	2	1	1	2	2	0	2	1	1	1	0	1	1	1	0	1	1	1	1	1	1	0	1	1	0	0	0	0	0	0	1	0	0	0	0
361	1	1	1	0	1	1	1	0	1	0	0	0	0	0	0	0	0	0	0	0	0	0	0	0	0	0	1	1	0	1	1	1	1	0	1	1	1	1	0	0	0	1	1	0	0	1	0	0	0	1	0	1	0	0	1	1	0	0	1	0	1	0	0	0	0	1	1	1	1	0	1	1	0	0	0	0	0	0	0	0	0	0	0	0	1	0	0	1	0	0	1	1	1	1	1	1	1	0	0	1	1	0	1	0	0	1	1	0	0	1	0	1	1	1	1	0	0	0	0	0	0	0	0	1	0	0	0	0	1	0	0	1	0	0	0	0	0	0	0	0	1	1	0	1	0	0	1	1	1	0	1	0	0	0	0	0	0	0	1	0	0	0	0
362	1	1	1	0	1	1	1	0	1	0	0	0	0	0	0	0	0	0	0	0	0	0	0	0	0	0	2	2	0	2	2	2	2	0	2	2	2	2	0	0	0	2	2	0	0	1	0	0	0	2	0	2	0	0	2	2	0	0	2	0	2	0	0	0	0	2	2	2	2	2	2	2	0	0	0	0	0	0	0	0	0	0	0	0	2	0	0	2	0	0	2	2	2	2	2	2	2	0	0	2	2	0	2	1	2	2	2	0	0	2	0	2	2	2	2	0	0	1	0	0	0	0	0	2	0	0	0	0	0	0	0	2	0	0	0	0	0	0	0	0	0	0	0	0	0	0	0	0	0	0	0	0	0	0	0	0	0	0	2	0	0	0	0
363	1	1	1	1	1	1	1	1	1	1	1	1	0	1	1	1	1	1	1	0	0	0	0	0	0	0	1	1	0	1	1	1	1	0	1	1	1	1	0	0	0	1	1	1	1	1	1	0	0	1	0	1	0	0	2	1	0	0	1	0	1	0	0	0	0	1	1	1	1	2	1	1	0	0	0	0	0	0	0	0	0	0	0	0	2	0	0	1	0	0	1	1	1	1	1	1	1	0	0	1	1	0	1	1	1	1	1	1	0	1	0	1	1	1	1	0	0	1	0	0	0	0	0	1	0	0	0	0	1	0	0	0	0	1	1	0	0	0	1	0	0	0	0	0	0	0	0	0	0	0	0	0	0	0	0	0	0	0	2	0	0	0	0
364	0	0	0	0	1	1	1	0	0	0	0	1	0	0	0	0	0	0	0	0	0	0	0	0	0	0	0	0	0	0	0	0	0	0	0	0	0	0	0	0	0	0	0	0	0	0	0	0	0	0	0	0	0	0	0	0	0	0	0	0	0	0	0	0	0	0	0	0	0	0	0	0	0	0	0	0	0	0	0	0	0	0	0	0	0	0	0	0	0	0	0	0	0	0	0	0	0	0	0	0	0	0	0	0	0	0	0	0	0	0	0	0	0	0	0	0	0	0	0	0	0	0	0	0	0	0	0	1	0	0	0	0	0	0	0	0	0	0	0	0	0	0	0	0	0	0	0	0	0	0	0	0	0	0	0	0	0	0	0	0	0	0	0
365	0	0	0	0	0	0	0	0	0	0	0	0	0	0	0	0	0	0	0	0	0	0	0	0	0	0	1	1	1	1	1	1	1	0	1	1	1	1	0	0	0	1	1	0	0	1	1	0	0	1	0	1	0	0	1	1	0	1	1	0	1	0	0	0	0	1	1	1	1	1	1	1	0	0	0	0	0	0	1	0	0	0	0	0	1	0	1	1	0	0	1	1	1	1	1	1	1	0	0	0	1	1	1	1	1	1	1	0	0	1	0	1	1	1	1	0	1	0	1	0	1	0	0	1	0	0	1	0	1	0	0	1	1	0	1	0	0	0	0	0	1	1	0	1	0	1	1	1	1	0	1	0	0	0	0	0	0	0	1	0	0	0	0
366	1	1	1	0	1	2	1	0	1	0	0	0	0	0	0	0	0	0	0	0	0	0	0	0	0	0	2	1	0	2	2	2	2	0	2	2	2	2	0	0	0	2	2	0	0	2	1	0	0	2	0	2	0	0	2	2	0	0	2	0	2	0	0	0	0	2	2	2	2	1	2	2	0	0	0	0	0	0	0	0	0	0	0	0	2	0	0	2	0	0	2	2	2	2	2	2	2	0	0	1	2	0	2	1	2	2	1	0	0	2	0	2	2	2	2	0	0	1	0	0	0	0	0	2	0	0	0	0	1	0	0	1	0	0	0	0	0	0	0	0	0	0	0	0	0	0	0	0	0	0	0	0	0	0	0	0	0	0	2	0	0	0	0
367	2	2	2	0	2	2	2	1	2	1	1	1	1	1	1	1	1	1	1	0	0	0	0	0	0	0	1	0	0	1	1	1	1	0	1	1	1	1	0	0	0	1	1	0	0	1	1	0	0	1	0	1	0	0	1	1	0	0	1	0	1	0	0	0	0	1	1	1	1	1	1	1	0	0	0	0	0	0	0	0	0	0	0	0	1	0	0	1	0	0	1	1	1	1	1	1	1	0	0	1	1	0	1	0	1	1	1	0	0	1	0	1	1	1	1	0	0	1	0	0	0	0	0	1	0	0	0	0	1	0	0	1	0	0	1	0	0	0	0	0	1	1	0	1	0	1	1	1	1	0	1	0	0	0	0	0	0	0	2	0	0	0	0
368	1	1	1	0	1	1	1	0	1	0	0	0	0	0	0	0	0	0	0	0	0	0	0	0	0	0	1	1	0	1	1	1	1	0	1	1	1	1	0	0	0	1	1	0	0	1	1	0	0	1	0	1	0	0	1	1	0	0	1	0	1	0	0	0	0	1	1	1	1	1	1	1	0	0	0	0	0	0	0	0	0	0	0	0	1	0	0	1	0	0	1	1	1	1	1	1	1	0	0	1	1	0	1	1	1	1	1	0	0	1	0	1	1	1	1	0	0	1	0	0	0	0	0	1	0	0	0	0	0	0	0	1	0	0	1	0	0	0	0	0	0	0	0	0	0	0	0	0	0	0	0	0	1	1	1	1	1	1	2	1	1	1	1
369	0	0	0	0	0	1	0	0	0	0	0	0	0	0	0	0	0	0	0	0	0	0	0	0	0	0	2	2	0	2	2	2	2	0	2	2	2	2	0	0	0	2	1	0	0	2	2	0	0	2	0	2	0	0	2	2	0	0	2	0	2	0	0	0	0	2	2	2	2	2	2	2	0	0	0	0	0	0	0	0	0	0	0	0	2	0	0	2	0	0	2	2	2	2	2	2	2	0	0	1	2	0	2	0	1	1	1	0	0	2	0	2	2	2	2	0	0	1	0	0	0	0	0	2	0	0	0	0	2	0	0	0	0	1	1	0	0	0	1	0	0	0	1	0	0	0	0	0	0	1	0	0	0	0	0	0	0	1	2	0	0	0	0
370	0	0	0	0	0	0	0	0	0	0	0	0	0	0	0	0	0	0	0	0	0	0	0	0	0	0	0	0	0	0	0	0	0	0	0	0	0	0	0	0	0	0	0	0	0	0	0	0	0	0	0	0	0	0	0	0	0	0	0	0	0	0	0	0	0	0	0	0	0	0	0	0	0	0	0	0	0	0	0	0	0	0	0	0	0	0	0	0	0	0	0	0	0	0	0	0	0	0	0	0	0	0	0	0	0	0	0	0	0	0	0	0	0	0	0	0	0	0	0	0	0	0	0	0	0	0	0	0	0	0	0	0	0	0	2	0	0	0	0	0	0	0	0	0	0	0	0	0	0	0	0	0	0	0	0	0	0	0	2	0	0	0	0
371	1	1	1	0	1	1	1	0	1	0	0	0	1	0	0	0	0	0	0	0	0	0	0	0	0	0	2	2	1	2	2	2	2	0	1	1	1	1	0	0	0	1	1	1	1	1	1	0	0	1	0	1	0	0	2	1	0	1	1	0	1	0	0	0	0	1	1	1	1	1	1	1	0	0	0	0	0	0	1	0	0	0	0	0	1	0	1	1	0	0	1	1	1	1	1	1	1	0	0	1	1	1	1	2	1	2	1	0	0	1	0	1	1	1	1	0	1	0	1	0	1	0	0	1	0	0	1	0	1	0	0	1	1	1	2	0	0	0	1	0	0	0	0	0	0	0	0	0	0	0	0	0	1	1	0	0	0	0	2	0	0	0	0
372	0	0	0	0	0	1	0	0	0	0	0	0	0	0	0	0	0	0	0	0	0	0	0	0	1	0	2	2	0	2	2	2	2	0	2	2	2	2	0	0	0	2	1	0	0	2	1	0	0	2	0	2	0	0	2	2	0	0	2	0	2	0	0	0	0	2	2	2	2	2	2	1	1	1	1	0	0	1	0	0	1	1	1	1	2	1	0	2	1	1	2	2	2	2	2	2	2	1	1	2	2	0	2	1	2	2	0	1	1	2	1	2	1	2	1	1	0	0	0	1	0	1	1	2	1	1	0	1	1	0	0	0	0	1	0	0	0	0	1	0	0	0	1	0	0	0	0	0	0	1	0	0	0	0	0	0	0	1	2	0	0	0	0
