29	1	1	0	0	1	0	0	0	0	0	0	0	0	2
30	0	0	0	0	0	0	0	0	0	0	0	0	0	2
31	2	2	0	0	2	0	0	0	0	0	0	0	0	2
32	0	0	0	0	0	0	0	0	0	0	0	0	0	2
33	1	1	0	0	1	0	0	0	0	0	0	0	0	2
34	0	0	0	0	0	0	0	0	0	0	0	0	0	2
35	1	1	0	0	1	0	0	0	0	0	0	0	0	2
36	0	0	0	0	0	0	0	0	0	0	0	0	0	2
37	1	1	1	1	1	1	1	1	1	0	1	1	1	1
38	0	0	0	0	0	0	0	0	0	0	0	0	0	2
39	0	0	0	0	0	0	0	0	0	0	0	0	0	2
40	0	0	0	0	0	0	0	0	0	0	0	0	0	2
296	0	0	0	0	0	0	0	0	0	0	0	0	0	1
297	2	2	0	0	2	0	0	0	0	0	0	0	0	2
298	2	2	0	0	2	0	0	0	0	0	0	0	0	2
299	0	0	0	0	0	0	0	0	0	0	0	0	0	1
300	1	1	0	0	1	0	0	0	0	0	0	0	0	2
301	1	1	0	0	1	0	0	0	0	0	0	0	0	2
302	1	1	0	0	1	0	0	0	0	0	0	0	0	2
303	1	1	1	1	1	1	0	0	0	0	0	0	0	2
304	1	1	0	0	1	0	0	0	0	0	0	0	0	2
305	0	0	0	0	0	0	0	0	0	0	0	0	0	2
306	0	0	0	0	0	0	0	0	0	0	0	0	0	2
307	0	0	0	0	0	0	0	0	0	0	0	0	0	1
308	1	1	0	0	1	0	0	0	0	0	0	0	0	2
309	0	0	0	0	0	0	0	0	0	0	0	0	0	1
310	1	1	0	0	1	0	0	0	0	0	0	0	0	2
311	1	1	0	0	1	0	0	0	0	0	0	0	0	1
312	1	1	0	0	1	0	0	0	0	0	0	0	0	2
313	2	2	0	0	2	0	0	0	0	0	0	0	0	2
314	0	0	0	0	0	0	0	0	0	0	0	0	0	2
315	1	1	0	0	1	0	0	0	0	0	0	0	0	1
316	2	2	0	0	2	0	0	0	0	0	0	0	0	2
317	0	0	0	0	0	0	0	0	0	0	0	0	0	2
318	0	0	0	0	1	0	0	0	0	0	0	0	0	1
319	1	1	0	0	1	0	0	0	0	0	0	0	0	2
320	0	0	0	0	0	0	0	0	0	0	0	0	0	2
321	1	1	0	0	1	1	1	1	1	1	1	1	1	1
322	0	0	0	0	0	0	0	0	0	0	0	0	0	1
323	1	1	0	0	1	0	0	0	0	0	0	0	0	1
324	0	0	0	0	0	0	0	0	0	0	0	0	0	2
325	0	0	0	0	0	0	0	0	0	0	0	0	0	2
326	2	2	0	0	2	0	0	0	0	0	0	0	0	2
327	1	1	0	0	1	0	0	0	0	0	0	0	0	2
328	0	0	0	0	0	0	0	0	0	0	0	0	0	2
329	0	0	0	0	0	0	0	0	0	0	0	0	0	2
330	0	0	0	0	0	0	0	0	0	0	0	0	0	2
331	0	0	0	0	0	0	0	0	0	0	0	0	0	2
332	1	1	0	0	1	0	0	0	0	0	0	0	0	1
333	0	0	0	0	0	0	0	0	0	0	0	0	0	2
334	1	1	1	1	1	1	1	1	1	1	1	1	1	1
335	0	0	0	0	0	0	0	0	0	0	0	0	0	2
336	0	0	0	0	0	0	0	0	0	0	0	0	0	2
337	0	0	0	0	0	0	0	0	0	0	0	0	0	2
338	2	2	0	0	2	0	0	0	0	0	0	0	0	2
339	1	1	0	0	1	0	0	0	0	0	0	0	0	2
340	0	0	0	0	0	0	0	0	0	0	0	0	0	2
341	0	0	0	0	0	0	0	0	0	0	0	0	0	2
342	1	1	0	0	1	0	0	0	0	0	0	0	0	2
343	0	0	0	0	0	0	0	0	0	0	0	0	0	2
344	0	0	0	0	0	0	0	0	0	0	0	0	0	2
345	0	0	0	0	0	0	0	0	0	0	0	0	0	2
346	0	0	0	0	0	0	0	0	0	0	0	0	0	2
347	1	1	0	0	1	0	0	0	0	0	0	0	0	2
348	0	0	0	0	0	0	0	0	0	0	0	0	0	2
349	0	0	0	0	0	1	1	1	1	1	1	1	1	1
350	0	0	0	0	0	0	0	0	0	0	0	0	0	2
351	0	0	0	0	0	0	0	0	0	0	0	0	0	0
352	1	1	0	0	1	0	0	0	0	0	0	0	0	2
353	1	1	0	0	1	0	0	0	0	0	0	0	0	2
354	1	1	1	1	1	2	2	2	2	1	2	2	2	0
355	1	1	0	0	1	0	0	0	0	0	0	0	0	2
356	0	0	0	0	0	0	0	0	0	0	0	0	0	2
357	1	1	0	0	0	1	1	1	1	1	1	1	1	1
358	1	1	0	0	1	0	0	0	0	0	0	0	0	2
359	1	1	0	0	1	0	0	0	0	0	0	0	0	2
360	0	0	0	0	0	0	0	0	0	0	0	0	0	2
361	1	1	0	0	1	0	0	0	0	0	0	0	0	1
362	1	1	0	0	1	0	0	0	0	0	0	0	0	2
363	1	1	0	0	1	0	0	0	0	0	0	0	0	1
364	0	0	0	0	0	0	0	0	0	0	0	0	0	2
365	1	1	0	0	1	0	0	0	0	0	0	0	0	2
366	1	1	0	0	1	0	0	0	0	0	0	0	0	2
367	0	0	0	0	0	1	1	1	1	1	2	1	1	1
368	0	0	0	0	0	0	0	0	0	0	0	0	0	2
369	1	1	0	0	1	0	0	0	0	0	0	0	0	2
370	0	0	0	0	0	0	0	0	0	0	0	0	0	2
371	1	1	0	0	1	0	0	0	0	0	0	0	0	1
372	0	0	0	0	0	0	0	0	0	0	0	0	0	2
