0	0	0	0	0	0	0	0	0	0	0	0	0	0	2
2	0	0	0	0	0	0	0	0	0	0	0	0	0	2
3	0	0	0	0	0	0	0	0	0	0	0	0	0	2
4	0	0	0	0	0	0	0	0	0	0	0	0	0	2
5	0	0	0	0	0	0	0	0	0	0	0	0	0	2
6	0	0	0	0	0	0	0	0	0	0	0	0	0	2
7	0	0	0	0	0	0	0	0	0	0	0	0	0	2
8	1	1	1	1	1	1	1	1	1	1	1	1	1	1
9	0	0	0	0	0	0	0	0	0	0	0	0	0	2
10	0	0	0	0	0	0	0	0	0	0	0	0	0	2
11	0	0	0	0	0	0	0	0	0	0	0	0	0	2
12	0	0	0	0	0	0	0	0	0	0	0	0	0	2
13	0	0	0	0	0	0	0	0	0	0	0	0	0	2
14	0	0	0	0	0	0	0	0	0	0	0	0	0	2
15	0	0	0	0	0	0	0	0	0	0	0	0	0	2
16	0	0	0	0	0	0	0	0	0	0	0	0	0	2
17	0	0	0	0	0	0	0	0	0	0	0	0	0	2
18	1	1	1	1	1	1	1	1	1	1	1	1	1	1
19	0	0	0	0	0	0	0	0	0	0	0	0	0	2
20	0	0	0	0	0	0	0	0	0	0	0	0	0	2
21	1	1	1	1	1	1	1	1	1	1	1	1	1	1
22	1	1	1	1	1	1	1	1	1	1	1	1	1	1
23	0	0	0	0	0	0	0	0	0	0	0	0	0	2
24	0	0	0	0	0	0	0	0	0	0	0	0	0	2
25	0	0	0	0	0	0	0	0	0	0	0	0	0	2
26	0	0	0	0	0	0	0	0	0	0	0	0	0	2
27	0	0	0	0	0	0	0	0	0	0	0	0	0	2
28	0	0	0	0	0	0	0	0	0	0	0	0	0	2
41	0	0	0	0	0	0	0	0	0	0	0	0	0	2
42	0	0	0	0	0	0	0	0	0	0	0	0	0	2
43	1	1	1	1	1	1	1	1	1	1	1	1	1	1
44	2	2	2	2	2	2	2	2	2	1	2	2	2	0
45	0	0	0	0	0	0	0	0	0	0	0	0	0	2
46	0	0	0	0	0	0	0	0	0	0	0	0	0	2
47	0	0	0	0	0	0	0	0	0	0	0	0	0	2
48	0	0	0	0	0	0	0	0	0	0	0	0	0	2
49	0	0	0	0	0	0	0	0	0	0	0	0	0	2
50	1	1	1	1	1	1	1	1	1	1	1	1	1	1
51	0	0	0	0	0	0	0	0	0	0	0	0	0	2
52	0	0	0	0	0	0	0	0	0	0	0	0	0	2
53	0	0	0	0	0	0	0	0	0	0	0	0	0	2
54	1	1	1	1	1	1	1	1	1	1	1	1	1	1
55	0	0	0	0	0	0	0	0	0	0	0	0	0	2
56	1	1	1	1	1	0	0	0	0	0	0	0	0	2
57	1	1	1	1	1	1	1	1	1	1	1	1	1	1
58	0	0	0	0	0	0	0	0	0	0	0	0	0	2
59	1	1	1	1	1	1	1	1	1	1	1	1	1	1
60	0	0	0	0	0	0	0	0	0	0	0	0	0	2
61	0	0	0	0	0	0	0	0	0	0	0	0	0	2
62	0	0	0	0	0	0	0	0	0	0	0	0	0	2
63	0	0	0	0	0	0	0	0	0	0	0	0	0	2
64	0	0	0	0	0	0	0	0	0	0	0	0	0	2
65	0	0	0	0	0	0	0	0	0	0	0	0	0	2
66	0	0	0	0	0	0	0	0	0	0	0	0	0	2
67	0	0	0	0	0	0	0	0	0	0	0	0	0	2
68	0	0	0	0	0	0	0	0	0	0	0	0	0	2
69	0	0	0	0	0	0	0	0	0	0	0	0	0	2
70	0	0	0	0	0	0	0	0	0	0	0	0	0	2
71	0	0	0	0	0	0	0	0	0	0	0	0	0	2
72	0	0	0	0	0	0	0	0	0	0	0	0	0	2
73	0	0	0	0	0	0	0	0	0	0	0	0	0	2
74	1	1	1	1	1	0	0	0	0	0	0	0	0	2
75	0	0	0	0	0	0	0	0	0	0	0	0	0	2
76	1	1	1	1	1	0	0	0	0	0	0	0	0	2
77	0	0	0	0	0	0	0	0	0	0	0	0	0	2
78	0	0	0	0	0	0	0	0	0	0	0	0	0	2
79	0	0	0	0	0	0	0	0	0	0	0	0	0	2
80	0	0	0	0	0	0	0	0	0	0	0	0	0	2
81	0	0	0	0	0	0	0	0	0	0	0	0	0	2
82	1	1	1	1	1	1	1	1	1	1	1	1	1	1
83	1	1	1	1	1	1	1	1	1	1	1	1	1	1
84	0	0	0	0	0	0	0	0	0	0	0	0	0	2
85	0	0	0	0	0	0	0	0	0	0	0	0	0	2
86	0	0	0	0	0	0	0	0	0	0	0	0	0	2
87	0	0	0	0	0	0	0	0	0	0	0	0	0	2
88	0	0	0	0	0	0	0	0	0	0	0	0	0	2
89	1	1	1	1	1	1	1	1	1	1	1	1	1	1
90	0	0	0	0	0	0	0	0	0	0	0	0	0	2
91	0	0	0	0	0	0	0	0	0	0	0	0	0	2
92	1	1	1	1	1	1	1	1	1	1	1	1	1	1
93	0	0	0	0	0	0	0	0	0	0	0	0	0	2
94	0	0	0	0	0	0	0	0	0	0	0	0	0	2
95	0	0	0	0	0	0	0	0	0	0	0	0	0	2
96	1	1	1	1	1	1	1	1	1	1	1	1	1	1
97	0	0	0	0	0	0	0	0	0	0	0	0	0	2
98	1	1	1	1	1	0	0	0	0	0	0	0	0	2
99	0	0	0	0	0	0	0	0	0	0	0	0	0	2
100	0	0	0	0	0	0	0	0	0	0	0	0	0	2
101	0	0	0	0	0	0	0	0	0	0	0	0	0	2
102	0	0	0	0	0	0	0	0	0	0	0	0	0	2
103	0	0	0	0	0	0	0	0	0	0	0	0	0	2
104	0	0	0	0	0	0	0	0	0	0	0	0	0	2
105	0	0	0	0	0	0	0	0	0	0	0	0	0	2
106	0	0	0	0	0	0	0	0	0	0	0	0	0	2
107	0	0	0	0	0	0	0	0	0	0	0	0	0	2
108	0	0	0	0	0	0	0	0	0	0	0	0	0	2
109	0	0	0	0	0	0	0	0	0	0	0	0	0	2
110	0	0	0	0	0	0	0	0	0	0	0	0	0	2
111	0	0	0	0	0	0	0	0	0	0	0	0	0	2
112	0	0	0	0	0	0	0	0	0	0	0	0	0	2
113	0	0	0	0	0	0	0	0	0	0	0	0	0	2
114	0	0	0	0	0	0	0	0	0	0	0	0	0	2
115	1	1	1	1	1	1	1	1	1	1	1	1	1	1
117	0	0	0	0	0	0	0	0	0	0	0	0	0	2
118	1	1	1	1	1	1	1	1	1	1	1	1	1	1
119	0	0	0	0	0	0	0	0	0	0	0	0	0	2
120	0	0	0	0	0	0	0	0	0	0	0	0	0	2
121	1	1	1	1	1	0	0	0	0	0	0	0	0	2
122	0	0	0	0	0	0	0	0	0	0	0	0	0	2
123	0	0	0	0	0	0	0	0	0	0	0	0	0	2
124	0	0	0	0	0	0	0	0	0	0	0	0	0	2
125	0	0	0	0	0	0	0	0	0	0	0	0	0	2
126	0	0	0	0	0	0	0	0	0	0	0	0	0	2
127	0	0	0	0	0	0	0	0	0	0	0	0	0	2
128	0	0	0	0	0	0	0	0	0	0	0	0	0	2
129	0	0	0	0	0	0	0	0	0	0	0	0	0	2
130	0	0	0	0	0	0	0	0	0	0	0	0	0	2
131	0	0	0	0	0	0	0	0	0	0	0	0	0	2
132	0	0	0	0	0	0	0	0	0	0	0	0	0	2
133	1	1	1	1	1	0	0	0	0	0	0	0	0	2
134	0	0	0	0	0	0	0	0	0	0	0	0	0	2
135	1	1	1	1	1	1	1	1	1	1	1	1	1	1
136	0	0	0	0	0	0	0	0	0	0	0	0	0	2
137	0	0	0	0	0	0	0	0	0	0	0	0	0	2
138	0	0	0	0	0	0	0	0	0	0	0	0	0	2
139	0	0	0	0	0	0	0	0	0	0	0	0	0	2
140	1	1	1	1	1	1	1	1	1	1	1	1	1	1
141	0	0	0	0	0	0	0	0	0	0	0	0	0	2
142	0	0	0	0	0	0	0	0	0	0	0	0	0	2
143	0	0	0	0	0	0	0	0	0	0	0	0	0	2
144	0	0	0	0	0	0	0	0	0	0	0	0	0	2
145	0	0	0	0	0	0	0	0	0	0	0	0	0	2
146	0	0	0	0	0	0	0	0	0	0	0	0	0	2
147	1	1	1	1	1	1	1	1	1	1	1	1	1	1
148	0	0	0	0	0	0	0	0	0	0	0	0	0	2
149	0	0	0	0	0	0	0	0	0	0	0	0	0	2
150	1	1	1	1	1	1	1	1	1	1	1	1	1	1
151	0	0	0	0	0	0	0	0	0	0	0	0	0	2
152	0	0	0	0	0	0	0	0	0	0	0	0	0	2
153	0	0	0	0	0	0	0	0	0	0	0	0	0	2
154	0	0	0	0	0	0	0	0	0	0	0	0	0	2
155	1	1	1	1	1	1	1	1	1	1	1	1	1	1
156	0	0	0	0	0	0	0	0	0	0	0	0	0	2
157	0	0	0	0	0	0	0	0	0	0	0	0	0	2
158	0	0	0	0	0	0	0	0	0	0	0	0	0	2
159	0	0	0	0	0	0	0	0	0	0	0	0	0	2
160	0	0	0	0	0	0	0	0	0	0	0	0	0	2
161	0	0	0	0	0	0	0	0	0	0	0	0	0	2
162	0	0	0	0	0	0	0	0	0	0	0	0	0	2
163	0	0	0	0	0	0	0	0	0	0	0	0	0	2
164	0	0	0	0	0	0	0	0	0	0	0	0	0	2
165	1	1	1	1	1	1	1	1	1	1	1	1	1	1
166	0	0	0	0	0	0	0	0	0	0	0	0	0	2
167	0	0	0	0	0	0	0	0	0	0	0	0	0	2
168	0	0	0	0	0	0	0	0	0	0	0	0	0	2
169	0	0	0	0	0	0	0	0	0	0	0	0	0	2
170	2	2	2	2	2	1	1	1	1	1	1	1	1	1
171	0	0	0	0	0	0	0	0	0	0	0	0	0	2
172	0	0	0	0	0	0	0	0	0	0	0	0	0	2
173	0	0	0	0	0	0	0	0	0	0	0	0	0	2
174	0	0	0	0	0	0	0	0	0	0	0	0	0	2
175	0	0	0	0	0	0	0	0	0	0	0	0	0	2
176	0	0	0	0	0	0	0	0	0	0	0	0	0	2
177	0	0	0	0	0	0	0	0	0	0	0	0	0	2
178	0	0	0	0	0	0	0	0	0	0	0	0	0	2
179	0	0	0	0	0	0	0	0	0	0	0	0	0	2
180	0	0	0	0	0	0	0	0	0	0	0	0	0	2
181	0	0	0	0	0	0	0	0	0	0	0	0	0	2
182	0	0	0	0	0	0	0	0	0	0	0	0	0	2
183	0	0	0	0	0	0	0	0	0	0	0	0	0	2
184	1	1	1	1	1	1	1	1	1	1	1	1	1	1
185	0	0	0	0	0	0	0	0	0	0	0	0	0	2
186	0	0	0	0	0	0	0	0	0	0	0	0	0	2
187	0	0	0	0	0	0	0	0	0	0	0	0	0	2
188	0	0	0	0	0	0	0	0	0	0	0	0	0	2
189	0	0	0	0	0	0	0	0	0	0	0	0	0	2
190	0	0	0	0	0	0	0	0	0	0	0	0	0	2
191	0	0	0	0	0	0	0	0	0	0	0	0	0	2
192	0	0	0	0	0	0	0	0	0	0	0	0	0	2
193	0	0	0	0	0	0	0	0	0	0	0	0	0	2
194	0	0	0	0	0	0	0	0	0	0	0	0	0	2
195	0	0	0	0	0	0	0	0	0	0	0	0	0	2
196	1	1	1	1	1	1	1	1	1	1	1	1	1	1
197	0	0	0	0	0	0	0	0	0	0	0	0	0	2
198	1	1	1	1	1	1	1	1	0	0	0	0	0	2
199	0	0	0	0	0	0	0	0	0	0	0	0	0	2
200	0	0	0	0	0	0	0	0	0	0	0	0	0	2
201	0	0	0	0	0	0	0	0	0	0	0	0	0	2
202	1	1	1	1	1	0	0	0	0	0	0	0	0	2
203	0	0	0	0	0	0	0	0	0	0	0	0	0	2
204	0	0	0	0	0	0	0	0	0	0	0	0	0	2
205	1	1	1	1	1	0	0	0	0	0	0	0	0	2
206	0	0	0	0	0	0	0	0	0	0	0	0	0	2
207	0	0	0	0	0	0	0	0	0	0	0	0	0	2
208	1	1	1	1	1	1	1	1	1	1	1	1	1	1
209	0	0	0	0	0	0	0	0	0	0	0	0	0	2
210	0	0	0	0	0	0	0	0	0	0	0	0	0	2
211	1	1	1	1	1	0	0	1	1	0	1	1	1	1
212	0	0	0	0	0	0	0	0	0	0	0	0	0	2
213	0	0	0	0	0	0	0	0	0	0	0	0	0	2
214	0	0	0	0	0	0	0	0	0	0	0	0	0	2
215	1	1	1	1	1	0	0	0	0	0	0	0	0	2
216	0	0	0	0	0	0	0	0	0	0	0	0	0	2
217	0	0	0	0	0	0	0	0	0	0	0	0	0	2
218	0	0	0	0	0	0	0	0	0	0	0	0	0	2
219	0	0	0	0	0	0	0	0	0	0	0	0	0	2
220	0	0	0	0	0	0	0	0	0	0	0	0	0	2
222	0	0	0	0	0	0	0	0	0	0	0	0	0	2
223	0	1	1	1	1	1	1	1	1	1	1	1	1	1
224	0	0	0	0	0	0	0	0	0	0	0	0	0	2
225	0	0	0	0	0	0	0	0	0	0	0	0	0	2
226	0	0	0	0	0	0	0	0	0	0	0	0	0	2
227	0	0	0	0	0	0	0	0	0	0	0	0	0	2
228	0	0	0	0	0	0	0	0	0	0	0	0	0	2
229	0	0	0	0	0	0	0	0	0	0	0	0	0	2
230	0	0	0	0	0	0	0	0	0	0	0	0	0	2
231	0	0	0	0	0	0	0	0	0	0	0	0	0	2
232	0	0	0	0	0	0	0	0	0	0	0	0	0	2
233	0	0	0	0	0	0	0	0	0	0	0	0	0	2
234	1	1	1	1	1	0	0	0	0	0	0	0	0	2
235	0	0	0	0	0	0	0	0	0	0	0	0	0	2
236	0	0	0	0	0	0	0	0	0	0	0	0	0	2
237	0	0	0	0	0	0	0	0	0	0	0	0	0	2
238	0	0	0	0	0	0	0	0	0	0	0	0	0	2
239	0	0	0	0	0	0	0	0	0	0	0	0	0	2
240	1	1	1	1	1	0	0	0	0	0	0	0	0	2
241	0	0	0	0	0	0	0	0	0	0	0	0	0	2
242	0	0	0	0	0	0	0	0	0	0	0	0	0	2
243	0	0	0	0	0	0	0	0	0	0	0	0	0	2
244	0	0	0	0	0	0	0	0	0	0	0	0	0	2
245	1	1	1	1	1	0	0	0	0	0	0	0	0	2
246	0	0	0	0	0	0	0	0	0	0	0	0	0	2
247	0	0	0	0	0	0	0	0	0	0	0	0	0	2
248	0	0	0	0	0	0	0	0	0	0	0	0	0	2
249	0	0	0	0	0	0	0	0	0	0	0	0	0	2
250	0	0	0	0	0	0	0	0	0	0	0	0	0	2
251	1	1	1	1	1	1	1	1	1	1	1	1	1	1
252	0	0	0	0	0	0	0	0	0	0	0	0	0	2
253	0	0	0	0	0	0	0	0	0	0	0	0	0	2
254	0	0	0	0	0	0	0	0	0	0	0	0	0	2
255	0	0	0	0	0	0	0	0	0	0	0	0	0	2
256	0	0	0	0	0	0	0	0	0	0	0	0	0	2
257	0	0	0	0	0	0	0	0	0	0	0	0	0	2
258	0	0	0	0	0	0	0	0	0	0	0	0	0	2
259	0	0	0	0	0	0	0	0	0	0	0	0	0	2
260	0	0	0	0	0	0	0	0	0	0	0	0	0	2
261	0	0	0	0	0	0	0	0	0	0	0	0	0	2
262	1	1	1	1	1	1	1	1	1	1	1	1	1	1
263	0	0	0	0	0	0	0	0	0	0	0	0	0	2
264	0	0	0	0	0	0	0	0	0	0	0	0	0	2
265	0	0	0	0	0	0	0	0	0	0	0	0	0	2
266	1	1	1	1	1	1	1	1	1	1	1	1	1	1
267	0	0	0	0	0	0	0	0	0	0	0	0	0	2
268	0	0	0	0	0	1	1	1	1	1	1	1	1	1
269	0	0	0	0	0	0	0	0	0	0	0	0	0	2
270	0	0	0	0	0	0	0	0	0	0	0	0	0	2
271	0	0	0	0	0	0	0	0	0	0	0	0	0	2
272	0	0	0	0	0	0	0	0	0	0	0	0	0	2
273	0	0	0	0	0	0	0	0	0	0	0	0	0	2
274	0	0	0	0	0	0	0	0	0	0	0	0	0	2
275	0	0	0	0	0	0	0	0	0	0	0	0	0	2
276	0	0	0	0	0	0	0	0	0	0	0	0	0	2
277	0	0	0	0	0	0	0	0	0	0	0	0	0	2
278	0	0	0	0	0	0	0	0	0	0	0	0	0	2
279	0	0	0	0	0	0	0	0	0	0	0	0	0	2
280	1	1	1	1	1	1	1	1	1	1	1	1	1	1
281	0	0	0	0	0	0	0	0	0	0	0	0	0	2
282	2	2	2	2	2	1	1	1	1	1	1	1	1	1
283	0	0	0	0	0	0	0	0	0	0	0	0	0	2
284	0	0	0	0	0	0	0	0	0	0	0	0	0	2
285	0	0	0	0	0	0	0	0	0	0	0	0	0	2
286	0	0	0	0	0	0	0	0	0	0	0	0	0	2
287	0	0	0	0	0	0	0	0	0	0	0	0	0	2
288	0	0	0	0	0	0	0	0	0	0	0	0	0	2
289	0	0	0	0	0	0	0	0	0	0	0	0	0	2
290	0	0	0	0	0	0	0	0	0	0	0	0	0	2
291	0	0	0	0	0	0	0	0	0	0	0	0	0	2
292	0	0	0	0	0	0	0	0	0	0	0	0	0	2
293	0	0	0	0	0	0	0	0	0	0	0	0	0	2
294	0	0	0	0	0	0	0	0	0	0	0	0	0	2
295	0	0	0	0	0	0	0	0	0	0	0	0	0	2
373	0	0	0	0	0	0	0	0	0	0	0	0	0	2
374	0	0	0	0	0	0	0	0	0	0	0	0	0	2
375	0	0	0	0	0	0	0	0	0	0	0	0	0	2
376	0	0	0	0	0	0	0	0	0	0	0	0	0	2
377	0	0	0	0	0	0	0	0	0	0	0	0	0	2
378	0	0	0	0	0	0	0	0	0	0	0	0	0	2
379	0	0	0	0	0	0	0	0	0	0	0	0	0	2
380	0	0	0	0	0	0	0	0	0	0	0	0	0	2
381	0	0	0	0	0	0	0	0	0	0	0	0	0	2
382	1	1	1	1	1	1	1	1	1	1	1	1	1	1
383	0	0	0	0	0	0	0	0	0	0	0	0	0	2
384	1	1	1	1	1	0	0	0	0	0	0	0	0	2
385	0	0	0	0	0	0	0	0	0	0	0	0	0	2
386	0	0	0	0	0	0	0	0	0	0	0	0	0	2
387	0	0	0	0	0	0	0	0	0	0	0	0	0	2
388	0	0	0	0	0	0	0	0	0	0	0	0	0	2
389	0	0	0	0	0	0	0	0	0	0	0	0	0	2
390	0	0	0	0	0	0	0	0	0	0	0	0	0	2
391	0	0	0	0	0	0	0	0	0	0	0	0	0	2
392	0	0	0	0	0	0	0	0	0	0	0	0	0	2
393	0	0	0	0	0	0	0	0	0	0	0	0	0	2
394	0	0	0	0	0	0	0	0	0	0	0	0	0	2
395	0	0	0	0	0	0	0	0	0	0	0	0	0	2
396	0	0	0	0	0	0	0	0	0	0	0	0	0	2
397	0	0	0	0	0	0	0	0	0	0	0	0	0	2
398	0	0	0	0	0	0	0	0	0	0	0	0	0	2
399	0	0	0	0	0	0	0	0	0	0	0	0	0	2
400	0	0	0	0	0	0	0	0	0	0	0	0	0	2
401	0	0	0	0	0	0	0	0	0	0	0	0	0	2
402	0	0	0	0	0	0	0	0	0	0	0	0	0	2
403	0	0	0	0	0	0	0	0	0	0	0	0	0	2
404	0	0	0	0	0	0	0	0	0	0	0	0	0	2
405	0	0	0	0	0	0	0	0	0	0	0	0	0	2
406	0	0	0	0	0	0	0	0	0	0	0	0	0	2
407	0	0	0	0	0	0	0	0	0	0	0	0	0	2
408	0	0	0	0	0	0	0	0	0	0	0	0	0	2
409	0	0	0	0	0	0	0	0	0	0	0	0	0	2
410	0	0	0	0	0	0	0	0	0	0	0	0	0	2
411	0	0	0	0	0	0	0	0	0	0	0	0	0	2
412	0	0	0	0	0	0	0	0	0	0	0	0	0	2
413	0	0	0	0	0	0	0	0	0	0	0	0	0	2
414	0	0	0	0	0	0	0	0	0	0	0	0	0	2
415	1	1	1	1	1	0	0	0	0	0	0	0	0	2
416	0	0	0	0	0	0	0	0	0	0	0	0	0	2
417	1	1	1	1	1	1	1	1	1	1	1	1	1	1
418	0	0	0	0	0	0	0	0	0	0	0	0	0	2
419	0	0	0	0	0	0	0	0	0	0	0	0	0	2
420	0	0	0	0	0	0	0	0	0	0	0	0	0	2
421	0	0	0	0	0	0	0	0	0	0	0	0	0	2
422	0	0	0	0	0	0	0	0	0	0	0	0	0	2
423	0	0	0	0	0	0	0	0	0	0	0	0	0	2
424	0	0	0	0	0	0	0	0	0	0	0	0	0	2
425	0	0	0	0	0	0	0	0	0	0	0	0	0	2
426	1	1	1	1	1	1	1	1	1	1	1	1	1	1
427	1	1	1	1	1	1	1	1	1	1	1	1	1	1
428	1	1	1	1	1	0	0	0	0	0	0	0	0	2
429	1	1	1	1	1	0	0	0	0	0	0	0	0	2
430	0	0	0	0	0	0	0	0	0	0	0	0	0	2
431	1	1	1	1	1	1	1	1	1	1	1	1	1	1
432	0	0	0	0	0	0	0	0	0	0	0	0	0	2
433	0	0	0	0	0	0	0	0	0	0	0	0	0	2
434	0	0	0	0	0	0	0	0	0	0	0	0	0	2
435	0	0	0	0	0	0	0	0	0	0	0	0	0	2
436	0	0	0	0	0	0	0	0	0	0	0	0	0	2
437	0	0	0	0	0	0	0	0	0	0	0	0	0	2
438	1	1	0	0	1	0	0	0	0	0	0	0	0	2
439	0	0	0	0	0	0	0	0	0	0	0	0	0	2
440	0	0	0	0	0	0	0	0	0	0	0	0	0	2
441	0	0	0	0	0	0	0	0	0	0	0	0	0	2
442	1	1	1	1	1	1	1	1	1	1	1	1	1	1
443	0	0	0	0	0	0	0	0	0	0	0	0	0	2
444	1	1	1	1	1	1	1	1	1	1	1	1	1	1
445	1	1	1	1	1	1	1	1	1	1	1	1	1	1
446	0	0	0	0	0	0	0	0	0	0	0	0	0	2
447	0	0	0	0	0	0	0	0	0	0	0	0	0	2
448	0	0	0	0	0	0	0	0	0	0	0	0	0	2
449	0	0	0	0	0	0	0	0	0	0	0	0	0	2
450	0	0	0	0	0	0	0	0	0	0	0	0	0	2
451	0	0	0	0	0	0	0	0	0	0	0	0	0	2
452	0	0	0	0	0	0	0	0	0	0	0	0	0	2
453	1	1	1	1	1	1	1	1	1	1	1	1	1	1
454	1	1	1	1	1	0	0	0	0	0	0	0	0	2
455	0	0	0	0	0	0	0	0	0	0	0	0	0	2
456	0	0	0	0	0	0	0	0	0	0	0	0	0	2
457	0	0	0	0	0	0	0	0	0	0	0	0	0	2
458	1	1	1	1	1	1	1	1	1	1	1	1	1	1
459	0	0	0	0	0	0	0	0	0	0	0	0	0	2
460	0	0	0	0	0	0	0	0	0	0	0	0	0	2
461	1	1	1	1	1	1	1	1	1	1	1	1	1	1
462	0	0	0	0	0	0	0	0	0	0	0	0	0	2
463	0	0	0	0	0	0	0	0	0	0	0	0	0	2
464	1	1	1	1	1	1	1	1	1	1	1	1	1	1
