29	1
30	0
31	1
32	1
33	0
34	0
35	0
36	0
37	0
38	0
39	0
40	0
296	0
297	0
298	0
299	0
300	0
301	0
302	0
303	0
304	0
305	0
306	0
307	0
308	0
309	0
310	0
311	0
312	1
313	0
314	0
315	0
316	0
317	0
318	1
319	0
320	0
321	0
322	0
323	0
324	1
325	0
326	0
327	0
328	0
329	0
330	0
331	0
332	0
333	0
334	0
335	0
336	1
337	0
338	0
339	0
340	0
341	0
342	0
343	0
344	0
345	0
346	0
347	0
348	0
349	0
350	1
351	0
352	0
353	1
354	0
355	0
356	2
357	0
358	1
359	1
360	1
361	0
362	0
363	0
364	0
365	0
366	0
367	0
368	1
369	0
370	0
371	1
372	1
