0	1
2	2
3	1
4	1
5	2
6	2
7	2
8	1
9	1
10	2
11	2
12	2
13	1
14	2
15	2
16	1
17	2
18	2
19	1
20	2
21	1
22	1
23	0
24	2
25	1
26	2
27	1
28	2
41	2
42	2
43	2
44	2
45	1
46	2
47	1
48	1
49	1
50	2
51	2
52	2
53	2
54	2
55	1
56	2
57	2
58	2
59	1
60	2
61	1
62	1
63	2
64	2
65	1
66	1
67	2
68	2
69	1
70	2
71	0
72	1
73	2
74	0
75	2
76	2
77	2
78	1
79	1
80	2
81	1
82	1
83	2
84	2
85	2
86	1
87	2
88	2
89	2
90	1
91	1
92	1
93	2
94	0
95	1
96	1
97	0
98	1
99	1
100	1
101	2
102	2
103	1
104	2
105	0
106	1
107	1
108	0
109	1
110	2
111	1
112	2
113	2
114	1
115	2
117	2
118	2
119	2
120	2
121	1
122	0
123	1
124	1
125	2
126	1
127	1
128	0
129	2
130	2
131	2
132	2
133	1
134	1
135	2
136	1
137	1
138	1
139	0
140	1
141	2
142	2
143	2
144	2
145	2
146	2
147	2
148	1
149	1
150	1
151	1
152	0
153	2
154	1
155	1
156	1
157	1
158	1
159	1
160	2
161	2
162	0
163	1
164	1
165	1
166	1
167	1
168	1
169	1
170	1
171	1
172	1
173	1
174	1
175	1
176	2
177	2
178	2
179	2
180	2
181	2
182	0
183	1
184	1
185	2
186	1
187	2
188	1
189	2
190	1
191	2
192	1
193	2
194	1
195	1
196	1
197	0
198	1
199	1
200	2
201	1
202	0
203	1
204	2
205	2
206	2
207	1
208	2
209	2
210	1
211	2
212	2
213	2
214	2
215	2
216	1
217	1
218	0
219	2
220	2
222	2
223	2
224	1
225	1
226	2
227	2
228	1
229	1
230	2
231	2
232	2
233	1
234	1
235	1
236	1
237	1
238	2
239	2
240	1
241	2
242	2
243	1
244	2
245	1
246	2
247	2
248	1
249	2
250	0
251	2
252	2
253	2
254	2
255	1
256	2
257	2
258	2
259	2
260	2
261	2
262	0
263	1
264	1
265	1
266	1
267	1
268	2
269	1
270	2
271	0
272	0
273	2
274	2
275	0
276	1
277	1
278	2
279	2
280	1
281	2
282	1
283	2
284	0
285	2
286	1
287	2
288	2
289	1
290	0
291	0
292	2
293	1
294	1
295	2
373	1
374	0
375	1
376	1
377	2
378	0
379	0
380	1
381	0
382	0
383	2
384	2
385	2
386	1
387	2
388	1
389	2
390	1
391	1
392	1
393	2
394	1
395	1
396	1
397	1
398	0
399	2
400	1
401	1
402	1
403	1
404	1
405	1
406	2
407	2
408	1
409	2
410	0
411	2
412	0
413	2
414	2
415	2
416	1
417	1
418	1
419	1
420	2
421	2
422	1
423	2
424	1
425	1
426	2
427	1
428	1
429	0
430	1
431	2
432	1
433	1
434	0
435	1
436	0
437	1
438	2
439	1
440	2
441	2
442	2
443	2
444	2
445	2
446	2
447	2
448	2
449	2
450	2
451	2
452	1
453	0
454	2
455	1
456	2
457	1
458	1
459	0
460	2
461	1
462	1
463	1
464	0
