29	1
30	1
31	0
32	0
33	1
34	1
35	0
36	0
37	1
38	0
39	1
40	0
296	1
297	1
298	1
299	0
300	1
301	0
302	2
303	0
304	0
305	1
306	0
307	1
308	2
309	1
310	0
311	0
312	1
313	0
314	1
315	0
316	0
317	0
318	0
319	1
320	0
321	0
322	1
323	1
324	0
325	0
326	0
327	0
328	1
329	0
330	0
331	1
332	0
333	0
334	0
335	1
336	0
337	0
338	1
339	1
340	0
341	0
342	2
343	1
344	1
345	0
346	1
347	1
348	1
349	1
350	1
351	1
352	1
353	0
354	0
355	0
356	1
357	0
358	1
359	0
360	0
361	2
362	1
363	1
364	0
365	0
366	1
367	1
368	1
369	0
370	0
371	1
372	2
