0	2
2	1
3	2
4	1
5	1
6	0
7	2
8	2
9	2
10	1
11	2
12	2
13	1
14	2
15	2
16	1
17	0
18	2
19	2
20	2
21	1
22	2
23	1
24	0
25	1
26	2
27	2
28	2
41	0
42	1
43	2
44	0
45	0
46	0
47	0
48	2
49	1
50	2
51	2
52	1
53	2
54	1
55	2
56	1
57	1
58	0
59	1
60	1
61	2
62	2
63	2
64	1
65	1
66	1
67	2
68	2
69	0
70	2
71	2
72	1
73	1
74	1
75	1
76	1
77	2
78	1
79	2
80	0
81	2
82	0
83	0
84	1
85	1
86	2
87	2
88	1
89	2
90	1
91	1
92	2
93	1
94	1
95	1
96	1
97	1
98	1
99	1
100	1
101	2
102	1
103	1
104	2
105	2
106	2
107	0
108	2
109	2
110	1
111	0
112	1
113	1
114	1
115	1
117	0
118	1
119	0
120	1
121	0
122	1
123	1
124	0
125	1
126	0
127	2
128	1
129	1
130	1
131	1
132	0
133	0
134	1
135	1
136	1
137	1
138	0
139	2
140	0
141	1
142	2
143	1
144	1
145	0
146	0
147	0
148	1
149	2
150	1
151	1
152	2
153	1
154	2
155	1
156	1
157	1
158	2
159	1
160	1
161	1
162	1
163	1
164	1
165	0
166	2
167	2
168	1
169	1
170	2
171	2
172	2
173	2
174	1
175	1
176	1
177	0
178	0
179	2
180	1
181	1
182	2
183	2
184	1
185	1
186	1
187	1
188	1
189	2
190	0
191	2
192	2
193	1
194	1
195	2
196	2
197	2
198	0
199	2
200	1
201	1
202	2
203	2
204	0
205	0
206	2
207	1
208	1
209	2
210	1
211	1
212	1
213	1
214	1
215	0
216	2
217	2
218	2
219	2
220	1
222	0
223	1
224	1
225	2
226	2
227	1
228	1
229	1
230	2
231	2
232	2
233	1
234	2
235	1
236	0
237	1
238	2
239	2
240	1
241	1
242	2
243	1
244	2
245	1
246	0
247	2
248	0
249	2
250	1
251	1
252	1
253	1
254	1
255	0
256	2
257	1
258	0
259	1
260	2
261	2
262	2
263	1
264	1
265	0
266	0
267	1
268	0
269	1
270	0
271	1
272	0
273	1
274	1
275	0
276	0
277	1
278	1
279	2
280	1
281	2
282	0
283	2
284	1
285	0
286	1
287	2
288	1
289	2
290	0
291	2
292	1
293	1
294	1
295	1
373	0
374	0
375	2
376	1
377	1
378	1
379	1
380	1
381	1
382	0
383	1
384	2
385	2
386	2
387	1
388	2
389	1
390	0
391	2
392	1
393	1
394	0
395	0
396	0
397	2
398	1
399	1
400	1
401	1
402	0
403	2
404	1
405	1
406	0
407	2
408	0
409	1
410	1
411	1
412	1
413	1
414	1
415	2
416	1
417	0
418	1
419	1
420	0
421	1
422	2
423	1
424	1
425	2
426	1
427	1
428	2
429	1
430	2
431	0
432	1
433	0
434	2
435	1
436	2
437	2
438	0
439	1
440	1
441	2
442	2
443	1
444	1
445	1
446	0
447	0
448	1
449	2
450	2
451	0
452	1
453	0
454	2
455	0
456	1
457	1
458	1
459	1
460	1
461	1
462	2
463	1
464	0
