29	0	0
30	0	0
31	0	0
32	0	0
33	0	1
34	0	0
35	1	1
36	0	0
37	0	0
38	0	0
39	0	0
40	0	0
296	0	0
297	0	0
298	0	0
299	0	0
300	0	0
301	0	0
302	0	0
303	0	0
304	0	0
305	0	0
306	0	0
307	0	1
308	0	0
309	1	1
310	0	0
311	1	0
312	0	0
313	1	1
314	0	0
315	0	0
316	0	0
317	0	0
318	1	1
319	0	0
320	0	0
321	0	0
322	0	0
323	0	0
324	0	0
325	0	0
326	0	0
327	0	0
328	0	0
329	1	1
330	0	0
331	0	0
332	0	2
333	0	0
334	0	1
335	0	0
336	0	0
337	0	0
338	0	0
339	0	0
340	0	0
341	0	0
342	0	0
343	1	1
344	0	0
345	0	0
346	0	0
347	1	1
348	0	1
349	0	0
350	0	0
351	0	0
352	0	0
353	0	0
354	1	1
355	0	0
356	0	0
357	0	1
358	0	0
359	0	1
360	0	0
361	0	1
362	1	1
363	0	0
364	0	0
365	0	0
366	0	2
367	0	0
368	0	0
369	1	1
370	0	0
371	0	1
372	0	0
