0	0	0
2	0	0
3	1	1
4	0	0
5	0	0
6	1	1
7	2	2
8	0	0
9	0	0
10	1	1
11	1	1
12	2	2
13	2	2
14	1	1
15	0	0
16	1	1
17	1	1
18	1	1
19	0	0
20	0	0
21	1	1
22	0	0
23	0	0
24	0	0
25	0	0
26	2	2
27	1	1
28	0	0
41	2	1
42	0	0
43	0	0
44	0	0
45	0	1
46	1	1
47	1	1
48	0	0
49	0	0
50	1	0
51	1	1
52	0	0
53	0	0
54	0	0
55	0	0
56	0	0
57	0	0
58	0	0
59	0	0
60	0	0
61	0	0
62	0	0
63	1	1
64	1	1
65	1	0
66	0	0
67	1	1
68	1	1
69	1	1
70	1	1
71	0	0
72	0	0
73	0	0
74	0	0
75	0	0
76	1	0
77	1	0
78	0	0
79	1	1
80	1	1
81	0	0
82	1	1
83	1	0
84	1	0
85	0	0
86	0	0
87	0	0
88	0	0
89	0	0
90	0	0
91	1	0
92	1	0
93	1	0
94	0	0
95	0	0
96	1	1
97	2	2
98	0	0
99	0	0
100	0	0
101	2	2
102	1	0
103	2	2
104	1	1
105	1	1
106	0	0
107	1	1
108	1	1
109	0	0
110	0	1
111	1	1
112	0	0
113	0	0
114	0	0
115	1	0
117	1	1
118	2	2
119	0	0
120	1	0
121	0	0
122	0	0
123	0	1
124	0	0
125	1	0
126	0	0
127	0	0
128	1	1
129	0	0
130	0	0
131	1	1
132	0	0
133	1	1
134	1	0
135	0	0
136	0	0
137	0	0
138	0	0
139	2	2
140	1	1
141	2	1
142	0	0
143	0	0
144	1	1
145	0	0
146	1	0
147	0	0
148	0	0
149	2	2
150	0	0
151	0	0
152	0	0
153	0	0
154	1	0
155	1	1
156	0	0
157	1	0
158	1	1
159	0	0
160	0	0
161	0	0
162	0	0
163	0	0
164	0	0
165	0	0
166	1	1
167	0	0
168	1	1
169	1	1
170	1	1
171	1	1
172	0	0
173	0	0
174	0	0
175	0	0
176	0	0
177	1	1
178	0	0
179	1	1
180	0	0
181	0	0
182	2	2
183	1	1
184	1	1
185	0	0
186	1	1
187	1	1
188	0	0
189	0	0
190	1	1
191	0	0
192	0	0
193	0	0
194	1	1
195	1	1
196	1	1
197	1	1
198	0	0
199	0	0
200	1	1
201	0	0
202	1	2
203	1	1
204	2	2
205	0	0
206	1	0
207	0	0
208	1	1
209	0	0
210	1	0
211	1	0
212	0	1
213	1	0
214	1	0
215	0	0
216	1	1
217	1	0
218	1	1
219	1	0
220	1	1
222	1	0
223	1	1
224	0	0
225	0	0
226	0	0
227	0	0
228	0	0
229	0	0
230	0	0
231	1	0
232	2	2
233	1	1
234	0	0
235	1	1
236	1	1
237	0	0
238	1	1
239	0	0
240	1	1
241	1	1
242	2	2
243	1	1
244	0	0
245	2	2
246	1	1
247	2	2
248	1	1
249	0	0
250	0	0
251	0	0
252	1	0
253	1	1
254	1	0
255	1	0
256	1	0
257	1	1
258	1	1
259	1	1
260	0	0
261	0	0
262	1	0
263	1	0
264	0	0
265	0	0
266	1	0
267	0	0
268	0	0
269	1	1
270	2	2
271	0	0
272	0	0
273	1	1
274	0	0
275	1	0
276	0	0
277	1	1
278	0	0
279	0	0
280	1	1
281	0	0
282	0	0
283	1	1
284	1	0
285	2	2
286	0	0
287	2	1
288	0	0
289	2	2
290	1	0
291	0	0
292	1	1
293	1	1
294	0	0
295	0	0
373	0	0
374	0	0
375	1	1
376	0	0
377	1	1
378	0	0
379	1	1
380	0	0
381	0	0
382	0	1
383	0	0
384	0	0
385	0	0
386	1	1
387	1	0
388	0	0
389	2	1
390	1	1
391	0	0
392	0	0
393	2	0
394	1	0
395	0	0
396	1	0
397	0	0
398	0	0
399	0	0
400	1	1
401	0	0
402	0	0
403	0	0
404	0	0
405	2	1
406	1	1
407	0	0
408	0	0
409	0	0
410	0	0
411	1	0
412	0	0
413	1	1
414	0	0
415	2	1
416	0	0
417	1	1
418	1	1
419	1	1
420	0	0
421	1	1
422	1	0
423	1	1
424	0	0
425	1	1
426	0	0
427	2	1
428	1	0
429	0	0
430	0	0
431	1	1
432	0	0
433	1	0
434	0	0
435	1	1
436	1	1
437	1	1
438	0	0
439	0	0
440	0	0
441	0	0
442	2	0
443	0	0
444	1	0
445	1	0
446	0	0
447	0	0
448	0	0
449	1	0
450	1	0
451	1	0
452	0	0
453	2	2
454	0	0
455	2	1
456	0	0
457	1	1
458	1	1
459	2	1
460	2	1
461	1	1
462	0	0
463	0	0
464	0	0
