29	2	2	0	1	2	1	1	1	0	1	1	1	1	1	1	1	1	0
30	1	1	0	0	1	1	1	1	0	1	1	1	0	0	1	1	1	0
31	1	1	0	1	1	1	1	1	0	1	1	1	1	1	1	1	1	0
32	2	2	0	2	2	2	2	1	0	1	1	1	0	0	1	1	1	1
33	1	1	0	1	1	1	1	1	0	1	1	1	1	1	1	1	1	0
34	1	1	0	0	1	1	0	1	0	0	0	0	1	1	1	2	1	0
35	2	2	0	1	2	2	1	2	0	1	1	1	0	0	0	1	0	0
36	2	2	0	2	2	2	2	2	0	2	2	2	0	0	0	0	0	0
37	1	1	0	1	2	2	2	2	1	1	1	1	1	1	1	1	1	0
38	2	2	0	1	2	2	2	2	0	2	2	2	0	0	0	0	0	0
39	1	1	0	0	1	1	0	1	0	0	0	0	0	0	1	2	1	0
40	1	1	0	1	1	1	1	1	2	1	1	1	1	1	1	1	1	0
296	0	0	0	0	0	1	0	0	0	0	0	0	1	1	2	2	1	0
297	1	1	0	0	1	1	1	1	0	1	1	1	1	1	1	1	1	0
298	2	1	0	1	2	2	2	2	0	2	2	2	0	0	0	0	0	0
299	1	1	0	1	1	1	1	1	1	1	1	1	1	1	1	1	1	1
300	1	1	0	1	1	1	1	1	0	1	1	1	0	0	1	1	1	0
301	1	1	0	1	2	2	1	2	0	0	0	0	1	1	1	2	1	0
302	2	2	0	2	2	2	2	2	0	2	2	2	0	0	0	0	0	0
303	1	1	0	1	1	1	1	1	0	1	1	1	1	1	1	1	1	0
304	0	0	0	0	2	2	0	2	0	0	0	0	0	0	0	2	0	0
305	1	1	0	1	1	1	1	1	0	1	1	1	1	1	1	1	1	0
306	1	1	0	1	2	2	2	2	0	1	1	1	1	1	1	1	1	1
307	1	1	0	1	1	1	1	1	0	1	1	1	1	1	1	1	1	1
308	1	1	0	0	0	0	0	0	0	1	1	1	1	1	1	1	1	0
309	1	1	0	1	1	1	1	1	1	1	1	1	1	1	1	1	1	0
310	0	0	0	0	0	0	0	0	0	0	0	0	1	1	2	2	2	0
311	1	1	1	1	1	1	1	1	0	1	1	1	1	1	1	1	1	0
312	1	1	0	1	0	0	0	0	0	0	0	0	1	1	2	2	2	0
313	2	2	0	1	1	2	1	1	0	1	1	1	1	1	1	1	1	0
314	0	0	0	0	1	1	0	1	1	0	0	0	1	1	2	2	1	0
315	0	0	0	0	0	0	0	0	0	0	0	0	0	0	2	2	2	2
316	0	0	0	0	0	0	0	0	0	0	0	0	1	1	2	2	2	0
317	0	0	0	0	0	0	0	0	1	0	0	0	2	2	2	2	2	0
318	2	1	0	1	1	1	1	1	1	1	1	1	1	1	1	1	1	0
319	1	1	0	1	1	1	1	1	0	1	1	1	0	0	1	1	1	0
320	0	0	0	0	0	0	0	0	0	0	0	0	1	1	2	2	2	0
321	1	1	0	1	1	1	1	1	0	1	1	1	1	1	1	1	1	0
322	2	2	0	1	1	1	1	1	0	1	1	1	1	1	1	1	1	0
323	2	2	0	2	2	2	2	2	0	2	2	2	0	0	0	0	0	0
324	2	2	0	1	2	2	2	2	0	1	1	1	1	1	1	1	1	0
325	1	1	0	0	2	2	2	2	0	1	1	1	1	1	1	1	1	0
326	2	2	0	1	2	2	1	2	0	1	1	1	0	0	0	1	0	1
327	1	1	0	1	1	1	1	1	0	2	2	2	0	0	0	0	0	0
328	2	2	0	0	1	1	1	1	0	1	1	1	1	0	1	1	0	0
329	2	2	0	1	1	1	1	1	1	1	1	1	1	1	1	1	1	0
330	1	1	0	0	2	2	1	2	0	1	1	1	0	0	0	1	0	0
331	1	1	0	1	2	2	1	2	0	1	1	1	0	0	0	1	0	0
332	1	1	0	0	1	1	1	1	0	1	1	1	0	0	1	1	1	0
333	1	1	0	1	1	1	1	1	1	1	1	1	1	1	1	1	1	0
334	0	1	0	0	1	1	0	1	1	0	0	0	1	1	1	2	1	0
335	1	1	0	1	1	1	1	1	1	1	1	1	1	1	1	1	1	0
336	0	0	0	1	2	2	1	2	0	1	1	1	0	0	0	1	0	0
337	0	0	0	0	1	1	1	1	0	0	0	0	1	1	2	2	2	1
338	2	2	0	2	2	2	2	2	0	2	2	2	0	0	0	0	0	0
339	2	2	0	1	2	2	2	2	0	2	2	2	0	0	0	0	0	0
340	1	1	0	0	1	1	1	1	0	0	0	0	2	2	2	2	1	0
341	2	2	0	0	1	1	0	1	0	0	0	0	1	1	1	2	1	0
342	2	2	0	2	2	2	2	2	0	2	2	2	0	0	0	0	0	0
343	1	1	0	1	1	1	1	1	0	1	1	1	0	0	1	1	1	0
344	1	1	0	1	1	1	1	1	0	1	1	1	0	0	0	1	0	0
345	0	0	0	1	1	1	1	1	0	1	1	1	1	1	1	1	1	0
346	0	0	0	0	0	0	0	0	0	0	0	0	1	1	2	2	2	0
347	0	0	0	0	1	1	1	1	0	0	0	0	2	2	2	2	1	1
348	2	2	0	1	2	2	2	2	0	2	2	2	0	0	0	0	0	0
349	1	2	0	1	2	2	2	2	0	2	2	2	0	0	0	0	0	0
350	2	2	0	2	2	2	2	2	0	2	2	2	0	0	0	0	0	0
351	1	1	0	1	2	2	1	2	0	1	1	1	0	0	0	1	0	0
352	0	0	1	0	0	0	0	0	0	0	0	0	2	2	2	2	2	0
353	1	1	0	1	1	1	1	1	0	1	1	1	1	1	1	1	0	0
354	2	2	0	2	2	2	2	2	0	2	2	2	0	0	0	0	0	2
355	1	1	0	0	1	1	0	1	1	1	1	1	0	0	0	1	0	0
356	2	2	0	1	2	2	2	2	0	2	2	2	0	0	0	0	0	0
357	1	1	0	1	1	1	1	1	0	1	1	1	0	0	1	1	1	0
358	2	2	0	2	2	2	2	2	0	2	2	2	0	0	0	0	0	0
359	0	0	0	0	0	0	0	0	0	0	0	0	0	0	1	2	1	1
360	2	2	0	2	2	2	2	2	0	2	2	2	0	0	0	0	0	0
361	0	0	0	0	0	0	0	0	0	0	0	0	2	2	2	2	2	1
362	1	1	0	0	2	2	0	2	0	0	0	0	0	0	0	2	0	0
363	2	2	0	2	2	2	2	2	0	2	2	2	0	0	0	0	0	0
364	2	2	0	1	2	2	2	2	0	2	2	2	0	0	0	0	0	1
365	1	2	0	0	0	0	0	0	0	0	0	0	2	2	2	2	2	0
366	2	2	0	1	2	2	2	2	0	2	2	2	0	0	0	0	0	0
367	1	1	0	1	2	2	2	2	1	1	1	1	1	1	1	1	1	0
368	1	0	0	1	1	1	1	1	0	1	1	1	0	0	1	1	1	0
369	1	1	1	1	1	1	1	1	0	1	1	1	1	1	1	1	1	0
370	1	1	0	0	1	1	1	1	0	1	1	1	0	0	1	1	1	0
371	1	1	0	1	1	1	1	1	1	1	1	1	1	1	1	1	1	0
372	0	0	0	0	0	0	0	0	1	0	0	0	2	2	2	2	2	0
