0	1	1	0	1	1	1	1	1	1	1	1	1	1	1	1	1	1	0
2	1	1	0	1	2	2	2	2	0	2	2	2	0	0	0	0	0	0
3	1	0	0	0	1	1	1	1	0	2	1	1	1	1	1	1	1	0
4	1	1	0	2	2	2	2	2	0	2	2	2	0	0	0	0	0	0
5	0	0	1	0	0	0	0	0	1	0	0	0	2	2	2	2	2	0
6	0	0	0	1	1	1	1	1	0	2	2	2	0	0	0	0	0	0
7	0	0	0	0	0	0	0	0	0	1	1	1	1	1	1	1	1	1
8	2	2	0	1	2	2	1	2	0	1	1	1	0	0	0	0	0	1
9	2	2	0	1	2	2	1	2	0	1	1	1	0	0	0	0	0	0
10	1	1	0	2	2	2	2	2	0	2	2	2	0	0	0	0	0	1
11	0	0	1	0	0	0	0	0	1	1	1	1	1	1	1	1	1	0
12	1	1	0	1	1	1	1	1	0	1	1	1	1	1	1	1	1	0
13	1	0	0	0	1	1	1	1	1	1	0	0	2	2	2	2	2	0
14	2	2	0	2	2	2	2	2	0	2	2	2	0	0	0	0	0	0
15	0	0	0	0	0	0	0	0	0	0	0	0	2	2	2	2	2	1
16	1	0	0	0	0	0	0	0	1	0	0	0	2	2	2	2	1	1
17	0	0	0	0	0	0	0	0	1	0	0	0	2	2	2	2	2	0
18	0	0	1	0	0	0	0	0	1	1	1	1	1	1	1	1	1	0
19	1	1	1	1	1	1	1	1	1	1	1	1	1	1	1	1	1	0
20	1	1	0	0	1	1	0	1	0	0	0	0	1	1	1	1	1	0
21	1	1	0	0	1	1	0	1	0	0	0	0	1	1	1	1	1	0
22	0	0	0	0	0	0	0	0	1	0	0	0	2	2	2	2	2	0
23	1	1	1	1	1	1	1	1	1	1	1	1	1	1	1	1	1	1
24	1	1	0	1	1	1	1	1	0	1	1	1	1	1	1	1	1	0
25	2	2	0	1	2	2	1	2	0	1	1	1	0	0	0	0	0	0
26	2	1	0	1	1	1	1	1	0	1	1	1	1	1	1	1	0	0
27	0	0	0	1	1	1	1	1	1	1	1	1	1	1	1	1	1	0
28	1	0	0	0	1	1	1	1	0	1	0	0	2	2	2	2	2	0
41	1	1	0	1	1	1	1	1	0	1	1	1	1	1	1	1	1	0
42	1	1	0	1	0	0	0	0	0	2	2	2	0	0	0	0	0	1
43	1	1	0	1	1	1	1	1	0	1	1	1	1	1	1	1	1	0
44	0	0	1	0	0	0	0	0	0	0	0	0	2	2	2	2	1	0
45	1	1	0	1	1	1	1	1	1	1	1	0	2	2	2	2	2	0
46	0	0	0	0	0	0	0	0	1	0	0	0	2	2	2	2	2	0
47	0	0	0	0	0	0	0	0	1	1	1	1	1	1	1	1	1	0
48	0	0	1	0	0	0	0	0	1	1	1	1	1	1	1	1	1	0
49	1	1	0	1	1	1	1	1	0	2	2	2	0	0	0	0	0	0
50	0	0	0	0	0	0	0	0	0	1	1	1	1	1	1	1	1	0
51	0	0	2	0	0	0	0	0	1	0	0	0	2	1	1	1	1	1
52	0	0	1	0	0	0	0	0	1	0	0	0	2	2	2	2	2	0
53	1	0	0	0	1	1	1	1	0	1	0	0	2	2	2	2	2	1
54	0	0	0	0	0	0	0	0	0	0	0	0	2	2	2	2	2	0
55	0	0	0	0	0	0	0	0	0	1	1	1	1	1	1	1	1	1
56	0	0	2	0	0	0	0	0	2	0	0	0	2	2	2	2	2	0
57	0	0	0	0	0	0	0	0	0	0	0	0	2	2	2	2	2	1
58	0	0	1	0	0	0	0	0	1	0	0	0	2	2	2	2	2	0
59	0	0	0	0	0	0	0	0	0	0	0	0	2	2	2	2	2	0
60	1	1	0	1	1	1	1	1	0	1	1	1	1	1	1	1	1	0
61	0	0	1	0	0	0	0	0	1	0	0	0	2	2	2	2	2	0
62	1	0	0	0	1	1	1	1	0	1	0	0	2	2	2	2	2	0
63	0	0	1	0	0	0	0	0	1	0	0	0	2	2	2	2	2	0
64	0	0	0	0	0	0	0	0	0	0	0	0	2	2	2	2	2	1
65	0	0	0	0	0	0	0	0	0	2	2	2	0	0	0	0	0	0
66	1	0	0	0	1	1	1	1	0	1	0	0	2	2	2	2	2	0
67	0	0	1	0	0	0	0	0	2	0	0	0	2	2	2	2	2	0
68	1	0	0	0	1	1	1	1	0	1	0	0	2	2	2	2	2	0
69	0	0	0	0	0	0	0	0	2	0	0	0	2	2	2	2	2	0
70	0	0	1	0	0	0	0	0	1	0	0	0	2	2	2	2	2	0
71	0	0	0	0	0	0	0	0	0	0	0	0	2	2	2	2	2	0
72	2	1	0	1	2	2	2	2	0	2	1	1	1	2	1	1	1	1
73	0	0	2	0	0	0	0	0	2	0	0	0	2	2	2	2	2	0
74	1	0	0	0	1	1	1	1	1	1	0	0	2	2	2	2	1	1
75	0	0	0	0	0	0	0	0	1	0	0	0	2	2	2	2	2	0
76	0	0	1	0	0	0	0	0	2	0	0	0	2	2	2	2	2	0
77	0	0	0	0	0	0	0	0	1	0	0	0	2	2	2	2	2	0
78	1	0	0	0	1	1	1	1	0	1	0	0	2	2	2	2	2	0
79	2	2	0	2	2	2	2	2	0	2	2	2	0	0	0	0	0	0
80	0	0	0	0	0	0	0	0	0	0	0	0	2	2	2	2	2	0
81	0	0	0	0	0	0	0	0	1	0	0	0	2	2	2	2	2	0
82	0	0	1	0	0	0	0	0	2	0	0	0	2	2	2	2	2	0
83	2	2	0	2	2	2	2	2	0	2	2	2	0	0	0	0	0	0
84	2	1	0	1	2	2	2	2	0	2	1	1	1	1	1	1	1	0
85	0	0	1	0	0	0	0	0	2	0	0	0	2	2	2	2	2	0
86	0	0	0	0	0	0	0	0	0	1	1	1	1	1	1	1	1	0
87	0	0	0	0	0	0	0	0	1	1	1	1	1	1	1	1	1	0
88	1	1	0	1	1	1	1	1	0	1	1	1	1	1	1	1	1	0
89	1	1	0	1	1	1	1	1	0	1	1	1	1	1	1	1	1	1
90	0	0	0	0	0	0	0	0	0	0	0	0	2	2	2	2	2	1
91	0	0	1	0	0	0	0	0	2	0	0	0	2	2	2	2	2	0
92	1	0	0	0	1	1	1	1	0	1	0	0	2	2	2	2	2	1
93	1	1	0	0	1	1	0	1	0	0	0	0	0	0	0	0	0	0
94	0	0	0	0	0	0	0	0	0	1	1	1	1	1	1	1	1	1
95	0	0	0	0	1	1	1	1	1	2	1	1	1	1	1	1	1	0
96	0	0	0	0	0	0	0	0	0	1	1	1	1	1	1	1	1	0
97	1	1	0	1	1	1	1	1	1	1	1	1	1	1	1	1	1	0
98	0	0	0	0	0	0	0	0	0	1	1	1	1	1	1	1	1	0
99	0	0	0	1	1	1	1	1	0	2	2	2	0	0	0	0	0	0
100	1	1	0	0	1	1	0	1	0	0	0	0	1	1	1	1	1	0
101	0	0	0	0	1	1	1	1	0	1	0	0	2	2	2	2	2	0
102	1	0	0	0	1	1	1	1	1	1	0	0	2	2	2	2	2	0
103	0	0	1	0	0	0	0	0	1	0	0	0	2	2	2	2	2	1
104	0	0	1	0	0	0	0	0	1	1	1	1	1	1	1	1	1	0
105	0	0	0	0	0	0	0	0	0	2	2	2	0	0	0	0	0	1
106	1	1	0	0	1	1	0	1	0	1	1	1	0	0	0	0	0	0
107	1	1	1	1	1	1	1	1	0	1	1	1	1	1	1	1	1	0
108	0	0	1	0	0	0	0	0	1	1	1	1	1	1	1	1	1	0
109	1	1	0	1	1	1	1	1	0	1	1	1	1	1	1	1	1	1
110	1	0	1	0	1	1	1	1	1	1	0	0	2	2	2	2	2	0
111	0	0	1	0	0	0	0	0	1	0	0	0	2	2	2	2	2	0
112	0	0	0	0	0	0	0	0	0	0	0	0	2	2	2	2	2	1
113	1	1	1	1	1	1	1	1	1	1	1	1	1	1	1	1	1	0
114	1	0	1	0	1	1	1	1	1	1	0	0	2	2	2	2	2	0
115	0	0	1	0	0	0	0	0	2	0	0	0	2	2	2	2	2	0
117	1	0	1	0	1	1	1	1	1	1	0	0	2	2	2	2	1	0
118	1	0	0	0	1	1	1	1	0	2	1	1	1	1	1	1	1	0
119	1	1	0	1	1	1	1	1	1	1	1	1	1	1	1	1	1	0
120	1	1	1	0	1	1	0	1	1	0	0	0	1	1	1	1	1	0
121	0	0	0	0	0	0	0	0	1	0	0	0	2	2	2	2	2	1
122	0	0	0	0	0	0	0	0	2	0	0	0	2	2	2	2	2	0
123	1	0	0	0	1	1	1	1	0	1	0	0	2	2	2	2	2	0
124	1	1	0	1	1	1	1	1	1	1	1	1	1	1	1	1	1	0
125	0	0	0	0	0	0	0	0	1	0	0	0	2	2	2	2	2	0
126	1	0	0	0	1	1	1	1	0	1	0	0	2	2	2	2	2	1
127	1	1	0	1	1	1	1	1	0	0	0	0	2	2	2	2	2	1
128	2	2	0	1	2	2	1	2	0	1	1	1	0	0	0	0	0	0
129	1	1	0	1	1	1	1	1	1	1	1	1	1	1	1	1	1	1
130	1	0	0	0	1	1	1	1	0	1	0	0	2	2	2	2	2	0
131	0	0	1	0	0	0	0	0	1	0	0	0	2	2	2	2	2	0
132	1	1	0	1	1	1	1	1	0	1	1	1	1	1	1	1	1	0
133	0	0	0	1	1	1	1	1	1	1	1	1	1	1	1	1	1	0
134	1	1	0	1	1	1	1	1	0	2	2	2	0	0	0	0	0	0
135	1	1	0	0	1	1	0	1	0	0	0	0	1	1	1	1	1	0
136	1	0	0	0	1	1	1	1	0	1	0	0	2	2	2	2	2	0
137	0	0	0	0	0	0	0	0	0	1	1	1	1	1	1	1	1	0
138	1	0	1	0	1	1	1	1	1	1	0	0	2	2	2	2	2	1
139	1	1	0	1	1	1	1	1	0	1	1	1	1	1	1	1	1	0
140	1	1	0	1	1	1	1	1	0	1	1	1	1	1	1	1	1	0
141	2	1	0	1	2	2	2	2	0	2	1	1	1	1	1	1	1	0
142	0	0	1	0	0	0	0	0	2	0	0	0	2	2	2	2	2	1
143	0	0	0	0	1	1	1	1	1	1	0	0	2	2	2	2	2	0
144	1	1	0	1	1	1	1	1	1	0	0	0	2	2	2	2	2	0
145	0	0	0	0	1	1	1	1	1	1	0	0	2	2	2	2	2	0
146	0	0	0	0	0	0	0	0	1	0	0	0	2	2	2	2	2	1
147	0	0	1	1	1	1	1	1	0	1	1	1	1	1	1	1	1	0
148	0	0	1	0	0	0	0	0	1	0	0	0	2	2	2	2	2	0
149	1	1	0	1	1	1	1	1	1	1	1	1	1	1	1	1	1	0
150	1	1	1	1	1	1	1	1	1	1	1	1	1	1	1	1	1	0
151	1	1	0	1	1	1	1	1	0	2	2	2	0	0	0	0	0	2
152	0	0	0	0	0	0	0	0	1	1	1	1	1	1	1	1	1	0
153	2	0	0	0	2	2	2	2	0	2	0	0	2	2	2	2	2	0
154	0	0	1	0	0	0	0	0	1	1	1	1	1	1	1	1	1	0
155	0	0	0	0	0	0	0	0	2	0	0	0	2	2	2	2	2	0
156	0	0	0	0	0	0	0	0	0	1	1	1	1	1	1	1	1	1
157	0	0	0	0	0	0	0	0	1	0	0	0	2	2	2	2	2	0
158	1	1	0	0	1	1	0	1	0	0	0	0	1	1	1	1	1	0
159	0	0	0	0	0	0	0	0	2	0	0	0	2	2	2	2	2	0
160	1	1	1	0	1	1	0	1	1	0	0	0	1	1	1	1	1	0
161	1	1	0	1	1	1	1	1	0	2	2	2	0	0	0	0	0	0
162	0	0	1	1	1	1	1	1	1	1	1	1	1	1	1	1	1	0
163	0	0	0	0	0	0	0	0	0	0	0	0	2	2	2	2	2	0
164	0	0	0	0	0	0	0	0	0	1	1	1	1	1	1	1	1	0
165	0	0	1	0	0	0	0	0	1	1	1	1	1	1	1	1	1	0
166	1	1	0	1	1	1	1	1	0	1	1	1	1	1	1	1	1	2
167	0	0	1	0	0	0	0	0	1	1	1	1	1	1	1	1	1	0
168	0	0	0	0	0	0	0	0	0	0	0	0	2	2	2	2	2	0
169	1	1	0	0	1	1	0	1	0	0	0	0	1	1	1	1	0	1
170	0	0	0	0	0	0	0	0	0	2	2	2	0	0	0	0	0	0
171	0	0	1	0	0	0	0	0	2	0	0	0	2	2	2	2	2	0
172	1	1	0	1	1	1	1	1	0	1	1	1	1	1	1	1	1	1
173	0	0	0	0	0	0	0	0	1	0	0	0	2	2	2	2	2	0
174	1	1	0	1	1	1	1	1	1	2	2	2	0	0	0	0	0	1
175	0	0	0	1	1	1	1	1	0	2	2	2	0	0	0	0	0	0
176	1	1	1	0	1	1	0	1	1	0	0	0	1	1	1	1	1	0
177	0	0	1	0	0	0	0	0	1	0	0	0	2	2	2	2	2	0
178	0	0	0	0	0	0	0	0	0	2	2	2	0	0	0	0	0	0
179	1	1	0	1	1	1	1	1	0	2	2	2	0	0	0	0	0	0
180	0	0	1	0	0	0	0	0	1	1	1	1	1	1	1	1	1	0
181	1	1	0	0	1	1	0	1	1	0	0	0	1	1	1	1	1	0
182	0	0	0	0	0	0	0	0	0	0	0	0	2	2	2	2	2	0
183	1	1	1	1	1	1	1	1	1	1	1	1	1	1	1	1	1	0
184	1	1	0	0	1	1	0	1	0	1	1	1	0	0	0	0	0	0
185	2	1	0	1	2	2	2	2	0	2	1	1	1	1	1	1	1	0
186	0	0	0	0	0	0	0	0	0	1	1	1	1	1	1	1	1	0
187	0	0	0	0	1	1	1	1	0	1	0	0	2	2	2	2	2	0
188	1	1	0	1	1	1	1	1	0	1	1	1	1	1	1	1	1	0
189	0	0	0	0	0	0	0	0	0	0	0	0	2	2	2	2	2	0
190	1	1	0	1	1	1	1	1	0	1	1	1	1	1	1	1	1	0
191	1	1	0	0	1	1	0	1	1	0	0	0	1	1	1	1	1	0
192	0	0	0	0	0	0	0	0	1	0	0	0	2	2	2	2	2	0
193	1	1	0	0	1	1	0	1	0	1	1	1	0	0	0	0	0	0
194	1	1	0	1	1	1	1	1	1	1	1	1	1	1	1	1	1	0
195	0	0	0	0	0	0	0	0	1	1	1	1	1	1	1	1	1	0
196	0	0	0	0	0	0	0	0	0	1	1	1	1	1	1	1	1	0
197	0	0	0	0	0	0	0	0	0	0	0	0	2	2	2	2	2	0
198	0	0	0	0	0	0	0	0	1	1	1	1	1	1	1	1	1	0
199	2	2	0	1	2	2	1	2	0	1	1	1	0	0	0	0	0	0
200	0	0	0	0	0	0	0	0	0	0	0	0	2	2	2	2	2	1
201	1	1	0	1	1	1	1	1	0	2	2	2	0	0	0	0	0	1
202	1	1	0	1	1	1	1	1	0	2	2	2	0	0	0	0	0	0
203	1	0	0	0	1	1	1	1	0	1	0	0	2	2	2	2	2	0
204	0	0	1	0	0	0	0	0	1	0	0	0	2	2	2	2	2	0
205	0	0	0	0	0	0	0	0	1	0	0	0	2	2	2	2	2	0
206	0	0	0	0	0	0	0	0	2	0	0	0	2	2	2	2	2	0
207	1	1	0	0	1	1	0	1	0	1	1	1	0	0	0	0	0	0
208	1	0	1	0	1	1	1	1	1	1	0	0	2	2	2	2	2	0
209	1	1	0	1	1	1	1	1	0	1	1	1	1	1	1	1	1	0
210	0	0	0	0	0	0	0	0	0	2	2	2	0	0	0	0	0	1
211	0	0	0	0	0	0	0	0	0	1	1	1	1	1	1	1	1	0
212	0	0	0	0	0	0	0	0	1	1	1	1	1	1	1	1	1	0
213	0	0	1	0	0	0	0	0	1	0	0	0	2	2	2	2	2	0
214	0	0	0	0	0	0	0	0	1	1	1	1	1	1	1	1	1	0
215	0	0	0	0	0	0	0	0	1	0	0	0	2	2	2	2	2	0
216	1	0	0	0	1	1	1	1	0	2	1	1	1	1	1	1	1	1
217	1	1	0	1	1	1	1	1	1	1	1	1	1	1	1	1	1	0
218	0	0	0	0	0	0	0	0	1	1	1	1	1	1	1	1	1	0
219	0	0	1	0	0	0	0	0	1	0	0	0	2	2	2	2	2	0
220	1	1	0	1	1	1	1	1	0	1	1	1	1	1	1	1	1	0
222	0	0	2	0	0	0	0	0	2	0	0	0	2	2	2	2	2	0
223	1	0	0	0	1	1	1	1	0	1	0	0	2	2	2	2	2	0
224	0	0	0	0	0	0	0	0	1	1	1	1	1	1	1	1	1	0
225	0	0	1	0	0	0	0	0	0	0	0	0	2	2	2	2	2	0
226	1	0	1	0	1	1	1	1	0	1	0	0	2	2	2	2	2	0
227	1	0	0	0	1	1	1	1	0	1	0	0	2	2	2	2	2	0
228	1	1	0	0	0	0	0	0	0	1	1	1	1	1	1	1	1	1
229	1	1	0	1	1	1	1	1	0	1	1	1	1	1	1	1	1	0
230	1	0	0	0	1	1	1	1	0	1	0	0	2	2	2	2	2	0
231	0	0	0	0	0	0	0	0	0	0	0	0	2	2	2	2	2	1
232	0	0	0	0	0	0	0	0	0	0	0	0	2	2	2	2	2	0
233	0	0	1	0	1	1	1	1	1	1	0	0	2	2	2	2	2	0
234	0	0	0	0	0	0	0	0	0	0	0	0	2	2	2	2	2	0
235	1	1	0	1	1	1	1	1	0	1	1	1	1	1	1	1	1	1
236	0	0	1	0	0	0	0	0	0	1	1	1	1	1	1	1	1	0
237	0	0	1	0	0	0	0	0	2	0	0	0	2	2	2	2	2	1
238	0	0	0	0	0	0	0	0	1	0	0	0	2	2	2	2	2	0
239	0	0	1	0	0	0	0	0	1	0	0	0	2	2	2	2	2	0
240	1	0	0	0	1	1	1	1	1	1	0	0	2	2	2	2	2	1
241	0	0	2	0	0	0	0	0	2	0	0	0	2	2	2	2	2	0
242	0	0	0	0	0	0	0	0	1	0	0	0	2	2	2	2	2	0
243	1	1	0	1	1	1	1	1	0	2	2	2	0	0	0	0	0	1
244	0	0	1	0	0	0	0	0	1	0	0	0	2	2	2	2	1	1
245	2	1	0	1	2	2	2	2	0	2	1	1	1	1	1	1	1	0
246	1	1	0	1	1	1	1	1	1	1	1	1	1	1	1	1	1	0
247	1	1	0	1	1	1	1	1	0	1	1	1	1	1	1	1	1	0
248	0	0	1	0	1	1	1	1	1	1	0	0	2	2	2	2	1	0
249	1	1	0	1	1	1	1	1	1	1	1	1	1	1	1	1	1	0
250	1	1	0	1	1	1	1	1	0	1	1	1	1	1	1	1	1	1
251	1	0	0	0	1	1	1	1	1	1	0	0	2	2	2	2	2	0
252	0	0	0	0	0	0	0	0	0	2	1	1	1	1	1	1	1	0
253	1	1	0	1	1	1	1	1	0	1	1	1	1	1	1	1	1	0
254	1	1	1	0	1	1	0	1	1	0	0	0	1	1	1	1	1	0
255	1	0	0	0	0	0	0	0	2	0	0	0	2	2	2	2	2	0
256	2	1	0	1	1	1	1	1	1	1	1	1	1	1	1	1	1	0
257	1	0	0	0	0	0	0	0	0	0	0	0	2	2	2	2	1	0
258	1	1	0	1	1	1	1	1	0	2	2	2	0	0	0	0	0	0
259	0	0	1	0	0	0	0	0	2	0	0	0	2	2	2	2	2	1
260	0	0	1	0	0	0	0	0	1	0	0	0	2	2	2	2	2	0
261	0	0	0	0	1	1	0	1	0	0	0	0	1	1	1	1	1	0
262	2	1	0	1	2	2	2	2	0	2	1	1	1	1	1	1	1	0
263	0	0	1	0	0	0	0	0	1	0	0	0	2	2	2	2	2	0
264	0	0	0	0	0	0	0	0	0	0	0	0	2	2	2	2	2	0
265	0	0	1	0	0	0	0	0	1	0	0	0	2	2	2	2	2	0
266	1	1	1	1	1	1	1	1	1	1	1	1	1	1	1	1	1	0
267	1	0	0	0	2	2	2	2	0	2	0	0	2	2	2	2	2	0
268	0	0	1	0	0	0	0	0	1	0	0	0	2	2	2	2	2	0
269	0	0	1	0	0	0	0	0	1	1	1	1	1	0	1	1	1	0
270	0	0	0	0	0	0	0	0	0	1	1	1	1	1	1	1	1	0
271	0	0	0	0	0	0	0	0	2	0	0	0	2	2	2	2	2	0
272	0	0	1	0	0	0	0	0	1	0	0	0	2	2	2	2	2	0
273	2	2	0	2	2	2	2	2	0	2	2	2	0	0	0	0	0	0
274	0	0	0	0	0	0	0	0	0	1	1	1	1	1	1	1	1	0
275	0	0	1	0	0	0	0	0	1	1	1	1	1	1	1	1	1	0
276	0	0	1	0	0	0	0	0	1	1	1	1	1	1	1	1	1	0
277	1	1	0	0	1	1	0	1	0	0	0	0	1	1	1	1	1	1
278	0	0	1	0	0	0	0	0	2	0	0	0	2	2	2	2	2	0
279	0	0	1	0	0	0	0	0	1	0	0	0	2	2	2	2	2	0
280	1	1	0	1	1	1	1	1	0	1	1	1	1	1	1	1	1	2
281	0	0	0	0	0	0	0	0	0	1	1	1	1	1	1	1	1	0
282	0	0	1	0	0	0	0	0	1	0	0	0	2	2	2	2	2	1
283	0	0	1	0	0	0	0	0	1	0	0	0	2	2	2	2	2	0
284	0	0	1	0	0	0	0	0	1	0	0	0	2	2	2	2	2	1
285	0	0	0	0	0	0	0	0	1	2	2	2	0	0	0	0	0	0
286	0	0	0	0	0	0	0	0	0	0	0	0	2	2	2	2	2	1
287	1	1	0	1	1	1	1	1	0	1	1	1	1	1	1	1	1	1
288	1	1	0	0	1	1	0	1	1	0	0	0	1	1	1	1	1	0
289	0	0	0	0	1	1	1	1	0	1	0	0	2	2	2	2	2	0
290	0	0	0	0	0	0	0	0	1	0	0	0	2	2	2	2	2	0
291	0	0	0	0	0	0	0	0	0	1	1	1	1	1	1	1	1	0
292	0	0	1	0	0	0	0	0	1	0	0	0	2	1	2	2	2	0
293	0	0	0	0	1	1	1	1	1	0	0	0	2	2	2	2	2	0
294	0	0	1	0	1	1	0	1	1	0	0	0	1	0	1	1	1	1
295	1	1	0	1	1	1	1	1	1	1	1	1	1	1	1	1	1	0
373	0	0	1	0	0	0	0	0	2	0	0	0	2	2	2	2	2	0
374	1	0	0	1	2	2	2	2	0	2	1	1	1	1	1	1	1	1
375	0	0	0	1	1	1	1	1	1	1	1	1	1	1	1	1	1	0
376	0	0	0	0	0	0	0	0	1	1	1	1	1	1	1	1	1	0
377	1	1	1	1	1	1	1	1	1	1	1	1	1	1	1	1	1	0
378	0	0	1	0	0	0	0	0	1	0	0	0	2	2	2	2	2	0
379	0	0	0	0	0	0	0	0	1	1	1	1	1	1	1	1	1	1
380	1	1	0	1	1	1	1	1	1	1	1	1	1	1	1	1	1	0
381	1	1	0	1	1	1	1	1	0	1	1	1	1	1	1	1	1	0
382	1	1	1	1	0	0	0	0	2	0	0	0	2	2	2	2	2	1
383	0	0	2	0	0	0	0	0	2	0	0	0	2	2	2	2	2	0
384	0	0	0	0	0	0	0	0	0	2	2	2	0	0	0	0	0	1
385	1	1	0	0	1	1	0	1	1	0	0	0	1	1	1	1	1	1
386	1	0	0	1	2	2	2	2	1	1	0	0	2	2	2	2	2	0
387	1	1	0	1	1	1	1	1	1	1	1	1	1	1	1	1	1	1
388	0	0	0	0	0	0	0	0	0	0	0	0	2	2	2	2	2	0
389	0	0	0	0	0	0	0	0	1	0	0	0	2	2	2	2	2	0
390	0	0	1	0	0	0	0	0	1	0	0	0	2	2	2	2	2	0
391	0	0	0	0	0	0	0	0	1	0	0	0	2	2	2	2	2	0
392	1	0	0	0	1	1	1	1	0	1	0	0	2	2	2	2	2	1
393	1	1	0	0	1	1	0	1	0	0	0	0	2	2	2	2	2	0
394	0	0	1	0	0	0	0	0	1	0	0	0	2	2	2	2	2	0
395	0	0	1	1	1	1	1	1	1	1	1	1	1	1	1	1	0	0
396	1	1	0	1	1	1	1	1	1	1	1	1	1	1	1	1	1	0
397	0	0	2	0	0	0	0	0	2	0	0	0	2	2	2	2	2	0
398	0	0	1	0	0	0	0	0	1	0	0	0	2	2	2	2	2	0
399	1	1	0	1	1	1	1	1	0	1	1	1	1	1	1	1	1	0
400	0	0	1	0	0	0	0	0	1	0	0	0	2	2	2	2	2	0
401	1	1	0	1	1	1	1	1	1	1	1	1	1	1	1	1	1	0
402	1	0	0	0	1	1	1	1	0	1	0	0	2	2	2	2	1	0
403	1	1	0	1	1	1	1	1	0	1	1	1	1	1	1	1	1	1
404	0	0	0	1	1	1	1	1	1	0	0	0	2	2	2	2	2	1
405	1	1	0	1	1	1	1	1	0	1	1	1	1	1	1	1	1	0
406	0	0	0	0	0	0	0	0	0	1	1	1	1	1	1	1	1	0
407	0	0	1	0	0	0	0	0	1	1	1	1	1	1	1	1	1	1
408	1	0	0	0	1	1	1	1	1	1	0	0	2	2	2	2	2	0
409	0	0	0	0	0	0	0	0	1	1	1	1	1	1	1	1	1	0
410	2	1	0	1	2	2	2	2	0	2	1	1	1	1	1	1	1	0
411	0	0	1	0	0	0	0	0	1	0	0	0	2	2	2	2	2	0
412	1	0	0	0	1	1	1	1	1	1	0	0	2	2	2	2	2	0
413	0	0	0	0	0	0	0	0	0	1	1	1	1	1	1	1	1	0
414	1	1	1	0	1	1	0	1	0	1	1	1	0	0	0	0	0	0
415	1	1	0	1	1	1	1	1	0	2	2	2	0	0	0	0	0	0
416	0	0	0	0	0	0	0	0	1	0	0	0	2	2	2	2	2	0
417	1	1	0	1	1	1	1	1	0	1	1	1	1	1	1	1	1	1
418	1	0	1	0	1	1	1	1	1	1	0	0	2	2	2	2	2	0
419	1	0	0	0	1	1	1	1	1	1	0	0	2	2	2	2	2	0
420	0	0	1	0	0	0	0	0	1	0	0	0	2	2	2	2	2	0
421	0	0	1	0	0	0	0	0	1	1	1	1	1	1	1	1	1	0
422	1	0	0	0	1	1	1	1	0	1	0	0	2	2	2	2	2	0
423	1	1	0	1	1	1	1	1	0	1	1	1	1	1	1	1	1	0
424	0	0	0	0	0	0	0	0	0	1	1	1	1	1	1	1	1	2
425	1	1	0	0	1	1	0	1	1	0	0	0	2	2	2	2	2	0
426	1	1	0	1	1	1	1	1	0	2	2	2	0	0	0	0	0	1
427	1	1	0	1	1	1	1	1	1	1	1	1	1	1	1	1	1	0
428	1	1	0	1	1	1	1	1	0	1	1	1	1	1	1	1	1	0
429	0	0	0	0	0	0	0	0	0	0	0	0	2	2	2	2	2	1
430	1	0	0	0	1	1	1	1	0	1	0	0	2	2	2	2	2	0
431	0	0	2	0	0	0	0	0	1	0	0	0	2	2	2	2	1	0
432	1	1	0	1	1	1	1	1	0	2	2	2	0	0	0	0	0	1
433	0	0	1	0	1	1	1	1	0	1	1	1	1	1	1	1	1	0
434	0	0	1	1	1	1	1	1	2	0	0	0	2	2	2	2	2	0
435	0	0	1	0	0	0	0	0	2	0	0	0	2	2	2	2	2	1
436	0	0	0	0	0	0	0	0	0	1	1	1	1	1	1	1	1	0
437	1	1	0	1	1	1	1	1	0	2	2	2	0	0	0	0	0	0
438	1	1	0	1	1	1	1	1	1	1	1	1	1	1	1	1	1	0
439	0	0	1	0	0	0	0	0	1	0	0	0	2	2	2	2	2	0
440	0	0	1	0	0	0	0	0	1	0	0	0	2	2	2	2	2	0
441	0	0	1	0	0	0	0	0	2	0	0	0	2	2	2	2	2	0
442	0	0	0	0	0	1	0	0	0	1	1	1	1	1	1	1	1	0
443	0	0	0	0	0	0	0	0	0	0	0	0	2	2	2	2	2	0
444	1	1	0	1	1	1	1	1	1	1	1	1	1	1	1	1	1	1
445	1	0	0	0	1	1	1	1	1	1	0	0	2	2	2	2	2	1
446	2	2	0	2	2	2	2	2	0	2	2	2	0	0	0	0	0	0
447	1	0	0	0	1	1	1	1	1	1	0	0	2	2	2	2	2	0
448	0	0	0	0	0	0	0	0	0	0	0	0	2	2	2	2	2	0
449	0	0	2	0	0	0	0	0	2	0	0	0	2	2	2	2	2	0
450	1	0	0	0	1	1	1	1	0	1	0	0	2	2	2	2	2	0
451	1	0	0	0	1	1	1	1	1	1	0	0	2	2	2	2	2	1
452	1	0	0	0	1	1	1	1	0	1	0	0	2	2	2	2	2	0
453	0	0	1	0	1	1	1	1	1	1	1	1	1	1	1	1	1	0
454	2	1	0	1	2	2	2	2	0	2	1	1	1	1	1	1	1	0
455	2	2	0	0	1	1	0	1	0	1	1	1	0	0	0	0	0	0
456	0	0	0	0	0	0	0	0	0	0	0	0	2	2	2	2	2	0
457	0	0	1	0	0	0	0	0	2	0	0	0	2	2	2	2	2	0
458	0	0	1	0	1	1	1	1	0	1	1	1	1	1	1	1	1	0
459	0	0	1	0	0	0	0	0	2	0	0	0	2	2	2	2	2	0
460	1	0	0	0	1	1	1	1	0	1	0	0	2	2	2	2	2	0
461	0	0	1	0	0	0	0	0	1	1	1	1	1	1	1	1	1	0
462	0	0	0	0	0	0	0	0	0	1	1	1	1	1	1	1	1	0
463	1	1	0	1	1	1	1	1	0	2	2	2	0	0	0	0	0	1
464	0	0	0	0	0	0	0	0	1	0	0	0	2	2	2	2	2	0
