29	0	0	0	0	0	0	0	2
30	0	0	0	0	1	0	0	2
31	0	0	0	0	1	0	0	1
32	0	0	0	0	2	0	0	1
33	0	0	0	0	2	0	0	2
34	0	0	0	0	1	0	0	2
35	1	0	0	0	0	0	0	2
36	1	1	1	1	1	1	1	2
37	0	0	0	0	0	0	0	2
38	2	0	0	0	2	0	1	1
39	0	0	0	0	0	0	0	2
40	0	0	0	0	2	0	0	1
296	0	0	0	0	2	0	0	1
297	0	0	0	0	0	0	0	2
298	0	0	0	0	1	0	0	1
299	0	0	0	0	1	0	0	2
300	0	0	0	0	2	0	0	1
301	0	0	0	0	1	0	0	2
302	0	0	0	0	0	0	0	1
303	0	0	0	0	0	0	0	2
304	0	0	0	0	2	0	0	1
305	0	0	0	0	1	0	0	2
306	0	0	0	0	1	0	0	1
307	0	0	0	0	0	0	0	2
308	0	0	0	0	0	0	0	2
309	0	0	0	0	0	0	0	2
310	0	0	0	0	0	0	0	1
311	1	0	0	0	2	0	1	2
312	0	0	0	0	2	0	0	1
313	0	0	0	0	0	0	0	2
314	0	0	0	0	1	0	1	1
315	1	1	0	0	1	1	1	1
316	0	0	0	0	1	0	0	1
317	0	0	0	0	1	0	0	0
318	1	1	0	0	2	1	1	1
319	1	0	0	0	1	0	1	2
320	1	0	0	0	1	0	1	2
321	0	0	0	0	1	0	0	1
322	0	0	0	0	1	0	0	2
323	0	0	0	0	0	0	0	2
324	0	0	0	0	1	0	0	1
325	0	0	0	0	1	0	1	1
326	1	0	0	0	0	0	0	2
327	0	0	0	0	1	0	0	2
328	0	0	0	0	0	0	0	2
329	2	1	1	1	2	1	2	2
330	0	0	0	0	1	0	0	1
331	0	0	0	0	0	0	0	2
332	0	0	0	0	0	0	1	1
333	0	0	0	0	1	0	0	1
334	0	0	0	0	0	0	1	2
335	0	0	0	0	0	0	0	2
336	0	0	0	0	0	0	0	2
337	0	0	0	0	2	0	0	1
338	1	0	0	0	2	0	0	2
339	0	0	0	0	1	0	0	1
340	0	0	0	0	2	0	1	1
341	1	0	0	0	2	0	2	2
342	0	0	0	0	1	0	0	1
343	0	0	0	0	1	0	0	1
344	1	0	0	0	1	0	1	2
345	0	0	0	0	0	0	0	2
346	0	0	0	0	1	0	0	1
347	0	0	0	0	0	0	0	2
348	0	0	0	0	1	0	0	2
349	0	0	0	0	1	0	0	1
350	0	0	0	0	0	0	0	1
351	0	0	0	0	1	0	0	1
352	2	0	0	0	2	0	1	2
353	0	0	0	0	0	0	0	2
354	0	0	0	0	0	0	0	1
355	0	0	0	0	0	0	0	0
356	0	0	0	0	0	0	0	1
357	0	0	0	0	1	0	0	1
358	1	0	0	0	2	0	1	0
359	0	0	0	0	0	0	0	1
360	0	0	0	0	0	0	0	2
361	0	0	0	0	0	0	0	2
362	0	0	0	0	1	0	0	1
363	0	0	0	0	0	0	0	2
364	0	0	0	0	2	0	0	0
365	0	0	0	0	0	0	1	2
366	0	0	0	0	1	0	0	2
367	0	0	0	0	0	0	0	2
368	1	1	0	0	2	1	1	1
369	1	0	0	0	1	0	0	2
370	0	0	0	0	0	0	0	2
371	0	0	0	0	0	0	0	2
372	0	0	0	0	1	0	0	1
