0	1	1	1	1	1	1	1	2
2	0	0	0	0	0	0	1	1
3	0	0	0	0	0	0	0	0
4	0	0	0	0	0	0	0	0
5	1	1	1	1	1	1	1	1
6	1	1	1	1	1	1	1	2
7	0	1	0	0	1	1	1	2
8	0	0	0	0	0	0	0	1
9	1	1	1	1	1	1	1	1
10	1	1	1	1	1	1	1	1
11	1	1	1	1	1	1	1	1
12	0	0	0	0	0	0	0	1
13	0	0	0	0	0	0	1	1
14	1	1	0	0	1	1	1	1
15	0	0	0	0	0	0	0	0
16	0	0	0	0	0	0	0	2
17	0	1	0	0	1	1	1	2
18	1	1	1	1	1	1	1	1
19	0	0	0	0	0	0	0	0
20	1	1	1	1	1	1	1	2
21	0	1	0	0	1	1	1	2
22	0	0	0	0	0	0	0	0
23	0	0	0	0	0	0	0	2
24	1	1	0	1	1	1	1	1
25	1	1	1	1	1	1	1	1
26	0	0	0	0	0	0	0	1
27	0	0	0	0	0	0	0	1
28	2	2	1	1	2	2	2	2
41	1	1	1	1	1	1	1	1
42	0	0	0	0	0	0	0	1
43	1	1	0	0	1	1	1	2
44	0	0	0	0	0	0	0	1
45	0	0	0	0	0	0	0	1
46	0	0	0	0	0	0	0	1
47	0	0	0	0	0	0	0	0
48	0	0	0	0	0	0	0	2
49	1	1	1	1	1	1	1	1
50	0	0	0	0	0	0	0	1
51	0	0	0	0	0	0	0	1
52	1	2	0	0	2	2	2	2
53	0	0	0	0	0	0	0	1
54	0	0	0	0	0	0	0	0
55	0	1	0	0	1	1	1	1
56	0	0	0	0	0	0	0	0
57	0	0	0	0	0	0	0	0
58	0	0	0	0	0	0	0	0
59	0	0	0	0	0	0	0	0
60	1	1	0	0	2	1	2	2
61	0	0	0	0	0	0	0	0
62	0	0	0	0	0	0	0	1
63	0	0	0	0	0	0	0	2
64	0	0	0	0	0	0	0	1
65	0	1	0	0	1	1	1	1
66	0	0	0	0	0	0	0	1
67	0	0	0	0	0	0	0	0
68	0	0	0	1	0	0	0	1
69	0	0	0	0	0	0	0	1
70	0	0	0	0	0	0	0	1
71	0	1	0	0	1	1	1	1
72	0	1	0	0	1	1	1	1
73	1	1	1	1	1	1	1	1
74	0	1	0	0	1	1	1	1
75	0	0	0	0	0	0	0	1
76	0	0	0	0	0	0	0	1
77	0	0	0	0	0	0	0	0
78	1	1	0	1	1	1	1	1
79	1	1	0	0	1	1	1	1
80	0	1	0	0	1	1	1	2
81	2	2	2	2	2	2	2	2
82	1	1	1	1	1	1	1	1
83	1	2	1	1	2	2	2	2
84	0	0	0	0	0	0	0	1
85	1	0	0	0	1	0	1	1
86	0	0	0	0	0	0	0	0
87	0	0	0	0	0	0	0	0
88	1	1	1	1	1	1	1	1
89	0	0	0	0	0	0	0	0
90	0	0	0	0	0	0	0	1
91	1	1	0	1	1	1	1	0
92	1	1	1	1	1	1	1	1
93	0	0	0	0	0	0	0	0
94	0	0	0	0	0	0	0	0
95	0	0	0	0	0	0	0	0
96	0	1	0	0	1	1	1	1
97	0	0	0	0	0	0	0	0
98	2	2	2	2	2	2	2	2
99	0	0	0	0	0	0	0	0
100	0	1	0	0	1	1	1	1
101	0	1	0	0	1	1	1	2
102	1	1	1	1	1	1	1	1
103	2	2	2	2	2	2	2	1
104	1	1	1	1	1	1	1	2
105	1	1	1	1	1	1	1	0
106	0	0	0	0	0	0	0	1
107	1	1	1	1	1	1	1	2
108	1	0	0	0	1	0	1	1
109	0	0	0	0	0	0	0	1
110	0	0	0	0	0	0	0	2
111	1	1	1	1	1	1	1	1
112	0	0	0	0	0	0	0	0
113	1	0	0	0	0	0	0	0
114	1	1	1	1	1	1	1	1
115	0	0	0	0	0	0	0	0
117	0	0	0	0	0	0	0	0
118	1	1	0	0	1	1	1	1
119	1	1	0	0	1	1	1	1
120	0	0	0	0	0	0	0	1
121	1	1	1	1	1	1	1	1
122	2	2	2	2	2	2	2	2
123	0	0	0	0	0	0	0	1
124	0	0	0	0	0	0	0	1
125	0	0	0	0	0	0	0	0
126	1	1	1	1	1	1	1	2
127	1	1	1	1	1	1	1	1
128	0	1	0	0	1	1	1	1
129	0	0	0	0	0	0	1	2
130	0	0	0	0	0	0	0	0
131	0	0	0	0	0	0	0	0
132	0	0	0	0	0	0	0	0
133	1	1	1	1	1	1	1	1
134	0	1	0	0	1	1	1	2
135	1	0	0	0	0	0	0	0
136	0	1	0	0	1	1	1	2
137	0	0	0	0	0	0	0	0
138	1	0	0	0	1	0	1	2
139	0	0	0	0	0	0	0	0
140	2	2	2	2	2	2	2	2
141	0	0	0	0	0	0	0	1
142	0	0	0	0	0	0	0	1
143	0	0	0	0	0	0	0	0
144	1	0	0	0	1	0	1	1
145	1	1	0	0	1	1	1	2
146	0	0	0	0	0	0	0	2
147	1	2	1	1	2	2	2	1
148	1	1	1	1	1	1	1	1
149	1	1	1	1	1	1	1	1
150	1	0	0	0	0	0	0	0
151	0	0	0	0	0	0	0	0
152	0	0	0	0	0	0	0	0
153	0	0	0	0	0	0	0	0
154	1	2	0	0	2	2	2	2
155	0	0	0	0	0	0	0	1
156	0	1	0	0	1	1	1	2
157	1	1	1	1	1	1	1	2
158	0	0	0	0	0	0	0	0
159	0	0	0	0	0	0	0	0
160	1	1	1	1	1	1	1	2
161	0	0	0	0	0	0	0	0
162	1	1	1	1	1	1	1	2
163	0	0	0	0	0	0	0	0
164	0	0	0	0	0	0	0	1
165	1	1	1	1	1	1	1	1
166	1	1	1	1	1	1	1	1
167	1	1	1	1	1	1	1	2
168	1	2	1	1	2	2	2	2
169	0	0	0	0	0	0	0	1
170	1	1	1	1	1	1	1	0
171	1	1	1	1	1	1	1	1
172	2	2	1	1	2	2	2	2
173	1	1	1	1	1	1	1	1
174	0	0	0	0	0	0	0	1
175	1	1	1	2	1	1	1	1
176	2	2	1	1	2	2	2	2
177	0	1	0	0	1	1	1	2
178	1	1	1	1	1	1	1	0
179	0	0	0	0	0	0	0	1
180	1	1	0	0	2	1	2	2
181	0	0	0	0	0	0	0	0
182	0	0	0	0	0	0	0	0
183	0	0	0	0	0	0	0	0
184	2	1	1	1	2	1	2	2
185	1	0	0	0	1	1	1	1
186	0	0	0	0	0	0	0	0
187	0	1	0	0	1	1	1	1
188	1	1	1	1	1	1	1	2
189	0	0	0	0	0	0	0	0
190	1	1	1	1	1	1	1	2
191	0	0	0	0	0	0	0	2
192	1	0	0	0	1	0	1	1
193	0	0	0	0	0	0	0	0
194	0	0	0	0	0	0	0	1
195	0	0	0	0	0	0	0	0
196	0	0	0	0	0	0	0	0
197	0	0	0	0	0	0	0	2
198	0	0	0	0	0	0	0	1
199	0	0	0	0	0	0	0	1
200	1	1	1	1	1	1	1	1
201	0	0	0	0	0	0	0	1
202	0	0	0	0	0	0	0	1
203	0	0	0	0	0	0	0	2
204	0	0	0	0	0	0	0	0
205	0	0	0	0	0	0	0	0
206	0	1	0	0	1	1	1	2
207	0	0	0	0	0	0	0	1
208	0	0	0	0	0	0	0	1
209	1	1	0	0	1	1	1	2
210	0	0	0	0	0	0	0	2
211	1	1	1	1	1	1	1	1
212	0	0	0	0	0	0	0	0
213	0	0	0	0	0	0	0	0
214	0	0	0	0	0	0	0	1
215	1	0	0	0	1	0	1	2
216	1	1	1	1	1	1	1	1
217	0	1	0	0	1	1	1	2
218	0	0	0	0	0	0	0	0
219	0	0	0	1	0	0	0	1
220	0	0	0	0	0	0	0	0
222	0	0	0	0	0	0	0	1
223	2	2	1	1	2	2	2	2
224	0	0	0	0	0	0	0	0
225	0	0	0	0	0	0	0	0
226	0	0	0	0	0	0	0	0
227	0	0	0	0	0	0	0	0
228	0	1	0	0	1	1	1	2
229	1	1	1	1	1	1	1	2
230	1	1	1	1	1	1	1	2
231	0	0	0	0	0	0	0	0
232	1	1	1	1	2	2	2	2
233	0	0	0	0	0	0	0	1
234	0	0	0	0	0	0	0	0
235	0	0	0	0	0	0	0	1
236	0	0	0	0	0	0	0	1
237	0	0	0	0	0	0	0	1
238	0	0	0	0	0	0	0	0
239	1	2	1	1	2	2	2	2
240	1	2	1	1	2	2	2	2
241	1	1	0	0	1	1	1	1
242	0	0	0	0	0	0	0	0
243	1	1	1	1	1	1	1	1
244	1	1	1	1	1	1	1	1
245	0	0	0	0	0	0	0	1
246	0	0	0	0	0	0	0	0
247	0	0	0	0	0	0	0	0
248	1	1	1	1	1	1	1	1
249	0	0	0	0	0	0	0	1
250	1	1	1	1	1	1	1	2
251	1	2	1	1	2	2	2	2
252	0	0	0	0	0	0	0	0
253	0	0	0	0	0	0	0	0
254	0	1	0	0	1	1	1	1
255	0	0	0	0	0	0	0	0
256	0	0	0	0	0	0	0	0
257	0	0	0	0	0	0	0	0
258	1	2	0	0	2	2	2	2
259	0	1	0	0	1	1	1	2
260	2	2	2	2	2	2	2	2
261	1	1	1	1	1	1	1	1
262	1	1	0	0	1	1	1	1
263	1	1	1	1	1	1	1	1
264	0	0	0	0	0	0	0	1
265	2	2	1	2	2	2	2	2
266	1	1	1	1	1	1	1	1
267	1	1	0	0	1	1	1	2
268	1	1	0	1	1	1	1	0
269	0	0	0	0	0	0	0	0
270	1	1	1	1	1	1	1	1
271	0	0	0	0	0	0	0	1
272	0	0	0	0	0	0	0	1
273	1	1	0	0	1	1	1	1
274	1	1	1	1	1	1	1	1
275	0	0	0	0	0	0	0	0
276	0	0	0	0	0	0	0	0
277	0	0	0	0	0	0	0	0
278	0	0	0	0	0	0	0	1
279	0	0	0	0	0	0	0	1
280	0	0	0	0	0	0	0	1
281	1	1	0	0	1	1	1	1
282	0	1	0	0	1	1	1	1
283	0	0	0	0	0	0	0	0
284	0	0	0	0	0	0	0	0
285	1	1	1	1	1	1	1	1
286	1	1	0	0	1	1	1	1
287	1	1	1	1	1	1	1	1
288	0	0	0	0	0	0	0	2
289	1	1	1	0	1	1	1	1
290	1	1	1	1	1	1	1	1
291	0	0	0	0	0	0	0	1
292	1	1	1	1	1	1	1	1
293	0	0	0	0	0	0	0	0
294	1	1	1	1	1	1	1	1
295	0	0	0	0	0	0	0	0
373	1	1	1	1	1	1	1	1
374	2	2	2	1	1	1	1	1
375	1	0	0	0	0	0	0	0
376	0	0	0	1	0	0	0	1
377	0	1	0	0	1	1	1	1
378	2	2	2	2	2	2	2	1
379	1	1	0	0	1	1	1	1
380	1	1	1	1	1	1	1	1
381	1	1	1	1	1	1	1	1
382	1	2	1	1	2	2	2	2
383	2	2	2	2	2	2	2	1
384	0	0	0	0	0	0	0	0
385	0	1	0	0	1	1	1	1
386	1	1	1	1	1	1	1	2
387	1	0	0	0	0	0	0	1
388	0	0	0	0	0	0	0	0
389	1	1	0	0	1	0	1	1
390	1	1	1	1	1	1	1	2
391	0	0	0	0	0	0	0	0
392	0	0	0	0	0	0	0	1
393	0	0	0	0	0	0	0	1
394	1	0	0	0	0	0	0	1
395	0	1	0	0	0	0	0	1
396	2	2	2	2	2	2	2	2
397	1	1	1	1	1	1	1	2
398	1	1	1	1	1	1	1	2
399	0	0	0	0	0	0	0	0
400	1	1	0	0	1	1	1	1
401	1	1	1	2	1	1	1	2
402	1	1	1	1	1	1	1	1
403	0	0	0	0	0	0	0	1
404	2	1	1	1	1	1	1	1
405	1	2	0	1	2	2	2	1
406	0	0	0	0	0	0	0	0
407	0	0	0	0	0	0	0	0
408	0	1	0	0	1	1	1	2
409	1	1	1	1	1	1	1	1
410	0	0	0	0	0	0	0	0
411	1	1	1	1	1	1	1	2
412	1	1	1	1	1	1	1	1
413	1	1	1	1	1	1	1	1
414	1	1	1	1	1	1	1	1
415	1	1	1	1	1	1	1	1
416	0	0	0	0	0	0	0	1
417	1	1	1	1	1	1	1	2
418	1	1	1	1	1	1	1	2
419	1	1	1	1	1	1	1	1
420	2	2	2	2	2	2	2	2
421	1	1	1	1	1	1	1	1
422	0	0	0	0	0	0	0	2
423	1	0	0	0	0	0	0	1
424	0	1	0	0	1	1	1	2
425	1	2	1	1	2	2	2	2
426	2	2	1	1	2	2	2	2
427	1	1	1	1	1	1	1	1
428	1	2	1	1	2	2	2	2
429	1	1	1	1	1	1	1	1
430	0	0	0	0	0	0	0	0
431	0	0	0	0	0	0	0	0
432	1	1	1	1	1	1	1	1
433	0	0	0	0	0	0	0	1
434	1	1	1	1	1	1	1	1
435	1	1	0	0	1	1	1	2
436	0	0	0	0	0	0	0	0
437	1	1	0	1	1	1	1	2
438	2	1	1	1	1	1	1	1
439	1	1	1	1	1	1	1	1
440	0	0	0	0	0	0	0	1
441	0	0	0	0	0	0	0	1
442	0	0	0	0	0	0	0	0
443	1	1	1	1	1	1	1	1
444	0	0	0	0	0	0	0	2
445	0	0	0	0	0	0	0	2
446	0	1	0	0	1	1	1	1
447	2	1	1	1	2	1	2	2
448	1	1	0	0	1	1	1	1
449	1	1	0	1	1	1	1	0
450	0	0	0	0	0	0	0	1
451	0	0	0	0	0	0	0	0
452	0	0	0	0	0	0	0	0
453	0	0	0	0	0	0	0	0
454	2	2	2	2	2	2	2	2
455	0	0	0	0	0	0	0	0
456	0	0	0	0	0	0	0	1
457	1	1	1	1	1	1	1	2
458	0	0	0	0	0	0	0	1
459	0	0	0	0	0	0	0	2
460	1	1	0	0	1	0	1	2
461	1	1	1	1	1	1	1	1
462	2	2	2	2	2	2	2	2
463	0	0	0	0	0	0	0	0
464	2	2	0	1	2	2	2	1
