29	0	0	0	0	0	0	1	0	0	1	0	1	1	0	1	1	0	1	2	1	0	2	2	1	0	1	0	1	1	1	0	0	0	0	0	0	0	0	0	0	0	0	0	0	0	0	0	0	0	0	0	1	0	0	0	0	0	0	0	0	0	0	0	0	0	1	0	0	1	0	0	0	0	0	0	0	0	1	0	0	1	1	0	0	0	0	2	0	0	0	0	0	1	0	1	0	1	0	1	0	0	0	0	0	0	0	1	0	1	0	0	1	2	0	0	0	1	0	0	0	1	0	0	1	0	1	0	0	0	0	0	0	0	1	0	0	1	2	2	2	2	2	2	2	1	1	2	2	2	2	1	2	2	1	2	1	1	2	1	2	1	1	2	2	1	1	2	2	0	0	0	1	0	1	0	0	1	1	1	0	1	0	0	0	0	1	0	0	0	1	1	0	1	1	1	0	0	1	1	0	0	1	0	0	1	0	1	0	1	0	0	1	0	1	0	1	1	0	2	2	0	0	2	1	2	1	2	1	2	1	2	2	2	2	2	0	1	2	1	2	1	1	1	2	2	1	1	2	1	2	1	2	2	1
30	0	0	0	0	0	0	0	0	0	1	0	1	1	0	1	1	1	2	1	1	0	1	1	0	0	1	0	1	1	1	0	0	0	0	0	0	0	0	0	0	0	0	0	0	0	0	0	0	0	0	0	1	0	0	0	0	0	0	0	0	0	0	0	0	0	1	0	0	1	0	0	0	0	0	0	0	1	1	0	0	2	1	0	0	2	1	2	0	0	0	0	0	2	0	1	0	2	0	2	0	0	0	0	0	0	0	1	0	2	0	0	2	2	0	0	0	1	0	0	0	2	0	0	2	0	2	0	0	0	0	0	0	0	0	0	0	0	2	2	2	2	2	2	2	1	1	2	2	2	2	2	1	2	1	2	1	1	2	1	2	1	1	2	2	1	1	2	2	0	0	0	1	0	1	0	0	1	1	1	0	1	0	0	0	0	1	0	0	0	1	1	0	1	1	1	0	0	1	1	1	1	1	1	1	1	1	1	1	1	1	0	1	0	1	0	0	1	1	2	1	0	0	1	1	1	1	1	1	1	1	2	1	2	1	1	0	1	1	1	1	1	1	1	1	2	1	1	1	1	1	1	2	1	1
31	0	0	0	0	0	0	2	0	0	0	0	0	0	0	0	1	0	0	0	0	0	0	0	0	0	0	0	0	0	0	0	0	0	0	0	0	0	0	0	0	0	0	0	0	0	0	0	0	0	0	0	0	0	0	0	1	0	0	0	0	0	0	0	0	0	0	0	0	0	0	0	0	0	0	0	0	0	0	0	0	1	0	0	0	1	0	2	0	0	0	0	0	1	1	1	1	1	1	1	0	1	1	0	0	0	0	1	1	1	0	0	1	1	0	0	0	0	0	0	0	0	0	0	0	0	0	0	0	0	0	0	0	0	0	0	0	1	2	2	2	2	2	2	2	1	2	2	2	1	2	2	1	2	0	2	1	0	2	0	2	1	0	2	1	0	1	2	2	0	0	0	2	0	2	0	0	1	1	2	0	1	1	0	1	0	1	0	0	0	1	2	0	2	2	2	0	0	1	1	1	1	1	1	1	1	1	1	1	1	1	0	1	0	1	0	0	1	1	2	1	0	0	1	1	1	1	1	1	0	1	1	1	2	1	1	0	1	1	1	1	1	1	1	1	2	1	1	1	1	1	1	2	1	1
32	0	0	0	0	0	0	1	0	0	0	0	0	0	0	0	0	1	1	0	0	0	0	0	0	0	0	0	0	0	0	0	0	0	0	0	0	0	0	0	0	0	0	0	0	0	0	0	0	0	0	0	0	0	0	0	1	0	0	0	0	0	0	0	0	0	1	0	0	1	0	0	0	0	0	0	0	0	0	0	0	1	0	0	0	1	1	2	0	0	0	0	0	1	0	1	0	1	0	1	0	0	0	0	0	0	0	1	0	1	0	1	1	1	0	1	1	1	0	1	1	1	0	1	1	0	1	0	1	1	1	1	1	1	1	1	0	0	2	1	2	2	2	1	2	0	0	2	2	2	2	2	0	2	0	2	0	0	2	0	2	0	0	2	2	0	0	2	2	0	0	0	2	0	2	0	0	2	2	2	0	2	0	0	0	0	2	0	0	0	2	2	0	2	2	2	0	0	2	2	0	0	2	2	1	2	1	1	1	1	0	0	2	0	1	0	1	2	0	2	2	0	0	2	1	2	0	2	1	2	1	2	2	2	2	2	0	2	2	0	2	1	0	0	2	2	0	2	2	0	2	0	2	2	0
33	0	0	0	0	0	0	2	0	0	0	0	0	0	0	0	0	0	0	0	0	0	0	0	0	0	0	0	0	0	0	0	0	0	0	0	0	0	0	0	0	0	0	0	0	0	0	0	0	0	0	0	0	0	0	0	2	0	0	0	0	0	0	0	0	0	0	0	0	0	0	0	0	0	0	0	0	0	0	0	0	2	0	0	0	2	0	2	0	0	0	0	0	1	0	1	0	1	0	1	0	0	0	0	0	0	0	2	0	2	0	0	1	1	0	1	1	1	1	1	1	1	0	1	1	1	1	0	1	1	1	1	1	1	1	1	0	1	2	1	2	2	2	1	2	1	1	2	2	2	2	1	2	2	0	2	1	1	2	1	2	1	1	2	2	1	1	2	2	0	0	0	1	0	2	0	0	1	1	1	0	1	0	0	0	0	1	0	0	0	1	1	0	1	1	0	0	0	0	0	0	0	1	1	1	1	1	1	1	0	0	0	1	0	0	0	0	1	0	2	2	0	0	2	1	2	1	2	2	2	2	2	2	2	2	2	0	1	2	1	2	2	1	1	2	2	1	2	2	1	2	1	2	2	1
34	0	0	0	0	0	0	2	0	0	0	0	0	0	0	0	0	0	0	0	0	0	0	0	0	0	0	0	0	0	0	0	0	0	0	0	0	0	0	0	0	0	0	0	0	0	0	0	0	0	0	0	0	0	0	0	2	0	0	0	0	0	0	0	0	0	0	0	0	0	0	0	0	0	0	0	0	0	0	0	0	2	0	0	0	2	0	2	0	0	0	0	0	2	0	2	0	2	0	2	0	0	0	0	0	0	0	2	0	2	0	0	2	2	0	0	0	1	0	0	0	1	0	0	1	0	1	0	0	0	0	0	0	0	0	0	0	0	2	2	2	2	2	2	2	0	1	2	2	2	2	2	0	2	0	2	0	0	2	0	2	0	0	2	1	0	0	2	2	0	1	0	2	0	2	0	0	2	2	2	0	2	1	0	1	0	2	0	0	0	2	2	0	2	2	2	0	0	2	2	1	1	2	2	1	2	1	1	1	1	1	0	2	0	1	0	0	2	1	2	1	0	0	1	0	1	0	1	1	1	1	2	1	2	1	1	0	2	1	0	1	1	0	0	1	2	0	1	1	0	1	0	2	1	0
35	0	0	0	0	0	0	1	0	0	1	0	1	1	0	1	1	0	1	1	1	0	1	1	0	0	1	0	1	1	1	0	0	0	0	0	0	0	0	0	0	0	0	0	0	0	0	0	0	0	0	0	1	0	0	0	1	0	0	0	0	0	0	0	0	0	1	0	0	1	0	0	0	0	0	0	0	0	1	0	0	2	1	0	0	2	1	2	0	0	0	0	0	1	0	1	0	1	0	1	0	0	0	0	0	0	0	1	0	1	0	1	1	1	0	1	1	1	1	1	1	1	0	1	1	1	1	0	1	1	1	1	1	1	1	1	0	1	2	1	2	2	2	1	2	1	1	2	2	2	2	2	1	2	1	2	1	1	2	1	2	1	1	2	2	1	1	2	2	0	0	0	1	0	1	0	0	1	1	1	0	1	0	0	0	0	1	0	0	0	1	1	0	1	1	1	0	0	1	1	0	0	1	1	1	1	1	1	1	1	0	0	1	0	1	0	1	1	0	2	2	0	0	2	2	2	1	2	1	2	1	2	2	2	2	2	0	1	2	1	2	1	1	1	2	2	1	2	2	1	2	1	2	2	1
36	0	0	0	0	0	0	2	0	0	0	0	0	0	0	0	0	0	0	0	0	0	0	0	0	0	1	0	0	0	0	0	0	0	0	0	0	0	0	0	0	0	0	0	0	0	0	0	0	0	0	0	0	0	0	0	2	0	0	0	0	0	0	0	0	0	0	0	0	0	0	0	0	0	0	0	0	0	0	0	0	2	0	0	0	0	0	2	0	0	0	0	0	1	0	1	0	1	0	1	0	0	0	0	0	0	0	0	0	1	0	0	1	1	0	0	0	0	0	0	0	1	0	0	1	0	1	0	0	0	0	0	0	0	0	0	0	0	2	1	2	2	2	1	2	0	0	2	2	2	2	2	0	2	0	2	0	0	2	0	2	0	0	2	2	0	0	2	2	0	0	0	2	0	2	0	0	2	2	2	0	2	0	0	0	0	2	0	0	0	2	2	0	2	2	2	0	0	2	2	1	2	2	2	2	2	2	2	2	2	1	0	2	0	1	0	0	2	1	2	2	0	0	2	0	2	0	1	1	2	1	2	1	2	1	2	0	2	2	0	2	2	0	0	1	2	0	1	1	0	1	0	2	2	0
37	0	0	0	0	0	0	2	0	0	0	0	0	0	0	0	0	0	0	0	0	0	0	0	0	0	0	0	0	0	0	0	0	0	0	0	0	0	0	0	0	0	0	0	0	0	0	0	0	0	0	0	0	0	0	0	1	0	0	0	0	0	0	0	0	0	0	0	0	0	0	0	0	0	0	0	0	0	0	0	0	2	0	0	0	2	0	2	0	0	0	0	0	1	1	0	0	0	0	1	0	0	0	0	0	0	0	1	0	1	0	0	0	0	0	1	1	0	1	1	1	0	0	1	0	1	0	0	1	1	1	1	1	1	1	1	0	0	2	0	1	1	1	1	1	0	0	2	2	2	2	2	0	2	0	2	0	0	2	0	2	0	0	2	2	0	0	2	2	0	1	0	2	0	2	0	0	2	2	2	0	2	0	0	0	0	2	0	0	0	2	2	0	2	2	2	0	0	1	1	1	0	2	2	1	2	1	1	1	1	0	0	2	0	1	0	1	2	0	2	2	0	0	2	0	2	0	2	1	2	1	2	2	2	2	2	0	2	2	0	2	0	0	0	2	2	0	2	2	0	2	0	2	2	0
38	0	0	0	0	0	0	2	0	0	0	0	0	0	0	0	0	0	0	0	0	0	0	0	0	0	0	0	0	0	0	0	0	0	0	0	0	0	0	0	0	0	0	0	0	0	0	0	0	0	0	0	0	0	0	0	2	0	0	0	0	0	0	0	0	0	0	0	0	0	0	0	0	0	0	0	0	0	0	0	0	2	0	0	0	2	0	2	0	0	0	0	0	2	0	2	0	2	0	2	0	0	0	0	0	0	0	2	0	2	0	0	2	2	0	0	0	1	0	0	0	1	0	0	1	0	1	0	0	0	0	0	0	0	0	0	0	1	2	2	2	2	2	2	2	1	2	2	2	2	2	2	1	2	0	2	1	1	2	1	2	1	1	2	1	1	1	2	2	0	0	0	1	0	2	0	0	1	1	1	0	1	1	0	1	0	1	0	0	0	1	1	0	1	1	1	0	0	1	1	1	1	2	2	2	2	2	2	2	1	1	0	2	0	1	0	0	2	1	2	1	0	0	1	0	1	0	1	1	1	1	2	1	2	1	1	0	2	1	0	1	1	0	0	1	2	0	1	1	0	1	0	2	1	0
39	0	0	0	0	0	0	2	0	0	0	0	0	0	0	0	0	0	0	0	0	0	0	0	0	0	0	0	0	0	0	0	0	0	0	0	0	0	0	0	0	0	0	0	0	0	0	0	0	0	0	0	0	0	0	0	2	0	0	0	0	0	0	0	0	0	0	0	0	0	0	0	0	0	0	0	0	0	0	0	0	2	0	0	0	1	0	2	0	0	0	0	0	1	0	2	0	2	0	2	0	0	0	0	0	0	0	2	1	2	0	0	2	2	0	0	0	1	0	0	0	1	0	0	1	0	1	0	0	0	0	0	0	0	0	0	0	1	2	2	2	2	2	2	2	1	1	2	2	2	2	2	1	2	1	2	1	1	2	1	2	1	1	2	2	1	1	2	2	0	0	0	1	0	1	0	0	1	1	1	0	1	0	0	0	0	1	0	0	0	1	1	0	1	1	1	0	0	1	1	1	0	1	1	0	1	0	0	0	0	0	0	1	0	0	0	0	1	0	2	2	0	0	2	1	2	1	2	2	2	2	2	2	2	2	2	0	1	2	1	2	2	1	1	2	2	1	2	2	1	2	1	2	2	1
40	0	0	0	0	0	0	1	0	0	1	0	1	1	0	1	1	0	1	1	1	0	1	1	0	0	1	0	1	1	1	0	0	0	0	0	0	0	0	0	0	0	0	0	0	0	0	0	0	0	0	0	1	0	0	0	0	0	0	0	0	0	0	0	0	0	1	0	1	2	0	0	0	0	0	0	0	0	1	0	0	1	1	0	0	2	1	2	0	0	0	0	0	1	0	1	0	1	0	1	0	0	0	0	0	0	0	1	0	1	0	0	1	1	0	0	0	1	0	1	0	1	0	0	1	0	1	0	0	0	0	0	0	0	1	0	0	0	2	2	2	2	2	2	2	1	1	2	2	2	2	1	1	2	1	2	1	1	2	1	2	1	1	2	2	1	1	2	2	0	0	0	1	0	1	0	0	1	1	1	0	1	0	0	0	0	1	0	0	0	1	1	0	1	1	1	0	0	1	1	1	0	1	1	0	1	0	0	0	0	0	0	1	0	1	0	1	1	0	2	2	0	0	2	2	2	1	2	1	2	1	2	2	2	2	2	0	1	2	1	2	1	1	1	2	2	1	2	2	1	2	1	2	2	1
296	0	0	0	0	0	0	0	0	0	2	0	2	2	0	2	2	0	2	2	2	0	2	2	0	0	2	0	2	2	2	0	0	0	0	0	0	0	0	0	0	0	0	0	0	0	0	0	0	0	0	0	2	0	0	0	0	0	0	0	0	0	0	0	0	0	2	0	0	2	0	0	0	0	0	0	0	0	2	0	0	2	2	0	0	1	2	2	0	0	0	0	0	2	0	2	0	2	0	2	0	0	0	0	0	0	0	2	0	2	0	0	2	2	0	0	0	2	0	0	0	2	0	0	2	0	2	0	0	0	0	0	0	0	0	0	0	2	2	2	2	2	2	2	2	2	2	2	2	2	2	2	2	2	2	1	2	2	2	1	2	1	1	2	1	1	2	2	2	0	0	0	0	0	0	0	0	0	0	0	0	0	0	0	0	0	0	0	0	0	0	0	0	0	0	0	0	0	0	0	0	0	0	0	0	0	0	0	0	0	0	0	0	0	0	0	0	0	0	2	2	0	0	2	2	2	2	2	2	2	2	2	1	2	2	2	0	0	2	2	2	2	2	2	2	2	2	2	2	2	2	2	2	2	2
297	0	0	0	0	0	0	1	0	0	1	0	1	1	0	1	1	0	1	1	1	0	2	1	0	0	1	0	1	1	1	0	0	0	0	0	0	0	0	0	0	0	0	0	0	0	0	0	0	0	0	0	1	0	0	0	1	0	0	0	0	0	0	0	0	0	1	0	0	1	0	0	0	0	0	0	0	0	1	0	0	2	1	0	0	2	1	2	0	0	0	0	0	1	0	2	0	2	0	2	0	0	0	0	0	0	0	2	1	2	0	0	2	2	0	0	0	1	0	0	0	1	0	0	1	0	1	0	0	0	0	0	0	0	0	0	0	1	2	2	2	2	2	2	2	1	1	2	2	2	2	2	1	2	1	2	1	1	2	1	2	1	1	2	2	1	1	2	2	0	0	0	1	0	1	0	0	1	1	2	0	1	0	0	0	0	1	0	0	0	1	1	0	1	1	1	0	0	1	1	1	0	1	1	0	1	0	0	0	0	0	0	1	0	1	0	1	1	0	2	2	0	0	2	2	2	1	2	1	2	1	2	2	2	2	2	0	1	2	1	2	1	1	1	2	2	1	2	2	1	2	1	2	2	1
298	0	0	0	0	0	0	1	0	0	1	0	1	1	0	1	1	0	1	1	1	0	1	1	0	0	1	0	1	1	1	0	0	0	0	0	0	0	0	0	0	0	0	0	0	0	0	0	0	0	0	0	1	0	0	0	0	0	0	0	0	0	0	0	0	0	1	0	1	2	0	0	0	0	0	0	0	0	1	0	0	1	1	0	0	2	1	2	0	0	0	0	0	1	0	1	0	1	0	1	0	0	0	0	0	0	0	1	0	1	0	0	1	1	0	0	0	1	0	0	0	1	0	0	1	0	1	0	0	0	0	0	0	0	0	0	0	1	2	2	2	2	2	2	2	1	1	2	2	2	2	2	1	2	1	2	1	1	2	1	2	1	1	2	2	1	1	2	2	0	0	0	1	0	1	0	0	1	1	1	0	1	0	0	0	0	1	0	0	0	1	1	0	1	1	1	0	0	1	1	1	0	1	1	0	1	0	0	0	0	0	0	1	0	1	0	1	1	0	2	2	0	0	2	1	2	1	2	1	2	1	2	2	2	2	2	0	1	2	1	2	1	1	1	2	2	1	2	2	1	2	1	2	2	1
299	0	0	0	0	0	0	2	0	0	2	0	2	2	0	2	2	0	0	2	2	0	2	2	0	0	2	2	2	2	2	2	2	2	2	0	2	2	0	2	2	2	2	0	0	0	0	2	0	0	2	2	2	0	0	0	0	0	0	2	2	2	0	0	2	0	2	2	0	0	0	0	0	0	0	0	0	0	2	0	0	2	2	0	0	2	2	2	0	0	0	0	0	2	0	2	0	2	0	2	0	0	0	0	0	0	0	2	0	2	0	0	2	2	0	0	0	2	0	0	0	2	0	0	2	0	2	0	0	0	0	0	0	0	0	0	0	2	2	2	2	2	2	2	2	2	2	2	2	2	2	2	2	2	2	2	2	2	2	2	2	2	2	2	2	2	2	2	2	0	0	0	0	0	1	0	0	0	0	0	0	0	0	0	0	0	0	0	0	0	0	0	0	0	0	0	0	0	0	0	0	0	0	0	0	0	0	0	0	1	1	0	1	0	1	0	0	1	1	2	1	0	0	1	1	1	1	1	1	1	1	2	1	2	1	1	0	2	1	0	1	1	0	0	1	2	0	1	1	0	1	1	2	1	0
300	0	0	0	0	0	0	0	0	0	1	0	1	1	0	1	1	1	2	1	1	0	1	1	0	0	1	0	1	1	1	0	0	0	0	0	0	0	0	0	0	0	0	0	0	0	0	0	0	0	0	0	1	0	0	0	0	0	0	0	0	0	0	0	0	0	2	0	0	2	0	0	0	0	0	0	0	0	1	0	0	1	1	0	0	1	2	2	0	0	0	0	0	1	0	1	0	1	0	1	0	0	0	0	0	0	0	1	0	1	0	1	1	1	0	1	1	1	0	1	1	1	0	1	1	0	1	0	1	1	1	1	1	1	1	1	0	1	2	1	2	2	2	1	2	1	1	2	2	2	2	2	1	2	1	2	1	1	2	0	2	0	0	2	1	0	1	2	2	0	0	0	0	0	1	0	0	1	1	1	0	1	0	0	0	0	1	0	0	0	1	1	0	1	1	1	0	0	1	1	0	0	1	1	1	1	1	1	1	1	0	0	1	0	1	0	1	1	0	2	2	0	0	2	2	2	1	2	1	2	1	2	2	2	2	2	0	1	2	1	2	1	1	1	2	2	1	2	2	1	2	1	2	2	1
301	0	0	0	0	0	0	0	0	0	2	0	2	2	0	2	2	0	2	2	2	0	2	2	0	0	2	0	2	2	2	0	0	0	0	0	0	0	0	0	0	0	0	0	0	0	0	0	0	0	0	0	2	0	0	0	0	0	0	0	0	0	0	0	0	0	2	0	0	2	0	0	0	0	0	0	0	0	2	0	0	2	2	0	0	2	2	2	0	0	0	0	0	2	0	2	0	2	0	2	0	0	0	0	0	0	0	2	0	2	0	0	2	2	0	0	0	2	0	0	0	2	0	0	2	0	2	0	0	0	0	0	0	0	0	0	0	1	2	2	2	2	2	2	2	2	2	2	2	2	2	2	2	2	2	2	2	2	2	2	2	2	2	2	2	2	2	2	2	0	0	0	0	0	0	0	0	0	0	0	0	0	0	0	0	0	0	0	0	0	0	0	0	0	0	0	0	0	0	0	0	0	0	0	0	0	0	0	0	0	0	0	0	0	0	0	0	0	0	2	2	0	0	2	2	2	2	2	2	2	2	2	2	2	2	2	0	0	2	2	2	2	2	2	2	2	2	2	2	2	2	2	2	2	2
302	0	0	0	0	0	0	0	0	0	1	0	1	1	0	1	1	1	2	1	1	0	1	1	0	0	1	0	1	1	1	0	0	0	0	0	0	0	0	0	0	0	0	0	0	0	0	0	0	0	0	0	1	0	0	0	0	0	0	0	0	0	0	0	0	0	1	0	0	1	0	0	0	0	0	0	0	0	1	0	0	2	1	0	0	2	1	2	0	0	0	0	0	2	0	1	0	2	0	2	0	0	0	0	0	0	0	1	0	2	0	0	2	2	0	0	0	1	0	0	0	2	0	0	2	0	2	0	0	0	0	0	0	0	0	0	0	0	2	2	1	2	2	2	2	0	0	2	2	2	2	2	0	2	0	2	0	0	2	0	2	0	0	2	2	0	0	2	2	0	1	0	2	0	2	0	0	2	2	1	0	2	0	0	0	0	2	0	0	0	2	2	0	2	2	2	0	0	2	2	2	1	2	2	1	2	1	1	1	1	1	0	2	0	2	0	1	1	0	2	2	0	0	2	2	2	1	2	1	2	1	2	2	2	2	2	0	1	2	0	2	1	0	0	2	2	0	2	2	0	2	1	2	2	0
303	0	0	0	0	0	0	2	0	0	1	1	1	1	0	1	1	0	0	1	1	0	1	1	0	0	1	1	1	1	1	1	1	1	1	0	1	1	0	1	1	1	1	0	0	0	0	1	0	0	1	1	1	0	0	0	1	0	0	1	1	1	0	0	1	0	1	1	0	0	0	0	0	0	0	0	0	0	1	0	0	2	1	0	0	2	1	2	0	0	0	0	0	2	0	2	0	2	0	2	0	0	0	0	0	0	0	1	0	2	0	0	2	2	0	0	0	1	0	0	0	2	0	0	2	0	2	0	0	0	0	0	0	0	0	0	0	1	2	2	2	2	2	2	2	1	1	2	2	2	2	2	1	2	1	2	1	1	1	1	2	1	1	2	2	1	1	2	2	0	0	0	1	0	2	0	0	1	0	1	0	1	0	0	0	0	1	0	0	0	1	1	0	1	1	1	0	0	1	1	1	1	1	1	1	1	1	1	1	1	1	0	0	0	0	0	0	0	0	2	2	0	0	2	2	2	1	2	2	1	2	1	2	2	2	2	0	1	2	1	2	2	1	1	2	2	1	2	2	1	2	1	2	2	1
304	0	0	0	0	0	0	1	0	0	1	0	1	1	0	1	1	0	1	1	1	0	1	1	0	0	1	0	1	1	1	0	0	0	0	0	0	0	0	0	0	0	0	0	0	0	0	0	0	0	0	0	1	0	0	0	1	0	0	0	0	0	0	0	0	0	1	0	0	1	0	0	0	0	0	0	0	0	1	0	0	2	1	0	0	2	1	2	0	0	0	0	0	2	0	2	0	2	0	2	0	0	0	0	0	0	0	2	0	2	0	0	2	2	0	0	0	1	0	0	0	2	0	0	2	0	2	0	0	0	0	0	0	0	0	0	0	1	2	2	2	2	2	2	2	2	2	2	2	2	2	2	2	2	2	2	2	2	2	2	2	1	2	2	2	2	2	2	2	0	0	0	0	0	1	0	0	0	0	0	0	0	0	0	0	0	0	0	0	0	0	0	0	0	0	0	0	0	0	0	0	0	0	0	0	0	0	0	0	0	0	0	0	0	0	0	0	0	0	2	2	0	0	2	2	2	2	2	2	2	2	2	2	2	2	2	0	0	2	2	2	2	2	2	2	2	2	2	2	2	2	2	2	2	2
305	0	0	0	0	0	0	1	0	0	0	0	0	0	0	0	0	1	1	0	0	0	0	0	0	0	0	0	0	0	0	0	0	0	0	0	0	0	0	0	0	0	0	0	0	0	0	0	0	0	0	0	0	0	0	0	1	0	0	0	0	0	0	0	0	0	1	0	0	1	0	0	0	0	0	0	0	0	1	0	0	2	1	0	0	2	1	2	0	0	0	0	0	2	0	1	0	2	0	2	0	0	0	0	0	0	0	1	0	2	0	0	2	2	0	0	0	1	0	0	0	2	0	0	2	0	2	0	0	0	0	0	0	0	0	0	0	0	2	2	1	2	2	2	2	0	0	2	2	2	2	2	0	2	0	2	0	0	2	0	2	0	0	2	2	0	0	2	2	0	1	0	2	0	2	0	0	2	2	1	0	2	0	0	0	0	2	0	0	0	2	2	0	2	2	2	0	0	2	2	2	1	2	2	1	2	1	1	1	1	1	0	2	0	2	0	2	2	0	2	2	0	0	2	1	2	0	2	0	2	0	2	2	2	2	2	0	2	2	0	2	0	0	0	2	2	0	2	2	0	2	0	2	2	0
306	0	0	0	0	0	0	1	0	0	1	0	1	1	0	1	1	0	1	1	1	0	1	1	0	0	1	0	1	1	1	0	0	0	0	0	0	0	0	0	0	0	0	0	0	0	0	0	0	0	0	0	1	0	0	0	1	0	0	0	0	0	0	0	0	0	1	0	0	1	0	0	0	0	0	0	0	0	1	0	0	2	1	0	0	0	0	2	0	0	0	0	0	2	0	1	0	1	0	1	0	0	0	0	0	0	0	1	0	1	0	0	1	1	0	0	0	1	0	0	0	1	0	0	1	0	1	0	0	0	0	0	0	0	0	0	0	1	2	1	2	2	2	1	2	1	1	2	2	2	2	2	1	2	1	2	1	1	2	1	2	1	1	2	2	1	1	2	2	0	0	0	1	0	1	0	0	1	1	1	0	1	0	0	0	0	1	0	0	0	1	1	0	1	1	1	0	0	1	1	0	1	1	1	1	1	1	1	1	1	0	0	1	0	1	0	0	1	1	2	2	0	0	2	1	2	1	1	1	1	1	2	1	2	1	2	0	1	2	1	2	2	1	1	1	2	1	1	1	1	1	1	2	2	1
307	0	0	0	0	0	0	0	0	0	2	0	2	2	0	2	2	0	2	2	2	0	2	2	0	0	2	0	2	2	2	0	0	0	0	0	0	0	0	0	0	0	0	0	0	0	0	0	0	0	0	0	2	0	0	0	0	0	0	0	0	0	0	0	0	0	2	0	0	2	0	0	0	0	1	0	0	0	2	0	0	2	2	0	0	2	2	2	0	0	0	0	0	2	0	2	0	2	0	2	0	0	0	0	0	0	0	2	0	2	0	0	2	2	0	0	0	2	0	0	0	2	0	0	2	0	2	0	0	0	0	0	0	0	0	0	0	2	2	2	2	2	2	2	2	2	2	2	2	2	2	2	2	2	2	2	2	2	2	2	2	2	2	2	2	2	2	2	2	0	0	0	0	0	0	0	0	0	0	0	0	0	0	0	0	0	0	0	0	0	0	0	0	0	0	0	0	0	0	0	0	0	0	0	0	0	0	0	0	0	0	0	0	0	0	0	0	0	0	2	2	0	0	2	2	2	2	2	2	2	2	2	2	2	2	2	0	0	2	2	2	2	2	2	2	2	2	2	2	2	2	2	2	2	2
308	0	0	0	0	0	0	2	0	0	0	0	0	0	0	0	0	0	0	0	0	0	0	0	0	0	0	0	0	0	0	0	0	0	0	0	0	0	0	0	0	0	0	0	0	0	0	0	0	0	0	0	0	0	0	0	2	0	0	0	0	0	0	0	0	0	0	0	0	0	0	0	0	0	0	0	0	0	0	0	0	2	0	0	0	2	0	2	0	0	0	0	0	1	0	1	0	1	0	1	0	0	0	0	0	0	0	1	0	1	0	1	1	1	0	1	1	0	1	1	1	0	0	1	0	1	0	0	1	1	1	1	1	1	1	1	0	0	2	1	2	2	2	1	2	0	1	2	2	2	2	2	0	2	0	2	0	0	2	0	2	0	0	2	1	0	0	2	2	0	0	0	2	0	2	0	0	2	2	2	0	2	1	0	1	0	2	0	0	0	2	2	0	2	2	2	0	0	2	2	1	1	2	2	2	2	2	2	2	2	1	0	2	0	2	0	1	2	1	2	1	0	0	1	1	1	0	1	0	1	0	2	1	2	1	1	0	2	1	0	1	0	0	0	1	2	0	1	1	0	1	0	2	1	0
309	0	0	0	0	0	0	1	0	0	1	0	1	1	0	1	1	0	1	1	1	0	1	1	0	0	1	0	1	1	1	0	0	0	0	0	0	0	0	0	0	0	0	0	0	0	0	0	0	0	0	0	1	0	0	0	1	0	0	0	0	0	0	0	0	0	1	0	0	1	0	0	0	0	0	0	0	0	1	0	0	2	1	0	0	2	1	2	0	0	0	0	0	2	0	2	0	2	0	2	0	0	0	0	0	0	0	2	0	2	0	0	2	2	0	0	0	1	0	0	0	1	0	0	1	0	1	0	0	0	0	0	0	0	0	0	0	1	2	2	2	2	2	2	2	2	2	2	2	2	2	2	2	2	2	2	2	2	2	2	2	2	2	2	2	2	2	2	2	0	0	0	0	0	0	0	0	0	0	0	0	0	0	0	0	0	0	0	0	0	0	0	0	0	0	0	0	0	0	0	0	0	0	0	0	0	0	0	0	0	0	0	0	0	0	0	0	0	0	2	2	0	0	2	2	2	2	2	2	2	2	2	2	2	2	2	0	0	2	2	2	2	2	2	2	2	2	2	2	2	2	2	2	2	2
310	0	0	0	0	0	0	0	0	0	2	0	2	2	0	2	2	0	2	2	2	0	2	2	0	0	2	0	2	2	2	0	0	0	0	0	0	0	0	0	0	0	0	0	0	0	0	0	0	0	0	0	2	0	0	0	0	0	0	0	0	0	0	0	0	0	2	0	0	2	0	0	0	0	0	0	0	0	2	0	0	2	2	0	0	1	1	2	0	0	0	0	0	2	0	2	0	2	0	2	0	0	0	0	0	0	0	2	0	2	0	0	2	2	0	0	0	2	0	0	0	2	0	0	2	0	2	0	0	0	0	0	0	0	0	0	0	1	2	2	2	2	2	2	2	2	2	2	2	2	2	2	2	2	2	2	2	2	2	2	2	2	2	2	2	2	2	2	2	0	0	0	0	0	0	0	0	0	0	0	0	0	0	0	0	0	0	0	0	0	0	0	0	0	0	0	0	0	0	0	0	0	0	0	0	0	0	0	0	0	0	0	0	0	0	0	0	0	0	2	2	0	0	2	2	2	2	2	2	2	2	2	2	2	2	2	0	0	2	2	2	2	2	2	2	2	2	2	2	2	2	2	2	2	2
311	0	0	0	0	0	0	1	0	0	2	0	2	2	0	2	2	0	1	2	2	0	2	2	0	0	2	1	2	2	2	1	1	1	1	0	1	1	0	1	1	1	1	0	0	0	0	1	0	0	1	1	2	0	0	0	0	0	0	1	1	1	0	0	1	0	2	1	0	1	0	0	0	0	0	0	0	0	2	0	0	2	2	0	0	2	2	2	0	0	0	0	0	2	0	2	0	2	0	2	0	0	0	0	0	0	0	2	0	2	0	0	2	2	0	0	0	2	0	0	0	2	0	0	2	0	2	0	0	0	0	0	0	0	0	0	0	2	2	2	2	2	2	2	2	2	2	2	2	2	2	2	2	2	2	2	2	2	2	2	2	2	2	2	2	2	2	2	2	0	0	0	0	0	0	0	0	0	0	0	0	0	0	0	0	0	0	0	0	0	0	0	0	0	0	0	0	0	0	0	0	0	0	0	0	0	0	0	0	0	0	0	0	0	0	0	0	0	0	2	2	0	0	2	2	2	2	2	2	2	2	2	2	2	2	2	0	0	2	2	2	2	2	2	2	2	2	2	2	2	2	2	2	2	2
312	0	0	0	0	0	0	1	0	0	2	0	2	2	0	2	2	0	1	2	2	0	2	2	0	0	2	1	2	2	2	1	1	1	1	0	1	1	0	1	1	1	1	0	0	0	0	1	0	0	1	1	2	0	0	0	0	0	0	1	1	1	0	0	1	0	2	1	0	1	0	0	0	0	0	0	0	0	2	0	0	2	2	0	0	2	2	2	0	0	0	0	0	2	0	2	0	2	0	2	0	0	0	1	1	1	1	1	1	1	0	0	1	1	0	0	0	2	0	1	0	2	0	0	2	0	2	0	0	0	0	0	0	0	0	0	0	0	2	2	2	2	2	2	2	1	2	2	2	2	2	2	1	2	1	2	1	1	2	1	2	1	1	2	2	1	1	2	2	0	0	0	1	0	1	0	0	1	1	1	0	1	0	0	0	0	1	0	0	0	1	1	0	1	1	1	0	0	0	0	0	0	0	0	0	0	0	0	0	0	0	0	0	0	0	0	0	0	0	2	2	0	0	2	2	2	2	2	2	2	2	2	2	2	2	2	0	1	2	1	2	2	1	1	2	2	1	2	2	1	2	2	2	2	1
313	0	0	0	0	0	0	1	0	0	1	0	1	1	0	1	1	0	1	1	1	0	1	1	0	0	1	0	1	1	1	0	0	0	0	0	0	0	0	0	0	0	0	0	0	0	0	0	0	0	0	0	1	0	0	0	0	0	0	0	0	0	0	0	0	0	1	0	1	2	0	0	0	0	0	0	0	0	1	0	0	1	1	0	0	1	1	2	0	0	0	0	0	1	0	1	0	1	0	1	0	0	0	0	0	0	0	1	0	1	0	0	1	1	0	0	0	1	0	0	0	1	0	0	1	0	1	0	0	0	0	0	0	0	1	0	0	0	2	2	2	2	2	2	2	1	1	2	2	2	2	2	1	2	1	2	1	1	2	1	2	1	1	2	2	1	1	2	2	0	0	0	1	0	1	0	0	1	1	1	0	1	0	0	0	0	1	0	0	0	1	1	0	1	1	1	0	0	1	1	1	0	1	1	0	1	0	0	0	0	0	0	1	0	1	0	1	1	0	2	2	0	0	2	2	2	1	2	1	2	1	2	2	2	2	2	0	1	2	1	2	1	1	1	2	2	1	2	2	1	2	1	2	2	1
314	0	0	0	0	0	0	2	0	0	0	0	0	0	0	0	0	0	0	0	0	0	0	0	0	0	0	0	0	0	0	0	0	0	0	0	0	0	0	0	0	0	0	0	0	0	0	0	0	0	0	0	0	0	0	0	2	0	0	0	0	0	0	0	0	0	0	0	0	0	0	0	0	0	0	0	0	0	0	0	0	2	0	0	0	2	0	2	0	0	0	0	0	0	0	0	0	0	0	0	0	0	0	0	0	0	0	0	0	0	0	2	0	0	0	2	2	0	2	2	2	0	0	2	0	2	0	0	2	2	2	2	2	2	2	2	0	0	2	0	2	2	2	0	2	0	0	2	2	2	2	2	0	2	0	2	0	0	2	0	2	0	0	2	2	0	0	2	2	0	0	0	2	0	2	0	0	2	2	2	0	2	0	0	0	0	2	0	0	0	2	2	0	2	2	2	0	0	2	2	0	0	2	2	2	2	2	2	2	2	0	0	2	0	2	0	2	2	0	2	2	0	0	2	2	2	0	2	0	2	0	2	2	2	2	2	0	2	2	0	2	0	0	0	2	2	0	2	2	0	2	0	2	2	0
315	0	0	0	0	0	0	1	1	0	0	1	0	0	1	0	0	1	1	0	0	1	0	0	1	1	0	0	0	0	0	0	0	0	0	1	0	0	0	0	0	0	0	1	1	1	1	0	1	1	0	0	0	1	1	1	2	1	1	0	0	0	1	1	0	1	0	0	1	1	1	1	1	1	1	1	0	1	0	1	1	1	0	1	1	1	0	1	1	1	1	1	1	1	1	1	1	1	1	1	1	1	1	1	1	1	1	1	1	1	1	1	1	1	0	1	1	0	1	1	1	0	0	1	0	1	0	0	1	1	1	1	1	1	1	1	0	1	2	1	1	1	1	1	1	1	1	2	2	2	2	2	1	2	1	2	1	1	2	1	2	1	1	2	2	1	1	2	2	0	0	0	1	0	1	0	0	1	1	1	0	1	0	0	0	0	1	0	0	0	1	1	0	1	1	1	0	0	1	1	1	0	1	1	1	1	1	1	1	1	0	0	1	0	0	0	0	1	0	2	2	0	0	2	1	2	1	2	2	2	2	2	2	2	2	2	0	1	2	1	2	1	1	1	2	2	1	2	2	1	2	1	2	2	1
316	0	0	0	0	0	0	1	1	0	0	1	0	0	1	0	0	1	1	0	0	1	0	0	1	1	0	0	0	0	0	0	0	0	0	1	0	0	0	0	0	0	0	1	1	1	1	0	1	1	0	0	0	1	1	1	1	1	1	0	0	0	1	1	0	1	0	0	2	2	1	1	1	1	1	1	0	1	0	1	1	0	0	1	1	1	0	1	1	1	1	1	1	0	1	0	1	0	1	0	1	1	1	1	1	1	1	0	1	0	1	1	0	0	0	1	1	0	1	1	1	0	1	1	0	1	0	1	1	1	1	1	1	1	1	1	1	0	1	1	1	1	1	1	1	0	0	1	1	1	1	1	0	1	0	1	0	0	1	0	1	0	0	1	1	0	0	1	1	1	1	1	2	0	2	1	1	2	2	2	1	2	1	1	1	1	2	1	1	1	2	2	1	2	2	2	1	1	2	2	2	2	2	2	2	2	2	2	2	1	1	0	1	0	1	0	0	1	1	2	1	0	0	1	1	1	1	1	1	1	1	2	1	2	1	1	0	1	1	1	1	1	1	1	1	2	1	1	1	1	1	1	2	1	1
317	0	0	0	0	0	0	2	0	0	1	0	1	1	0	1	1	0	0	1	1	0	1	1	0	0	1	1	1	1	1	1	1	1	1	0	1	1	0	1	1	1	1	0	0	0	0	1	0	0	1	1	1	0	0	0	1	0	0	1	1	1	0	0	1	0	1	1	0	0	0	0	0	0	0	0	0	0	2	0	0	2	1	0	0	2	1	2	0	0	0	0	0	2	0	2	0	2	0	2	0	0	0	0	0	0	0	2	0	2	0	0	2	2	0	0	0	2	0	0	0	2	0	0	2	0	2	0	0	0	0	0	0	0	0	0	0	2	2	2	2	2	2	2	2	2	2	2	2	2	2	2	2	2	2	2	2	2	2	2	2	2	2	2	2	2	2	2	2	0	0	0	0	0	0	0	0	0	0	0	0	0	0	0	0	0	0	0	0	0	0	0	0	0	0	0	0	0	0	0	0	0	0	0	0	0	0	0	0	0	0	0	0	0	0	0	0	0	0	2	2	0	0	2	2	2	2	2	2	2	2	2	2	2	2	2	0	0	2	2	2	2	2	2	2	2	2	2	2	2	2	2	2	2	2
318	0	0	0	0	0	0	1	0	0	2	0	2	2	0	2	2	0	1	2	2	0	2	2	0	0	2	1	2	2	2	1	1	1	1	0	1	1	0	1	1	1	1	0	0	0	0	1	0	0	1	1	2	0	0	0	0	0	0	1	1	1	0	0	1	0	2	1	0	1	0	0	0	0	0	0	0	0	2	0	0	2	2	0	0	2	2	2	0	0	0	0	0	2	0	2	0	2	0	2	0	0	0	0	0	0	0	2	0	2	0	0	2	2	0	0	0	2	0	0	0	2	0	0	2	0	2	0	0	0	0	0	0	0	0	0	0	2	2	2	2	2	2	2	2	1	2	2	2	2	2	2	2	2	2	2	2	2	2	2	2	2	2	2	2	2	2	2	2	0	0	0	0	0	1	0	0	0	0	0	0	0	0	0	0	0	0	0	0	0	0	0	0	0	0	0	0	0	0	0	0	0	0	0	0	0	0	0	0	0	0	0	0	0	0	0	0	0	0	2	2	0	0	2	2	2	2	2	2	2	2	2	2	2	2	2	0	0	2	2	2	2	2	2	2	2	2	2	2	2	2	2	2	2	2
319	0	0	0	0	0	0	2	0	0	1	0	1	1	0	1	1	0	0	2	1	0	2	2	0	0	1	1	1	1	1	1	1	1	1	0	1	1	0	1	1	1	1	0	0	0	0	1	0	0	1	1	1	0	0	0	0	0	0	1	1	1	1	1	1	0	1	1	1	1	0	0	0	0	0	0	0	0	1	0	0	1	1	0	0	1	1	2	0	0	0	0	0	2	0	2	0	1	0	1	0	0	0	0	0	0	0	2	0	2	0	0	1	1	0	0	0	1	0	0	0	1	0	0	1	0	1	0	1	0	0	0	0	0	1	0	0	1	2	2	2	2	2	2	2	1	1	2	2	2	2	1	2	2	1	2	1	1	2	1	2	1	1	2	2	1	1	2	2	0	0	0	1	0	1	0	0	1	1	1	0	1	0	0	0	0	1	0	0	0	1	1	0	1	1	1	0	0	1	1	0	0	1	0	0	0	0	1	0	1	0	0	1	0	1	0	1	1	0	2	2	0	0	2	1	2	1	2	1	2	1	2	2	2	2	2	0	2	2	0	2	1	0	0	2	2	0	1	2	0	2	1	2	2	0
320	0	0	0	0	0	0	0	0	0	1	0	1	1	0	1	1	1	2	1	1	0	1	1	0	0	1	0	1	1	1	0	0	0	0	0	0	0	0	0	0	0	0	0	0	0	0	0	0	0	0	0	1	0	0	0	0	0	0	0	0	0	0	0	0	0	2	0	0	2	0	0	0	0	0	0	0	0	1	0	0	1	1	0	0	1	1	1	0	0	0	0	0	1	0	1	0	1	0	1	0	1	1	0	0	0	0	1	1	1	1	0	1	1	0	0	0	1	0	0	0	1	0	0	1	0	1	0	0	0	0	0	0	0	0	0	0	2	2	2	2	2	2	2	2	2	2	2	2	2	2	2	2	2	2	2	2	2	2	2	2	2	2	2	2	2	2	2	2	0	0	0	0	0	0	0	0	0	0	0	0	0	0	0	0	0	0	0	0	0	0	0	0	0	0	0	0	0	0	0	0	0	0	0	0	0	0	0	0	0	0	0	0	0	0	0	0	0	0	2	2	0	0	2	2	2	2	2	2	2	2	2	2	2	2	2	0	0	2	2	2	2	2	2	2	2	2	2	2	2	2	2	2	2	2
321	0	0	0	0	0	0	0	2	0	0	2	0	0	2	0	0	2	2	0	0	2	0	0	2	2	0	0	0	0	0	0	0	0	0	2	0	0	1	0	0	0	0	2	2	2	2	0	2	2	0	0	0	2	2	2	2	2	2	0	0	0	2	2	0	2	0	0	2	2	2	2	2	2	2	2	0	2	0	2	2	0	0	2	2	0	0	0	2	2	2	2	2	0	2	0	2	0	2	0	2	2	2	2	2	2	2	0	2	0	2	2	0	0	0	2	2	0	2	2	2	0	2	2	0	2	0	2	2	2	2	2	2	2	2	2	2	0	0	0	0	0	0	0	0	0	0	0	0	0	0	0	0	0	0	0	0	0	0	0	0	0	0	0	0	0	0	0	0	2	2	2	2	0	2	2	2	2	2	2	2	2	2	2	2	2	2	2	2	2	2	2	2	2	2	2	2	2	2	2	2	2	2	2	2	2	2	2	2	0	0	0	0	0	0	0	0	0	0	2	2	0	0	2	2	2	2	2	2	2	2	2	2	2	2	2	0	0	2	2	2	2	2	2	2	2	2	2	2	2	2	2	2	2	2
322	0	0	0	0	0	0	2	0	0	1	0	1	1	0	1	1	0	0	1	1	0	1	1	0	0	1	1	1	1	1	1	1	1	1	0	1	1	0	1	1	1	1	0	0	0	0	1	0	0	1	1	1	0	0	0	1	0	0	1	1	1	0	0	1	0	1	1	0	0	0	0	0	0	0	0	0	0	1	0	0	2	1	0	0	2	1	2	0	0	0	0	0	2	0	1	0	1	0	2	0	0	0	0	0	0	0	2	0	2	0	0	1	1	0	1	0	1	0	0	0	1	0	0	1	0	1	0	0	0	0	0	0	0	0	0	0	2	2	2	2	2	2	2	2	2	2	2	2	2	2	2	2	2	2	2	2	2	2	2	2	2	2	2	2	2	2	2	2	0	0	0	0	0	0	0	0	0	0	0	0	0	0	0	0	0	0	0	0	0	0	0	0	0	0	0	0	0	0	0	0	0	0	0	0	0	0	0	0	0	0	0	0	0	0	0	0	0	0	2	2	0	0	2	2	2	2	2	2	2	2	2	2	2	2	2	0	1	2	1	2	2	1	1	2	2	1	2	2	1	2	2	2	2	1
323	0	0	0	0	0	0	1	0	0	1	0	1	1	0	1	1	0	1	1	1	0	1	1	0	0	1	0	1	1	1	0	0	0	0	0	0	0	0	0	0	0	0	0	0	0	0	0	0	0	0	0	1	0	0	0	1	0	0	0	0	0	0	0	0	0	1	0	0	1	0	0	0	0	0	0	0	0	1	0	0	2	1	0	0	2	1	2	0	0	0	0	0	2	0	2	0	2	0	2	0	0	0	0	0	0	0	2	0	2	0	0	2	2	0	0	0	1	0	0	0	2	0	0	2	0	2	0	0	0	0	0	0	0	0	0	0	1	2	2	2	2	2	2	2	1	1	2	2	2	2	2	1	2	1	2	1	1	2	1	2	1	1	2	2	1	1	2	2	0	0	0	1	0	1	0	0	1	1	1	0	1	0	0	0	0	1	0	0	0	1	1	0	1	1	1	0	0	1	1	1	0	1	1	0	1	0	0	0	0	0	0	1	0	1	0	1	1	0	2	2	0	0	2	2	2	1	2	1	2	1	2	2	2	2	2	0	1	2	1	2	1	1	1	2	2	1	2	2	1	2	1	2	2	1
324	0	0	0	0	0	0	0	0	0	2	0	2	2	0	2	2	0	2	2	2	0	2	2	0	0	2	0	2	2	2	0	0	0	0	0	0	0	0	0	0	0	0	0	0	0	0	0	0	0	0	0	2	0	0	0	0	0	0	0	0	0	0	0	0	0	2	0	0	2	0	0	0	0	0	0	0	0	2	0	0	2	2	0	0	2	2	2	0	0	0	0	0	2	0	2	0	2	0	2	0	0	0	0	0	0	0	2	0	2	0	0	2	2	0	0	0	2	0	0	0	2	0	0	2	0	2	0	0	0	0	0	0	0	0	0	0	0	2	2	2	2	2	2	2	2	2	2	2	2	2	2	2	2	2	2	2	2	2	2	2	2	2	2	2	2	2	2	2	0	0	0	0	0	0	0	0	0	0	0	0	0	0	0	0	0	0	0	0	0	0	0	0	0	0	0	0	0	0	0	0	0	0	0	0	0	0	0	0	0	0	0	0	0	0	0	0	0	0	2	2	0	0	2	2	2	2	2	2	2	2	2	2	2	2	2	0	0	2	2	2	2	2	2	2	2	2	2	2	2	2	2	2	2	2
325	0	0	0	0	0	0	2	0	0	0	0	0	0	0	0	1	0	0	0	0	0	0	0	0	0	0	0	0	0	0	0	0	0	0	0	0	0	0	0	0	0	0	0	0	0	0	0	0	0	0	0	0	0	0	0	2	0	0	0	0	0	0	0	0	0	1	0	0	1	0	0	0	0	0	0	0	0	1	0	0	2	1	0	0	2	0	2	0	0	0	0	0	1	0	2	0	2	0	2	0	0	0	0	0	0	0	2	1	2	0	0	2	2	0	0	0	1	0	0	0	1	0	0	1	0	1	0	0	0	0	0	0	0	0	0	0	2	2	2	2	2	2	2	2	2	2	2	2	2	2	2	2	2	2	2	2	2	2	2	2	2	2	2	2	2	2	2	2	0	0	0	0	0	0	0	0	0	0	0	0	0	0	0	0	0	0	0	0	0	0	0	0	0	0	0	0	0	0	0	0	0	0	0	0	0	0	0	0	0	0	0	0	0	0	0	0	0	0	2	2	0	0	2	2	2	2	2	2	1	2	2	2	2	2	2	0	0	2	2	2	2	2	2	2	2	2	2	2	2	2	2	2	2	2
326	0	0	0	0	0	0	2	0	0	0	0	0	0	0	0	0	0	0	0	0	0	0	0	0	0	0	0	0	0	0	0	0	0	0	0	0	0	0	0	0	0	0	0	0	0	0	0	0	0	0	0	0	0	0	0	2	0	0	0	0	0	0	0	0	0	0	0	0	0	0	0	0	0	0	0	0	0	0	0	0	2	0	0	0	2	0	2	0	0	0	0	0	2	0	1	0	2	0	2	0	0	0	0	0	0	0	1	0	2	0	0	2	2	0	0	0	1	0	0	0	1	0	0	1	0	1	0	0	0	0	0	0	0	0	0	0	0	2	2	2	2	2	2	2	0	1	2	2	2	2	1	0	2	0	1	0	0	2	0	2	0	0	2	1	0	0	2	2	0	0	0	2	0	2	0	0	2	2	2	0	2	1	0	1	0	2	0	0	0	2	2	0	2	2	2	0	0	2	2	2	1	2	2	1	2	1	1	1	1	1	0	2	0	1	0	0	2	1	2	1	0	0	1	0	1	0	1	1	1	1	2	1	2	1	1	0	2	1	0	1	1	0	0	1	2	0	1	1	0	1	0	2	1	0
327	0	0	0	0	0	0	2	0	0	0	0	0	0	0	0	0	0	0	0	0	0	0	0	0	0	0	0	0	0	0	0	0	0	0	0	0	0	0	0	0	0	0	0	0	0	0	0	0	0	0	0	0	0	0	0	2	0	0	0	0	0	0	0	0	0	0	0	0	0	0	0	0	0	0	0	0	0	0	0	0	2	0	0	0	2	1	2	0	0	0	1	0	1	0	2	0	2	0	2	0	0	0	0	0	0	0	2	0	2	0	0	2	2	0	0	1	0	1	0	1	1	0	1	1	1	1	0	1	1	1	1	1	1	1	1	0	0	2	1	2	2	2	1	2	0	0	2	2	2	2	1	0	2	0	1	0	0	2	0	2	0	0	2	2	0	0	2	2	0	0	0	2	0	2	0	0	2	2	2	0	2	0	0	0	0	2	0	0	0	2	2	0	2	2	2	0	0	2	2	1	0	2	2	1	2	1	1	1	1	0	0	2	0	2	0	2	1	0	2	2	0	0	2	2	2	1	2	1	2	1	2	2	2	2	2	0	1	2	0	2	1	0	0	2	2	0	2	2	0	2	1	2	2	0
328	0	0	0	0	0	0	2	0	0	0	0	0	0	0	0	0	0	0	0	0	0	1	0	0	0	0	0	0	0	0	0	0	0	0	0	0	0	0	0	0	0	0	0	0	0	0	0	0	0	0	0	0	0	0	0	2	0	0	0	0	0	0	0	0	0	0	0	0	0	0	0	0	0	0	0	0	0	0	0	0	2	0	0	0	1	0	2	0	0	0	0	0	1	0	2	0	2	0	2	0	0	0	0	0	0	0	2	1	2	0	0	2	2	0	0	0	1	0	0	0	1	0	0	1	0	1	0	0	0	0	0	0	0	0	0	0	1	2	2	2	2	2	2	2	1	1	2	2	2	2	2	1	2	1	2	1	1	2	1	2	1	1	2	2	1	1	2	2	0	0	0	1	0	2	0	0	1	1	1	0	1	0	0	0	0	1	0	0	0	1	1	0	1	1	1	0	0	1	1	1	0	1	1	0	1	0	0	0	0	0	0	1	0	1	0	1	1	0	2	2	0	0	2	1	2	1	2	1	2	1	2	2	2	2	2	0	1	2	1	2	1	1	1	2	2	1	2	2	1	2	1	2	2	1
329	0	0	0	0	0	0	2	0	0	0	0	0	0	0	0	0	0	0	0	0	0	1	0	0	0	0	0	0	0	0	0	0	0	0	0	0	0	0	0	0	0	0	0	0	0	0	0	0	0	0	0	0	0	0	0	2	0	0	0	0	0	0	0	0	0	0	0	0	0	0	0	0	0	0	0	0	0	0	0	0	2	0	0	0	2	0	2	0	0	0	0	0	1	0	2	0	2	0	2	0	0	0	0	0	0	0	2	1	2	0	0	2	2	0	0	0	0	0	0	0	1	0	0	1	0	1	0	0	0	0	0	0	0	0	0	0	1	2	2	2	2	2	2	2	1	1	2	2	2	2	2	1	2	0	2	0	0	2	0	2	0	0	2	2	0	0	2	2	0	0	0	1	0	1	0	0	1	1	1	0	1	0	0	0	0	1	0	0	0	1	1	0	1	1	1	0	0	1	1	1	0	1	1	0	1	0	0	0	0	0	0	1	0	1	0	1	1	0	2	2	0	0	2	1	2	1	2	1	2	1	1	2	2	2	2	0	1	2	1	2	1	1	1	2	2	1	2	2	1	2	1	2	2	1
330	0	0	0	0	0	0	2	0	0	1	0	1	1	0	1	1	0	0	1	1	0	1	1	0	0	1	1	1	1	1	1	1	1	1	0	1	1	0	1	1	1	1	0	0	0	0	1	0	0	1	1	1	0	0	0	1	0	0	1	1	1	0	0	1	0	1	1	0	0	0	0	0	0	0	0	0	0	1	0	0	2	1	0	0	2	1	2	0	0	0	0	0	1	0	1	0	1	0	1	0	0	0	0	0	0	0	1	0	1	0	1	1	1	0	1	1	1	1	1	1	1	0	1	1	1	1	0	1	1	1	1	1	1	1	1	0	1	2	1	2	2	2	1	2	1	1	2	2	2	2	2	1	2	1	2	1	1	2	1	2	1	1	2	2	1	1	2	2	0	0	0	1	0	1	0	0	1	1	1	0	1	0	0	0	0	1	0	0	0	1	1	0	1	1	1	0	0	2	2	1	1	2	2	2	2	2	2	2	2	1	0	2	0	2	0	1	2	1	2	1	0	0	1	1	1	0	1	0	1	0	2	1	2	1	1	0	2	1	0	1	0	0	0	1	2	0	1	1	0	1	0	2	1	0
331	0	0	0	0	0	0	1	0	0	1	0	1	1	0	1	1	0	1	1	1	0	1	1	0	0	1	0	1	1	1	0	0	0	0	0	0	0	0	0	0	0	0	0	0	0	0	0	0	0	0	0	1	0	0	0	1	0	0	0	0	0	0	0	0	0	1	0	0	1	0	0	0	0	0	0	0	0	1	0	0	2	1	0	0	1	1	2	0	0	0	0	0	2	0	2	0	2	0	2	0	0	0	0	0	0	0	2	0	2	0	0	2	2	0	0	0	2	0	0	0	2	0	0	2	0	2	0	0	0	0	0	0	0	0	0	0	1	2	2	2	2	2	2	2	1	1	2	2	2	2	2	1	2	1	2	1	1	2	1	2	1	1	2	2	1	1	2	2	0	0	0	1	0	1	0	0	1	1	1	0	1	0	0	0	0	1	0	0	0	1	1	0	1	1	1	0	0	1	1	1	0	1	1	0	1	0	0	0	0	0	0	1	0	0	0	0	1	0	2	2	0	0	2	1	2	1	2	2	2	2	2	1	2	2	2	0	1	2	1	2	2	1	1	2	2	1	2	2	1	2	1	2	2	1
332	0	0	0	0	0	0	1	0	0	2	0	2	2	0	2	2	0	1	2	2	0	2	2	0	0	2	1	2	2	2	0	1	1	1	0	1	1	0	1	1	1	1	0	0	0	0	1	0	0	1	1	2	0	0	0	0	0	0	1	1	1	0	0	1	0	2	1	0	1	0	0	0	0	0	0	0	0	2	0	0	2	2	0	0	2	2	2	0	0	0	0	0	2	0	2	0	2	0	2	0	0	0	0	0	0	0	2	0	2	0	0	2	2	0	0	0	2	0	0	0	2	0	0	2	0	2	0	0	0	0	0	0	0	0	0	0	2	2	2	2	2	2	2	2	1	2	2	2	2	2	2	1	2	1	2	1	1	2	1	2	1	1	2	1	1	1	2	2	0	0	0	1	0	1	0	0	1	1	1	0	1	2	0	1	0	1	0	0	0	1	1	0	1	1	1	0	0	1	1	1	1	1	1	1	1	1	1	1	1	1	0	0	0	0	0	0	0	0	2	2	0	0	2	2	2	2	2	2	2	2	2	2	2	2	2	0	0	2	2	2	2	2	2	2	2	2	2	2	2	2	2	2	2	2
333	0	0	0	0	1	0	2	0	0	0	0	0	0	0	0	0	0	0	0	0	0	1	0	0	0	0	0	0	0	0	0	0	0	0	0	0	0	0	0	0	0	0	0	0	0	0	0	0	0	0	0	0	0	0	0	1	0	0	0	0	0	0	0	0	0	0	0	1	1	0	0	0	0	0	0	0	0	0	0	0	1	0	0	0	1	1	2	0	0	0	0	0	1	0	1	0	0	0	1	0	1	0	0	0	0	0	1	0	1	0	0	1	1	0	0	1	0	0	1	0	1	0	0	1	0	1	0	0	0	0	0	0	0	1	0	0	0	2	2	2	2	2	2	2	0	0	2	2	2	2	1	0	2	0	1	0	0	2	0	2	0	0	2	2	0	0	2	2	0	0	0	2	0	2	0	0	1	2	1	0	2	0	0	0	0	2	0	0	0	2	2	0	2	2	2	0	0	2	2	2	0	2	2	0	2	0	0	0	0	0	0	2	0	2	0	2	1	0	2	2	0	0	2	2	2	1	2	0	1	1	2	2	2	2	2	0	1	2	0	2	1	0	0	2	2	0	2	2	0	2	1	2	2	0
334	0	0	0	0	0	0	2	0	0	0	0	0	0	0	0	0	0	0	0	0	0	0	0	0	0	1	0	0	0	0	0	0	0	0	0	0	0	0	0	0	0	0	0	0	0	0	0	0	0	0	0	0	0	0	0	2	0	0	0	0	0	0	0	0	0	0	0	0	0	0	0	0	0	0	0	0	0	0	0	0	2	0	0	0	1	0	2	0	0	0	0	0	2	0	1	0	1	0	2	0	0	0	0	0	0	0	2	0	2	0	0	1	1	0	0	0	2	0	0	0	2	0	0	2	0	2	0	0	0	0	0	0	0	0	0	0	1	2	2	2	2	2	2	2	1	1	2	2	2	2	2	1	2	1	2	1	1	2	1	2	1	1	2	2	1	1	2	2	0	0	0	1	0	1	0	0	1	1	1	0	1	0	0	0	0	1	0	0	0	1	1	0	1	1	1	0	0	1	1	1	0	1	1	0	1	0	0	0	0	0	0	1	0	0	0	0	1	0	2	2	0	0	2	1	2	1	2	2	2	2	2	2	2	2	2	0	1	2	1	2	2	1	1	2	2	1	2	2	1	2	1	2	2	1
335	0	0	0	0	0	0	2	0	0	0	0	0	0	0	0	0	0	0	0	0	0	0	0	0	0	0	0	0	0	0	0	0	0	0	0	0	0	0	0	0	0	0	0	0	0	0	1	0	0	1	1	1	0	0	0	1	0	0	1	1	1	0	0	1	0	1	1	0	0	0	0	0	0	0	0	0	0	1	0	0	2	1	0	0	2	1	2	0	0	0	0	0	1	0	2	0	2	0	2	0	0	0	0	0	0	0	2	0	2	0	0	2	2	0	0	0	1	0	0	0	1	0	0	1	0	1	0	0	0	0	0	0	0	0	0	0	1	2	2	2	2	2	2	2	1	2	2	2	2	2	2	1	2	1	2	1	1	2	1	2	1	1	2	1	1	1	2	2	0	0	0	1	0	1	0	0	1	1	1	0	1	1	0	1	0	1	0	0	0	1	1	0	1	1	1	0	0	1	1	1	1	1	1	1	1	1	1	1	1	1	0	1	0	1	0	0	1	1	2	1	0	0	1	1	1	1	1	1	1	0	2	1	2	1	1	0	1	1	1	1	1	1	1	1	2	1	1	1	1	1	1	2	1	1
336	0	0	0	0	0	0	1	0	0	2	1	2	2	0	2	2	0	1	2	2	0	2	2	0	0	2	1	2	2	2	1	1	1	1	0	1	1	0	1	1	1	1	0	0	0	0	1	0	0	1	1	2	0	0	0	0	0	0	1	1	1	0	0	1	0	2	1	0	1	0	0	0	0	0	0	0	0	2	0	0	2	2	0	0	1	1	2	0	0	0	0	0	2	0	1	0	2	0	2	0	0	0	0	0	0	0	2	0	2	0	0	2	2	0	0	0	2	0	0	0	2	0	0	2	0	2	0	0	0	0	0	0	0	0	0	0	2	2	2	2	2	2	2	2	2	2	2	2	2	2	1	2	2	2	2	2	2	2	2	2	2	2	2	2	2	2	2	2	0	0	0	0	0	0	0	0	0	0	0	0	0	0	0	0	0	0	0	0	0	0	0	0	0	0	0	0	0	0	0	0	0	0	0	0	0	0	0	0	0	0	0	0	0	0	0	0	0	0	2	2	0	0	2	2	2	2	2	2	2	2	2	2	2	2	2	0	1	2	1	2	2	1	1	2	2	1	2	2	1	2	2	2	2	1
337	0	0	0	0	0	0	2	0	0	0	0	0	0	0	0	0	0	0	0	0	0	1	0	0	0	0	0	0	0	0	0	0	0	0	0	0	0	0	0	0	0	0	0	0	0	0	0	0	0	0	0	0	0	0	0	1	0	0	0	0	0	0	0	0	0	0	0	0	0	0	0	0	0	0	0	0	1	0	0	0	2	0	0	0	2	0	2	0	0	0	0	0	0	0	1	0	0	0	1	0	0	0	0	0	0	0	1	0	1	0	0	1	1	0	1	1	0	1	1	1	0	0	1	0	1	1	0	1	1	1	1	1	1	1	1	0	0	2	1	1	1	1	2	1	0	0	2	2	2	2	1	0	2	1	2	0	0	2	0	2	0	0	2	2	0	0	2	2	0	1	0	2	0	2	1	1	2	2	1	0	2	0	0	0	0	2	0	0	0	2	2	0	2	2	2	0	0	2	1	1	0	1	1	1	1	1	1	1	1	0	0	1	0	0	0	0	1	0	2	2	0	0	2	1	2	1	2	2	2	2	2	2	2	2	2	0	1	2	1	2	1	1	1	2	2	1	2	2	1	2	1	2	2	1
338	0	0	0	0	0	0	2	0	0	0	0	0	0	0	0	0	0	0	0	0	0	0	0	0	0	0	0	0	0	0	0	0	0	0	0	0	0	0	0	0	0	0	0	0	0	0	0	0	0	0	0	0	0	0	0	2	0	0	0	0	0	0	0	0	0	0	0	0	0	0	0	0	0	0	0	0	1	0	0	0	2	0	0	0	2	1	2	0	0	0	1	0	2	0	1	0	1	0	2	0	0	0	0	0	0	0	2	0	2	0	0	1	1	0	0	0	0	0	0	0	1	0	0	1	0	1	0	0	0	0	0	0	0	0	0	0	1	2	2	2	2	2	2	2	2	1	2	2	2	2	1	1	2	0	2	1	1	2	1	2	1	1	2	2	1	1	2	2	0	0	0	1	0	2	0	0	0	1	1	0	1	0	0	0	0	1	0	0	0	1	1	0	1	1	1	0	0	1	1	1	0	2	2	1	2	1	1	1	0	0	0	2	0	1	0	1	1	0	2	2	0	0	2	1	2	1	2	2	2	2	2	2	2	2	2	0	1	2	0	2	2	0	0	2	2	0	2	2	0	2	1	2	2	0
339	0	0	0	0	0	0	2	0	0	0	0	0	0	0	0	0	0	0	0	0	0	0	0	0	0	0	0	0	0	0	0	0	0	0	0	0	0	0	0	0	0	0	0	0	0	0	0	0	0	0	0	0	0	0	0	2	0	0	0	0	0	0	0	0	0	0	0	0	0	0	0	0	0	0	0	0	0	0	0	0	2	0	0	0	1	0	2	0	0	0	0	0	1	0	0	0	0	0	1	0	0	0	0	0	1	0	1	0	1	0	1	0	0	0	1	1	0	1	1	1	0	0	1	0	1	0	0	1	1	1	1	1	1	1	1	0	0	2	0	2	2	2	0	2	0	0	2	2	2	2	1	0	2	0	1	0	0	2	0	2	0	0	2	2	0	0	2	2	0	1	0	2	0	2	0	0	2	2	2	0	2	0	0	0	0	2	0	0	0	2	2	0	2	2	2	0	0	1	1	0	0	2	2	1	2	1	1	1	1	0	0	2	0	2	0	2	2	0	2	2	0	0	1	1	2	0	2	0	2	0	2	2	2	2	2	0	2	2	0	2	0	0	0	2	2	0	2	2	0	2	0	2	2	0
340	0	0	0	0	0	0	2	0	0	1	0	1	1	0	1	1	0	0	1	1	0	1	1	0	0	1	1	1	1	1	1	1	1	1	0	1	1	0	1	1	1	1	0	0	0	0	1	0	0	1	1	1	0	0	0	1	0	0	1	1	1	0	0	1	0	1	1	0	0	0	0	0	0	0	0	0	0	1	0	0	2	1	0	0	2	1	2	0	0	0	0	0	1	0	2	0	2	0	2	0	0	0	0	0	0	0	2	0	2	0	0	2	2	0	0	0	1	0	0	0	1	0	0	1	0	1	0	0	0	0	0	0	0	0	0	0	2	2	2	2	2	2	2	2	2	2	2	2	2	2	2	2	2	2	2	2	2	2	2	2	2	2	2	2	2	2	2	2	0	0	0	0	0	0	0	0	0	0	0	0	0	0	0	0	0	0	0	0	0	0	0	0	0	0	0	0	0	0	0	0	0	0	0	0	0	0	0	0	0	0	0	0	0	0	0	0	0	0	2	2	0	0	2	2	2	2	2	2	2	2	2	2	2	2	2	0	1	2	1	2	2	1	1	2	2	1	2	2	1	2	2	2	2	1
341	0	0	0	0	0	0	2	0	0	0	0	0	0	0	0	0	0	0	0	0	0	0	0	0	0	0	0	0	0	0	0	0	0	0	0	0	0	0	0	0	0	0	0	0	0	0	0	0	0	0	0	0	0	0	0	2	0	0	0	0	0	0	0	0	0	0	0	0	0	0	0	0	0	0	0	0	0	0	0	0	2	0	0	0	1	0	2	0	0	0	0	0	1	0	1	0	1	0	1	0	0	0	0	0	0	0	1	0	1	0	0	1	1	0	0	0	0	0	0	0	0	0	0	0	0	0	0	0	0	0	0	0	0	0	0	0	1	2	1	2	2	2	1	2	1	1	2	2	2	2	2	1	2	1	2	1	1	2	1	2	1	1	2	2	1	1	2	2	0	0	0	1	0	1	0	0	1	1	1	0	1	0	0	0	0	1	0	0	0	1	1	0	1	1	1	0	0	1	1	0	1	1	1	1	1	1	1	1	1	0	0	1	0	1	0	0	1	1	2	2	0	0	2	1	2	1	1	1	2	1	2	1	2	1	2	0	1	2	1	2	2	1	1	1	2	1	1	1	1	1	1	2	2	1
342	0	0	0	0	0	0	1	1	0	0	1	0	0	1	0	0	1	1	0	0	1	0	0	1	1	0	0	0	0	0	0	0	0	0	1	0	0	0	0	0	0	0	1	1	1	1	0	1	1	0	0	0	1	1	1	2	1	1	0	0	0	1	1	0	1	0	0	1	1	1	1	1	1	1	1	0	1	0	1	1	1	0	1	1	1	0	1	1	1	1	1	1	1	1	1	1	1	1	1	1	1	1	1	1	1	1	1	1	1	1	1	1	1	0	1	1	0	1	1	1	0	1	1	0	1	0	1	1	1	1	1	1	1	1	1	1	0	1	1	1	1	1	1	1	0	1	1	1	1	1	1	0	1	0	1	0	0	1	0	1	0	0	1	0	0	0	1	1	1	1	1	2	0	2	1	1	2	2	2	1	2	2	1	2	1	2	1	1	1	2	2	1	2	2	2	1	1	2	2	2	2	2	2	2	2	2	2	2	1	1	0	1	0	1	0	0	1	1	2	1	0	0	1	1	1	1	1	1	1	1	2	1	2	1	1	0	1	1	1	1	1	1	1	1	2	1	1	1	1	1	1	2	1	1
343	0	0	0	0	0	0	2	0	0	0	0	0	0	0	0	0	0	0	0	0	0	0	0	0	0	0	0	0	0	0	0	0	0	0	0	0	0	0	0	0	0	0	0	0	0	0	0	0	0	0	0	0	0	0	0	2	0	0	0	0	0	0	0	0	0	0	0	0	0	0	0	0	0	0	0	0	1	0	0	0	2	0	0	0	2	0	2	0	0	0	0	0	1	0	0	0	1	0	1	0	0	0	0	0	0	0	1	0	1	0	1	0	0	0	1	1	0	1	1	1	0	0	1	0	1	0	0	1	1	1	1	1	1	1	1	0	0	2	0	2	2	2	0	2	0	0	2	2	2	2	1	0	2	0	2	0	0	2	0	2	0	0	2	2	0	0	2	2	0	1	0	2	0	2	0	0	2	2	2	0	2	0	0	0	0	2	0	0	0	2	2	0	2	2	2	0	0	1	1	0	0	2	2	1	2	1	1	1	1	0	0	2	0	2	0	2	2	0	2	2	0	0	2	1	2	0	2	0	2	0	1	2	2	2	2	0	2	2	0	2	0	0	0	2	2	0	2	2	0	2	0	2	2	0
344	0	0	0	0	0	0	2	0	0	0	0	0	0	0	0	0	0	0	0	0	0	0	0	0	0	0	0	0	0	0	0	0	0	0	0	0	0	0	0	0	0	0	0	0	0	0	0	0	0	0	0	0	0	0	0	2	0	0	0	0	0	0	0	0	0	0	0	0	0	0	0	0	0	0	0	0	0	0	0	0	2	0	0	0	1	0	2	0	0	0	0	0	2	0	1	0	1	0	2	0	0	0	0	0	0	0	2	0	2	0	0	1	1	0	0	0	1	0	0	0	1	0	0	1	0	1	0	0	0	0	0	0	0	0	0	0	0	2	2	2	2	2	2	2	0	1	2	2	2	2	2	0	2	0	2	0	0	2	0	2	0	0	2	1	0	0	2	2	0	0	0	2	0	2	0	0	2	1	2	0	2	1	0	1	0	2	0	0	0	2	2	0	2	2	2	0	0	2	2	2	1	2	2	1	2	1	1	1	1	1	0	2	0	1	0	0	2	1	2	1	0	0	1	0	1	0	1	1	1	1	2	1	2	1	1	0	2	1	0	1	1	0	0	1	2	0	1	1	0	1	0	2	1	0
345	0	0	0	0	0	0	2	0	0	0	0	0	0	0	0	0	0	0	0	0	0	1	0	0	0	0	0	0	0	0	0	0	0	0	0	0	0	0	0	0	0	0	0	0	0	0	0	0	0	0	0	0	0	0	0	2	0	0	0	0	0	0	0	0	0	0	0	0	0	0	0	0	0	0	0	0	0	0	0	0	2	0	0	0	2	0	2	0	0	0	0	0	1	0	2	0	2	0	2	0	0	0	0	0	0	0	1	1	2	0	0	2	2	0	0	0	0	0	0	0	0	0	0	0	0	0	0	0	0	0	0	0	0	0	0	0	0	2	2	2	2	2	2	2	0	1	2	2	2	2	1	0	2	0	1	0	0	2	0	2	0	0	2	1	0	0	2	2	0	0	0	2	0	2	0	0	2	2	2	0	2	1	0	1	0	2	0	0	0	2	2	0	2	2	2	0	0	2	2	2	1	2	2	1	2	1	1	1	1	1	0	2	0	2	0	1	2	1	2	1	0	0	1	0	1	0	1	0	1	0	1	1	2	1	1	0	2	1	0	1	0	0	0	1	2	0	1	1	0	1	0	2	1	0
346	0	0	0	0	0	0	2	0	0	0	0	0	0	0	0	0	0	0	0	0	0	0	0	0	0	0	0	0	0	0	0	0	0	0	0	0	0	0	0	0	0	0	0	0	0	0	0	0	0	0	0	0	0	0	0	1	0	0	0	0	0	0	0	0	0	0	0	0	0	0	0	0	0	0	0	0	0	0	0	0	1	0	0	0	1	0	2	0	0	0	0	0	1	1	0	1	0	1	1	0	1	1	0	0	0	0	1	0	1	0	0	0	0	0	0	0	1	0	0	0	1	0	0	1	0	1	0	0	0	0	0	0	0	0	0	0	0	2	2	2	2	2	2	2	0	2	2	2	2	2	1	0	2	0	2	0	0	2	0	2	0	0	2	1	0	0	2	2	0	0	0	2	0	2	0	0	2	1	2	0	2	1	0	1	0	2	0	0	0	2	2	0	2	2	2	0	0	1	1	1	1	1	1	1	1	1	1	1	1	1	0	1	0	1	0	0	1	1	2	1	0	0	1	1	1	1	1	1	1	1	2	1	2	1	1	0	2	1	0	1	1	0	0	1	2	0	1	1	0	1	1	2	1	0
347	0	0	0	0	0	0	2	0	0	0	0	0	0	0	0	0	0	0	0	0	0	0	0	0	0	0	0	0	0	0	0	0	0	0	0	0	0	0	0	0	0	0	0	0	0	0	0	0	0	0	0	0	0	0	0	2	0	0	0	0	0	0	0	0	0	1	0	0	1	0	0	0	0	0	0	0	1	1	0	0	2	1	0	0	2	1	2	0	0	0	0	0	2	0	2	0	2	0	2	0	0	0	0	0	0	0	2	0	2	0	0	2	2	0	0	0	1	0	0	0	1	0	0	1	0	1	0	0	0	0	0	0	0	0	0	0	1	2	2	2	2	2	2	2	1	2	2	2	2	2	1	1	2	1	1	1	1	2	1	2	1	1	2	1	1	1	2	2	0	1	0	1	0	1	0	0	1	0	1	0	1	1	0	1	0	1	0	0	0	1	1	0	1	1	1	0	0	1	1	1	1	1	1	1	1	1	1	1	1	1	0	1	0	1	0	0	1	1	2	1	0	0	1	1	1	1	1	1	1	1	2	1	2	1	1	0	1	1	1	1	1	1	1	1	2	1	1	1	1	1	1	2	1	1
348	0	0	0	0	0	0	2	0	0	0	0	0	0	0	0	0	0	0	0	0	0	0	0	0	0	0	0	0	0	0	0	0	0	0	0	0	0	0	0	0	0	0	0	0	0	0	0	0	0	0	0	0	0	0	0	2	0	0	0	0	0	0	0	0	0	0	0	0	0	0	0	0	0	0	0	0	0	0	0	0	2	0	0	0	1	0	2	0	0	0	0	0	1	0	1	0	2	0	2	0	0	0	0	0	0	0	1	1	2	0	0	2	2	0	0	0	0	0	0	0	0	0	0	0	0	0	0	0	0	0	0	0	0	0	0	0	1	2	2	2	2	2	2	2	1	2	2	2	2	1	1	1	2	1	1	1	1	2	1	2	1	1	2	1	1	1	2	2	0	0	0	1	0	1	0	0	1	1	1	0	1	1	0	1	0	1	0	0	0	1	1	0	1	1	1	0	0	1	1	1	1	1	1	1	1	1	1	1	1	1	0	1	0	1	0	0	1	1	2	1	0	0	1	1	1	1	1	1	1	1	2	1	2	1	1	0	1	1	1	1	1	1	1	1	2	1	1	1	1	1	1	2	1	1
349	0	0	0	0	0	0	2	0	0	1	0	1	1	0	1	1	0	0	1	1	0	1	1	0	0	1	1	1	1	1	1	1	1	1	0	1	1	0	1	1	1	1	0	0	0	0	1	0	0	1	1	1	0	0	0	1	0	0	1	1	1	0	0	1	0	2	1	0	1	0	0	0	0	0	0	0	0	2	0	0	2	2	0	0	2	2	2	0	0	0	0	0	2	0	2	0	2	0	2	0	0	0	0	0	0	0	2	0	2	0	0	2	2	0	0	0	2	0	0	0	2	0	0	2	0	2	0	0	0	0	0	0	0	0	0	0	2	2	2	2	2	2	2	2	2	2	2	2	2	2	1	2	2	2	2	2	2	1	2	2	2	2	2	2	2	2	2	2	0	0	0	0	0	1	0	0	0	0	0	0	0	0	0	0	0	0	0	0	0	0	0	0	0	0	0	0	0	0	0	0	0	0	0	0	0	0	0	0	0	0	0	0	0	0	0	0	0	0	2	2	0	0	2	2	2	2	2	2	2	2	2	2	2	2	2	0	0	2	2	2	2	2	2	2	2	2	2	2	2	2	2	2	2	2
350	0	0	0	0	0	0	2	0	0	0	0	0	0	0	0	0	0	0	0	0	0	0	0	0	0	0	0	0	0	0	0	0	0	0	0	0	0	0	0	0	0	0	0	0	0	0	0	0	0	0	0	0	0	0	0	2	0	0	0	0	0	0	0	0	0	0	0	0	0	0	0	0	0	0	0	0	0	0	0	0	2	0	0	0	2	1	2	0	0	0	1	0	1	0	2	0	2	0	2	0	0	0	0	0	0	0	2	1	2	0	0	2	2	0	0	0	0	0	0	0	1	0	0	1	0	1	0	0	0	0	0	0	0	0	0	0	1	2	2	2	2	2	2	2	2	1	2	2	2	2	1	1	2	1	2	1	1	2	1	2	1	1	2	2	1	1	2	2	0	0	0	1	0	1	0	0	0	1	1	0	1	0	0	0	0	1	0	0	0	1	1	0	1	1	1	0	0	1	1	1	0	1	1	0	1	0	0	0	0	0	0	1	0	1	0	1	0	0	2	2	0	0	2	2	2	2	2	2	2	2	2	2	2	2	2	0	0	2	1	2	2	1	1	2	2	1	2	2	1	2	2	2	2	1
351	0	0	0	0	0	0	0	0	0	1	0	1	1	0	1	1	1	2	1	1	0	1	1	0	0	1	0	1	1	1	0	0	0	0	0	0	0	0	0	0	0	0	0	0	0	0	0	0	0	0	0	1	0	0	0	0	0	0	0	0	0	0	0	0	0	2	0	0	2	0	0	0	0	0	0	0	0	1	0	0	1	1	0	0	1	2	2	0	0	0	0	0	1	0	1	0	1	0	1	0	0	0	0	0	0	0	1	0	1	0	1	1	1	0	1	1	1	1	1	1	1	0	1	1	1	1	0	1	1	1	1	1	1	1	1	0	1	2	1	2	2	2	1	2	1	1	2	2	2	2	2	1	2	1	2	1	1	2	1	2	1	1	2	2	1	1	2	2	0	1	0	1	0	1	0	0	1	1	1	0	1	0	0	0	0	1	0	0	0	1	1	0	1	1	1	0	0	0	0	0	0	1	1	0	1	0	0	0	0	0	0	1	0	1	0	1	1	0	2	2	0	0	2	2	2	1	2	1	2	1	2	2	2	2	2	0	1	2	1	2	1	1	1	2	2	1	2	2	1	2	1	2	2	1
352	0	0	0	0	0	0	2	0	0	1	0	1	1	0	1	1	0	0	1	1	0	1	1	0	0	1	1	1	1	1	1	1	1	1	0	1	1	0	1	1	1	1	0	0	0	0	1	0	0	1	1	1	0	0	0	1	0	0	1	1	1	0	0	1	0	1	1	0	0	0	0	0	0	0	0	0	0	1	0	0	2	1	0	0	2	1	2	0	0	0	0	0	1	0	2	0	2	0	2	0	0	0	0	0	0	0	2	0	2	0	0	2	2	0	0	0	1	0	0	0	1	0	0	1	0	1	0	0	0	0	0	0	0	0	0	0	1	2	2	2	2	2	2	2	1	2	2	2	2	2	2	1	2	1	2	1	1	2	1	2	1	1	2	1	1	1	2	2	0	0	0	1	0	1	0	0	1	1	1	0	1	1	0	1	0	1	0	0	0	1	1	0	1	1	1	0	0	1	1	1	1	1	1	1	1	1	1	1	1	1	0	1	0	1	0	0	1	1	2	1	0	0	1	1	1	1	1	1	1	1	2	1	2	1	1	0	1	1	1	1	1	1	1	1	2	1	1	1	1	1	1	2	1	1
353	0	0	0	0	1	0	2	0	0	0	0	0	0	0	0	0	0	0	0	0	0	1	0	0	0	0	0	0	0	0	0	0	0	0	0	0	0	0	0	0	0	0	0	0	0	0	0	0	0	0	0	0	0	0	0	2	0	0	0	0	0	0	0	0	0	0	0	0	0	0	0	0	0	0	0	0	0	0	0	0	2	0	0	0	0	1	2	0	0	0	0	0	1	0	1	0	0	0	1	0	1	0	0	0	0	0	1	0	1	0	0	1	1	0	0	1	0	0	0	0	1	0	0	1	0	1	0	0	0	0	0	0	0	0	0	0	0	2	1	2	2	2	1	2	0	0	2	2	2	2	1	0	2	0	1	0	0	2	0	2	0	0	2	2	0	0	2	2	0	0	0	2	0	2	0	0	1	2	1	0	2	0	0	0	0	2	0	0	0	2	2	0	2	2	2	0	0	2	2	1	1	2	2	1	2	1	1	1	1	0	0	2	0	2	0	1	1	1	2	2	0	0	2	1	2	1	1	0	1	1	2	1	2	1	2	0	1	2	0	2	2	0	0	1	2	0	1	1	0	1	1	2	2	0
354	0	0	0	0	0	0	1	0	0	1	0	1	1	0	1	2	0	1	1	1	0	1	1	0	0	1	0	1	1	1	0	0	0	0	0	0	0	0	0	0	0	0	0	0	0	0	0	0	0	0	0	1	0	0	0	0	0	0	0	0	0	0	0	0	0	1	0	0	1	0	0	0	0	0	0	0	0	1	0	0	1	1	0	0	1	1	2	0	0	0	0	0	1	1	1	1	1	1	1	0	1	1	0	0	0	0	1	1	1	0	0	1	1	0	0	0	1	0	0	0	1	0	0	2	0	1	0	0	0	0	0	0	0	0	0	0	1	2	2	2	2	2	2	2	1	2	2	2	2	2	1	2	1	1	1	2	1	2	1	2	2	1	2	2	1	2	2	2	0	0	0	1	0	1	0	0	0	0	1	0	0	1	0	0	0	0	0	0	0	0	1	0	1	1	1	0	0	0	0	0	0	0	0	0	0	0	0	0	0	0	0	0	0	0	0	0	0	0	2	2	0	0	2	2	2	2	2	2	1	1	2	2	2	2	2	0	1	2	1	2	2	1	1	2	2	1	2	2	1	2	2	2	2	1
355	0	0	0	0	0	0	2	0	0	1	0	1	1	0	1	1	0	0	1	1	0	1	1	0	0	1	1	1	1	1	1	1	1	1	0	1	1	0	1	1	1	1	0	0	0	0	1	0	0	1	1	1	0	0	0	1	0	0	1	1	1	0	0	1	0	1	1	0	0	0	0	0	0	0	0	0	0	1	0	0	2	1	0	0	2	1	2	0	0	0	0	0	1	0	2	0	2	0	2	0	0	0	0	0	0	0	2	0	2	0	0	2	2	0	0	0	1	0	0	0	1	0	0	1	0	1	0	0	0	0	0	0	0	0	0	0	2	2	2	2	2	2	2	2	2	2	2	2	2	2	2	2	2	2	2	2	2	2	2	2	2	2	2	2	2	2	2	2	0	0	0	0	0	0	0	0	0	0	0	0	0	0	0	0	0	0	0	0	0	0	0	0	0	0	0	0	0	0	0	0	0	0	0	0	0	0	0	0	0	0	0	0	0	0	0	0	0	0	2	2	0	0	2	2	2	2	2	2	2	2	2	2	2	2	2	0	1	2	1	2	2	1	1	2	2	1	2	2	1	2	2	2	2	1
356	0	0	0	0	0	0	1	0	0	1	0	1	1	0	1	1	1	1	1	1	0	1	1	0	0	1	1	1	1	1	1	1	1	1	0	1	1	0	1	1	1	1	0	0	0	0	1	0	0	1	1	1	0	0	0	0	0	0	1	1	1	0	0	1	0	1	1	0	0	0	0	0	0	0	0	0	0	1	0	0	2	1	0	0	2	1	2	0	0	0	0	0	2	0	1	0	2	0	2	0	0	0	0	0	0	0	1	0	2	0	0	2	2	0	0	0	1	0	0	0	2	0	0	2	0	2	0	0	0	0	0	0	0	0	0	0	1	2	2	1	2	2	2	2	1	1	2	2	2	2	2	1	2	1	2	1	1	2	1	2	1	1	2	2	1	1	2	2	0	0	0	1	0	2	0	0	1	1	1	0	1	0	0	0	0	1	0	0	0	1	1	0	1	1	1	0	0	1	1	1	1	1	1	1	1	1	1	1	2	2	0	2	0	2	0	0	2	2	2	0	0	0	0	0	0	0	0	0	0	0	2	0	2	0	0	0	2	0	0	0	0	0	0	0	2	0	0	0	0	0	0	2	0	0
357	0	0	0	0	0	0	1	0	0	1	0	1	1	0	1	1	0	1	1	1	0	1	1	0	0	1	0	1	1	1	0	0	0	0	0	0	0	0	0	0	0	0	0	0	0	0	0	0	0	0	0	1	0	0	0	1	0	0	0	0	0	0	0	0	0	1	0	0	1	0	0	0	0	0	0	0	0	1	0	0	2	1	0	0	2	1	2	0	0	0	0	0	2	0	2	0	2	0	2	0	0	0	0	0	0	0	2	0	2	0	0	2	2	0	0	0	1	0	0	0	1	0	0	1	0	1	0	0	0	0	0	0	0	0	0	0	1	2	2	2	2	2	2	2	1	2	2	2	2	2	2	1	2	1	2	1	1	2	1	2	1	1	2	1	1	1	2	2	0	0	0	1	0	1	0	0	1	1	1	0	1	1	0	1	0	1	0	0	0	1	1	0	1	1	1	0	0	1	1	1	1	1	1	1	1	1	1	1	1	1	0	1	0	1	0	0	1	1	2	1	0	0	1	1	1	1	1	1	1	1	2	1	2	1	1	0	1	1	1	1	1	1	1	1	2	1	1	1	1	1	1	2	1	1
358	0	0	0	0	0	0	2	0	0	0	0	0	0	0	0	0	0	0	0	0	0	0	0	0	0	0	0	0	0	0	0	0	0	0	0	0	0	0	0	0	0	0	0	0	0	0	0	0	0	0	0	0	0	0	0	2	0	0	0	0	0	0	0	0	0	0	0	0	0	0	0	0	0	0	0	0	0	0	0	0	2	0	0	0	2	0	2	0	0	0	0	0	1	0	2	0	2	0	2	0	0	0	0	0	0	0	2	1	2	0	0	2	2	0	0	0	1	0	0	0	1	0	0	1	0	1	0	0	0	0	0	0	0	0	0	0	2	2	2	2	2	2	2	2	2	2	2	2	2	2	2	2	2	2	2	2	2	2	1	2	1	1	2	1	1	2	2	2	0	0	0	0	0	0	0	0	0	0	0	0	0	0	0	0	0	0	0	0	0	0	0	0	0	0	0	0	0	0	0	0	0	0	0	0	0	0	0	0	0	0	0	0	0	0	0	0	0	0	2	2	0	0	2	2	2	2	2	2	2	2	2	2	2	2	2	0	0	2	2	2	2	2	2	2	2	2	2	2	2	2	2	2	2	2
359	0	0	0	0	0	0	2	0	0	0	0	0	0	0	0	0	0	0	0	0	0	0	0	0	0	1	0	0	0	0	0	0	0	0	0	0	0	0	0	0	0	0	0	0	0	0	0	0	0	0	0	0	0	0	0	2	0	0	0	0	0	0	0	0	0	1	0	0	1	0	0	0	0	0	0	0	0	1	0	0	2	1	0	0	2	1	2	0	0	0	0	0	2	0	2	0	2	0	2	0	0	0	0	0	0	0	2	0	2	0	0	2	2	0	0	0	1	0	0	0	1	0	0	1	0	1	0	0	0	0	0	0	0	0	0	0	1	2	2	2	2	2	2	2	1	2	2	2	2	2	1	1	2	1	2	1	1	2	1	2	1	1	2	1	1	1	2	2	0	0	0	1	0	1	0	0	1	1	1	0	1	1	0	1	0	1	0	0	0	1	1	0	1	1	1	0	0	1	1	1	1	1	1	1	1	1	1	1	1	1	0	1	0	1	0	0	1	1	2	1	0	0	1	1	1	1	1	1	0	1	2	1	2	1	1	0	1	1	1	1	1	1	1	1	2	1	1	1	1	1	1	2	1	1
360	1	0	0	0	0	0	1	1	0	1	1	1	1	1	1	0	1	1	1	1	1	1	1	1	1	1	1	1	1	1	1	0	1	1	1	1	1	0	1	1	1	1	1	1	1	1	1	1	1	1	1	0	1	1	1	1	1	1	1	1	1	1	1	1	1	1	1	1	1	1	1	1	1	1	1	0	1	1	1	1	1	1	1	1	0	1	1	1	1	1	1	1	1	1	1	1	1	1	1	1	1	1	1	1	1	1	1	1	1	1	1	1	1	0	1	1	1	1	1	1	1	1	1	1	1	1	1	1	1	1	1	1	1	1	1	1	0	1	1	1	1	1	1	1	0	0	1	1	1	1	1	0	1	0	1	0	0	1	0	1	0	0	1	1	0	0	1	1	1	1	1	2	0	2	1	1	2	2	2	1	2	1	1	1	1	2	1	1	1	2	2	1	2	2	2	1	1	2	2	2	2	2	2	2	2	2	2	2	1	1	0	1	0	1	0	0	1	1	2	2	0	0	2	1	2	1	1	1	2	1	2	1	2	1	2	0	1	2	1	2	2	1	1	1	2	1	1	1	1	1	1	2	2	1
361	0	0	0	0	0	0	1	1	0	0	1	0	0	1	0	0	1	1	0	0	1	0	0	1	1	0	0	0	0	0	0	0	0	0	1	0	0	1	0	0	0	0	1	1	1	1	0	1	1	0	0	0	1	1	1	2	1	1	0	0	0	1	1	0	1	0	0	1	1	1	1	1	1	1	1	0	1	0	1	1	1	0	1	1	1	0	1	1	1	1	1	1	1	1	0	1	0	1	1	1	1	1	1	1	1	1	1	1	1	1	1	0	0	0	1	1	0	1	1	1	0	1	1	0	1	0	1	1	1	1	1	1	1	1	1	1	0	1	1	1	1	1	1	1	0	1	1	1	1	1	1	0	1	0	1	0	0	1	0	1	0	0	1	0	0	0	1	1	1	1	1	2	0	2	1	1	2	1	2	1	2	2	1	2	1	2	1	1	1	2	2	1	2	2	2	1	1	2	2	2	2	2	2	2	2	2	2	2	1	1	0	1	0	1	0	0	1	1	2	1	0	0	1	1	1	1	1	1	1	1	2	1	1	1	1	0	1	1	1	1	1	1	1	1	2	1	1	1	1	1	1	2	1	1
362	0	0	0	0	0	0	1	0	0	1	1	1	1	0	1	1	0	1	1	1	0	1	1	0	0	2	0	1	1	1	0	0	0	0	0	0	0	0	0	0	0	0	0	0	0	0	0	0	0	0	0	1	0	0	0	1	0	0	0	0	0	0	0	0	0	1	0	0	1	0	0	0	0	0	0	0	0	1	0	0	2	1	0	0	2	1	2	0	0	0	0	0	2	0	2	0	2	0	2	0	0	0	0	0	0	0	1	0	2	0	0	2	2	0	0	0	1	0	0	0	2	0	0	2	0	2	0	0	0	0	0	0	0	0	0	0	0	2	2	2	2	2	2	2	1	1	2	2	2	2	2	1	2	1	2	1	1	2	1	2	1	1	2	2	1	1	2	2	0	0	0	1	0	1	0	0	1	0	1	0	1	0	0	0	0	1	0	0	0	1	1	0	1	1	1	0	0	1	1	1	1	1	1	1	1	1	1	1	1	1	0	0	0	0	0	0	0	0	2	2	0	0	2	2	2	1	2	2	1	2	1	2	2	2	2	0	1	2	1	2	2	1	1	2	2	1	2	2	1	2	1	2	2	1
363	0	0	0	0	0	0	1	0	0	2	0	2	2	0	2	2	0	1	2	2	0	2	2	0	0	2	1	2	2	2	1	1	1	1	0	1	1	0	1	1	1	1	0	0	0	0	1	0	0	1	1	2	0	0	0	0	0	0	1	1	1	0	0	1	0	2	1	0	1	0	0	0	0	0	0	0	0	2	0	0	2	2	0	0	2	2	2	0	0	0	0	0	2	0	2	0	2	0	2	0	0	0	0	0	0	0	2	0	2	0	0	2	2	0	0	0	2	0	0	0	2	0	0	2	0	2	0	0	0	0	0	0	0	0	0	0	2	2	2	2	2	2	2	2	2	2	2	2	2	2	1	2	2	2	2	2	2	2	2	2	2	2	2	2	2	2	2	2	0	0	0	0	0	0	0	0	0	0	0	0	0	0	0	0	0	0	0	0	0	0	0	0	0	0	0	0	0	0	0	0	0	0	0	0	0	0	0	0	0	0	0	0	0	0	0	0	0	0	2	2	0	0	2	2	2	2	2	2	2	2	2	2	2	2	2	0	0	2	2	2	2	2	2	2	2	2	2	2	2	2	2	2	2	2
364	0	0	0	0	0	0	2	0	0	1	1	1	1	0	1	1	0	0	1	1	0	1	1	0	0	2	1	1	1	1	1	1	1	1	0	1	1	0	1	1	1	1	0	0	0	0	1	0	0	1	1	1	0	0	0	1	0	0	1	1	1	0	0	1	0	1	1	0	0	0	0	0	0	0	0	0	0	1	0	0	2	1	0	0	1	1	2	0	0	0	0	0	2	0	2	0	2	0	2	0	0	0	0	0	0	0	1	0	2	0	0	1	1	0	0	0	0	0	0	0	1	0	0	1	0	1	0	0	0	0	0	0	0	0	0	0	0	2	1	2	2	2	1	2	0	0	2	2	2	2	1	0	2	0	1	0	0	2	0	2	0	0	2	2	0	0	2	2	0	1	0	2	0	2	0	0	2	2	2	0	2	0	0	0	0	2	0	0	0	2	2	0	2	2	2	0	0	1	1	1	1	2	2	1	2	1	1	1	1	1	0	2	0	2	0	1	2	1	2	1	0	0	0	0	1	0	1	0	1	0	2	1	2	1	1	0	2	1	0	1	0	0	0	1	2	0	1	1	0	1	0	2	1	0
365	0	0	0	0	0	0	2	0	0	0	0	0	0	0	0	1	0	0	0	0	0	0	0	0	0	0	0	0	0	0	0	0	0	0	0	0	0	0	0	0	0	0	0	0	0	0	0	0	0	0	0	0	0	0	0	2	0	0	0	0	0	0	0	0	0	1	0	0	1	0	0	0	0	0	0	0	0	1	0	0	2	1	0	0	2	2	2	0	0	0	1	0	2	0	2	0	2	0	2	0	0	0	0	0	0	0	2	0	2	0	0	2	2	0	0	0	1	0	0	0	2	0	0	2	0	2	0	0	0	0	0	0	0	0	0	0	1	2	2	2	2	2	2	2	1	1	2	2	2	2	2	1	2	1	2	1	1	2	1	2	1	1	2	2	1	1	2	2	0	0	0	1	0	1	0	0	1	1	1	0	1	0	0	0	0	1	0	0	0	1	1	0	1	1	1	0	0	1	1	1	0	1	1	0	1	0	0	0	0	0	0	1	0	1	0	1	0	0	2	2	0	0	2	2	2	2	2	2	2	2	2	2	2	2	2	0	0	2	1	2	2	1	1	2	2	1	2	2	1	2	2	2	2	1
366	0	0	0	0	0	0	2	0	0	1	0	1	1	0	1	1	0	0	1	1	0	1	1	0	0	0	1	1	1	1	1	1	1	1	0	1	1	0	1	1	1	1	0	0	0	0	1	0	0	1	1	1	0	0	0	1	0	0	1	1	1	0	0	1	0	1	1	0	0	0	0	0	0	0	0	0	0	1	0	0	2	1	0	0	2	1	2	0	0	0	0	0	1	0	2	0	2	0	2	0	0	0	0	0	0	0	2	0	2	0	0	2	2	0	0	0	1	0	0	0	1	0	0	1	0	1	0	0	0	0	0	0	0	0	0	0	2	2	2	2	2	2	2	2	2	2	2	2	2	2	2	2	2	2	2	2	2	2	2	2	2	2	2	2	2	2	2	2	0	0	0	0	0	0	0	0	0	0	0	0	0	0	0	0	0	0	0	0	0	0	0	0	0	0	0	0	0	0	0	0	0	0	0	0	0	0	0	0	0	0	0	0	0	0	0	0	0	0	2	2	0	0	2	2	2	2	2	2	2	2	2	2	2	2	2	0	1	2	1	2	2	1	1	2	2	1	2	2	1	2	2	2	2	1
367	0	0	0	0	0	0	1	0	0	0	0	0	0	0	0	0	1	1	0	0	0	0	0	0	0	0	0	0	0	0	0	0	0	0	0	0	0	0	0	0	0	0	0	0	0	0	0	0	0	0	0	0	0	0	0	1	0	0	0	0	0	0	0	0	0	0	0	0	0	0	0	0	0	0	0	0	0	0	0	0	2	0	0	0	2	0	2	0	0	0	0	0	2	0	1	0	1	0	2	0	0	0	0	0	0	0	2	0	2	0	0	0	1	0	0	0	0	0	0	0	1	0	0	1	0	1	0	0	0	0	0	0	0	0	0	0	0	2	2	2	2	2	2	2	0	1	2	2	2	2	2	0	2	0	2	0	0	2	0	2	0	0	2	1	0	0	2	2	0	0	0	2	0	2	0	0	2	1	2	0	2	1	0	1	0	2	0	0	0	2	2	0	2	2	2	0	0	2	2	2	1	2	2	1	2	1	1	1	1	1	0	2	0	2	0	1	2	1	2	1	0	0	1	1	1	0	1	0	1	0	2	1	2	1	1	0	2	1	0	1	0	0	0	1	2	0	1	1	0	1	0	2	1	0
368	0	0	0	0	0	0	1	0	0	1	0	1	1	0	1	1	0	1	1	1	0	1	1	0	0	1	0	1	1	1	0	0	0	0	0	0	0	0	0	0	0	0	0	0	0	0	0	0	0	0	0	1	0	0	0	0	0	0	0	0	0	0	0	0	0	1	0	0	1	0	0	0	0	0	0	0	0	1	0	0	2	1	0	0	2	1	2	0	0	0	0	0	1	0	1	0	1	0	1	0	0	0	0	0	0	0	1	0	1	0	0	1	1	0	1	1	1	1	1	1	1	0	1	1	1	1	0	1	1	1	1	1	1	1	1	0	1	2	1	1	1	1	2	1	1	1	2	2	2	2	2	1	2	1	2	1	1	2	1	2	1	1	2	2	1	1	2	2	0	0	0	1	0	1	0	0	1	1	2	0	1	0	0	0	0	1	0	0	0	1	1	0	1	1	1	0	0	1	1	1	0	1	1	1	1	1	1	1	1	0	0	1	0	0	0	0	1	0	2	2	0	0	2	1	2	1	2	2	2	2	2	2	2	2	2	0	1	2	1	2	1	1	1	2	2	1	2	2	1	2	1	2	2	1
369	0	0	0	0	0	0	2	0	0	0	0	0	0	0	0	0	0	0	0	0	0	0	0	0	0	0	0	0	0	0	0	0	0	0	0	0	0	0	0	0	0	0	0	0	0	0	0	0	0	0	0	0	0	0	0	2	0	0	0	0	0	0	0	0	0	0	0	0	0	0	0	0	0	0	0	0	0	0	0	0	2	0	0	0	2	0	2	0	0	0	0	0	2	0	0	0	0	0	2	0	0	0	0	0	0	0	2	0	2	0	0	0	0	0	0	0	0	0	0	0	0	0	0	0	0	0	0	0	0	0	0	0	0	0	0	0	0	2	2	2	2	2	2	2	0	2	2	2	2	2	2	0	2	0	2	0	0	2	0	2	0	0	2	0	0	0	2	2	0	0	0	2	0	2	0	0	2	2	2	0	2	2	0	2	0	2	0	0	0	2	2	0	2	2	2	0	0	2	2	2	2	2	2	2	2	2	2	2	2	2	0	2	0	2	0	0	2	2	2	0	0	0	0	0	0	0	0	0	0	0	2	0	2	0	0	0	2	0	0	0	0	0	0	0	2	0	0	0	0	0	0	2	0	0
370	0	0	0	0	0	0	2	0	0	0	0	0	0	0	0	0	0	0	0	0	0	0	0	0	0	0	0	0	0	0	0	0	0	0	0	0	0	0	0	0	0	0	0	0	0	0	0	0	0	0	0	0	0	0	0	2	0	0	0	0	0	0	0	0	0	0	0	0	0	0	0	0	0	0	0	0	0	0	0	0	2	0	0	0	1	0	2	0	0	0	0	0	2	0	0	0	0	0	2	0	0	0	0	0	0	0	2	0	2	0	0	0	0	0	0	0	1	0	0	0	1	0	0	1	0	1	0	0	0	0	0	0	0	0	0	0	1	2	1	2	2	2	1	2	1	1	2	2	2	2	2	1	2	1	2	1	1	2	1	2	1	1	2	2	1	1	2	2	0	1	0	1	0	1	0	0	1	1	1	0	1	0	0	0	0	1	0	0	0	1	1	0	1	1	1	0	0	0	0	0	0	1	1	0	1	0	0	0	0	0	0	1	0	1	0	1	1	0	2	2	0	0	2	1	2	1	2	1	2	1	2	2	2	2	2	0	1	2	1	2	1	1	1	2	2	1	2	2	1	2	1	2	2	1
371	0	0	0	0	0	0	2	0	0	0	0	0	0	0	0	0	0	0	0	0	0	0	0	0	0	0	0	0	0	0	0	0	0	0	0	0	0	0	0	0	0	0	0	0	0	0	0	0	0	0	0	0	0	0	0	2	0	0	0	0	0	0	0	0	0	0	0	0	0	0	0	0	0	0	0	0	1	0	0	0	2	0	0	0	2	0	2	0	0	0	0	0	2	0	1	0	0	0	2	0	0	0	0	0	0	0	2	0	2	0	0	1	1	0	0	0	0	0	0	0	0	0	0	0	0	0	0	0	0	0	0	0	0	0	0	0	0	2	1	2	2	2	1	2	0	1	2	2	2	2	2	0	2	0	2	0	0	2	0	2	0	0	2	1	0	0	2	2	0	1	0	2	0	2	0	0	2	2	2	0	2	1	0	1	0	2	0	0	0	2	2	0	2	2	2	0	0	1	1	1	1	2	2	1	2	1	1	1	1	1	0	2	0	2	0	1	2	1	2	1	0	0	1	0	1	0	1	0	1	0	1	1	2	1	1	0	2	1	0	1	0	0	0	1	2	0	1	1	0	1	0	2	1	0
372	0	0	0	0	0	0	1	0	0	1	0	1	1	0	1	1	0	1	1	1	0	1	1	0	0	1	0	1	1	1	0	0	0	0	0	0	0	0	0	0	0	0	0	0	0	0	0	0	0	0	0	1	0	0	0	1	0	0	0	0	0	0	0	0	0	1	0	0	1	0	0	0	0	0	0	0	0	1	0	0	2	1	0	0	2	1	2	0	0	0	0	0	1	0	2	0	2	0	2	0	0	0	0	0	0	0	2	1	2	0	0	2	2	0	0	0	2	0	0	0	2	0	0	2	0	2	0	0	0	0	0	0	0	0	0	0	2	2	2	2	2	2	2	2	2	2	2	2	2	2	2	2	2	1	2	2	2	2	2	2	2	2	2	2	2	2	2	2	0	0	0	0	0	1	0	0	0	0	0	0	0	0	0	0	0	0	0	0	0	0	0	0	0	0	0	0	0	0	0	0	0	1	1	1	1	1	1	1	0	0	0	1	0	0	0	0	1	0	2	2	0	0	2	1	2	1	2	2	2	2	2	2	2	2	2	0	1	2	1	2	2	1	1	2	2	1	2	2	1	2	1	2	2	1
