29	2	0	0	0	0	0	1	0	0	1	1	0	0	0	0	0	0	0	0	0	0	0	0	2	0	1	1	1	1	1	0	2	1	1	1	1	1	0	1	1	1	2	1	2	1	2	2	2	2	1	2	1	1	1	1
30	1	1	1	0	0	0	1	0	0	1	1	0	0	1	0	0	0	0	0	0	0	1	0	1	0	0	0	0	0	0	0	1	0	0	0	0	0	1	0	0	0	1	0	1	0	1	1	1	1	0	1	0	0	0	0
31	2	1	1	1	1	1	2	1	1	2	2	1	2	2	1	0	0	1	0	0	0	2	1	2	1	1	2	2	2	2	0	2	2	2	2	2	2	0	1	1	1	2	1	2	0	1	1	1	2	0	2	1	1	1	1
32	2	0	1	1	1	1	2	1	1	2	2	1	1	1	1	1	1	1	1	1	1	1	1	2	1	1	1	1	1	1	1	2	1	1	1	1	1	0	1	1	1	2	1	2	1	2	2	2	2	1	2	1	1	1	1
33	2	2	2	1	1	2	2	1	2	2	2	2	2	2	1	1	1	1	1	1	1	2	2	2	1	1	2	2	2	2	0	2	1	2	2	2	2	0	2	2	2	2	2	1	1	2	2	1	2	1	1	2	2	2	2
34	2	1	2	0	0	1	2	0	1	2	2	1	1	2	0	0	0	0	0	1	1	2	1	2	1	1	1	1	1	1	0	2	1	1	1	1	1	0	1	1	1	2	1	1	1	2	2	2	2	1	2	1	1	1	1
35	2	0	1	0	0	0	2	0	0	2	2	0	0	1	0	0	0	0	0	0	0	1	0	2	0	0	0	0	0	0	0	2	0	0	0	0	0	0	0	0	0	2	0	1	0	2	2	2	2	0	2	0	0	0	0
36	1	1	0	0	0	0	1	0	0	0	1	0	0	1	0	0	0	0	0	0	0	0	0	1	0	0	0	0	0	0	0	1	0	0	0	0	0	1	0	0	0	1	0	1	0	1	1	1	1	0	0	1	1	1	1
37	2	0	2	1	1	2	2	1	2	2	2	2	2	2	1	1	1	1	1	1	2	2	1	2	1	1	2	2	2	2	1	2	1	1	1	1	1	0	1	1	1	2	1	2	1	2	2	2	2	1	2	1	1	1	1
38	2	1	2	0	0	1	2	0	1	2	2	1	1	2	0	0	0	0	0	0	1	2	0	2	0	0	1	1	1	1	0	2	0	0	0	0	0	0	0	0	0	2	0	1	0	2	2	1	2	0	1	1	1	1	1
39	2	0	2	0	0	2	2	0	2	2	2	2	2	2	0	0	0	0	0	0	2	1	2	2	0	0	2	2	2	2	0	2	0	2	2	2	2	0	2	2	2	2	2	0	0	2	2	2	2	0	2	2	2	2	0
40	2	1	1	1	1	1	2	1	1	2	2	1	1	1	1	0	0	1	0	0	0	1	1	2	1	1	1	1	1	1	0	2	1	1	1	1	1	0	1	1	1	2	1	2	0	2	2	2	2	0	2	0	0	0	0
296	2	1	2	1	1	2	2	1	2	2	2	1	2	2	1	0	0	1	0	0	0	2	2	2	1	1	2	2	2	2	0	2	2	2	2	2	2	0	1	1	1	2	1	2	0	1	1	1	2	0	2	1	1	1	1
297	2	2	2	2	2	2	2	2	2	2	2	2	2	2	2	2	2	2	2	2	2	2	2	2	2	2	0	1	2	2	2	2	2	2	2	2	2	0	1	1	2	2	2	2	2	2	2	2	2	2	2	1	1	1	1
298	2	0	0	0	0	0	2	0	0	1	2	1	1	1	0	0	0	0	0	0	1	1	1	2	0	0	1	1	1	1	0	2	0	1	1	1	0	0	0	0	0	1	0	2	0	2	2	2	2	0	2	0	0	0	1
299	2	2	2	1	1	2	2	1	2	1	2	1	2	2	2	1	2	2	2	1	1	2	2	2	1	1	1	1	1	1	1	2	1	1	1	0	0	0	0	1	1	2	1	2	1	2	2	2	2	1	2	1	1	1	2
300	2	1	1	1	1	1	2	1	1	2	2	2	2	2	1	0	0	1	0	0	1	2	2	2	1	1	2	2	2	2	0	2	1	2	2	2	1	0	1	1	1	1	1	2	0	2	2	2	2	0	2	0	0	0	1
301	2	2	1	0	0	1	2	0	1	1	2	0	2	2	1	0	1	1	1	0	0	2	2	2	0	0	1	1	1	1	0	2	1	1	1	1	1	0	0	0	0	2	0	2	0	1	1	1	2	0	2	1	1	1	2
302	2	1	0	0	0	0	2	0	0	1	2	0	1	1	0	0	0	0	0	0	0	1	1	2	0	0	1	1	1	1	0	2	1	0	1	1	1	0	0	0	0	2	0	2	0	1	1	1	1	0	2	1	1	1	1
303	2	1	2	0	0	0	1	0	0	2	2	0	0	2	0	0	0	0	0	0	0	2	0	2	0	0	0	0	0	0	0	2	0	0	0	0	0	0	0	0	0	2	0	2	0	2	2	1	2	1	2	0	0	0	0
304	2	0	2	0	0	2	2	0	2	2	2	2	2	2	0	0	0	0	0	0	2	2	2	2	0	0	2	2	2	2	0	2	0	2	2	2	2	0	2	2	2	1	2	0	0	2	2	2	2	0	2	2	2	2	0
305	1	1	2	1	1	2	2	1	2	2	2	2	2	2	1	0	0	1	0	0	1	2	2	2	1	1	2	2	2	2	0	2	1	2	2	2	2	0	1	2	2	2	2	1	0	2	2	2	2	0	2	1	1	1	0
306	1	0	1	0	0	1	2	0	1	2	2	1	1	1	0	0	0	0	0	0	1	1	1	2	0	0	1	1	1	1	0	2	0	1	1	1	1	0	1	1	1	2	1	1	0	2	2	2	2	0	2	1	1	1	0
307	2	1	2	1	1	2	2	1	2	2	2	2	2	2	0	0	0	0	0	0	1	2	2	2	0	0	2	2	2	2	0	2	0	1	1	1	1	0	1	0	1	2	1	1	0	2	2	1	2	0	1	1	1	1	1
308	2	2	1	0	0	1	2	0	1	1	2	0	1	2	1	0	1	1	1	0	0	1	1	2	0	0	0	0	0	0	0	2	0	0	0	0	0	0	0	0	0	2	0	2	0	2	2	2	2	1	1	2	2	2	2
309	2	0	0	0	0	0	2	0	0	2	2	0	0	0	0	0	0	0	0	0	0	0	0	2	0	0	0	0	0	0	0	2	0	0	0	0	0	0	0	0	0	2	0	2	0	2	2	2	2	0	2	0	0	0	0
310	2	0	0	0	0	0	2	0	0	1	2	1	1	2	1	1	1	1	1	1	1	2	1	2	1	1	0	1	1	1	1	2	1	1	1	1	1	0	2	2	2	2	2	2	2	2	2	2	2	2	2	2	2	2	2
311	1	1	2	1	1	2	2	1	2	2	2	2	2	2	1	1	1	1	1	1	2	2	2	2	1	1	1	2	2	2	1	2	1	2	2	2	2	0	2	1	2	2	2	1	1	2	2	2	2	1	2	2	2	2	1
312	2	2	2	1	1	2	2	1	2	2	2	1	2	2	2	0	1	2	1	0	0	2	2	2	1	1	1	1	1	1	0	2	1	1	1	1	1	0	1	1	1	2	1	2	0	2	2	2	2	0	2	0	0	0	1
313	2	0	2	0	0	1	2	0	1	1	2	1	1	2	0	0	0	0	0	0	1	2	1	2	0	0	0	1	1	1	0	2	0	1	1	1	1	0	1	1	1	2	1	0	0	2	2	2	2	0	2	1	1	1	0
314	2	2	2	1	1	2	2	1	2	2	2	2	2	2	0	0	0	0	0	1	1	2	2	2	1	1	2	2	2	2	0	2	1	2	2	2	2	0	2	1	2	2	2	1	1	2	2	1	2	1	1	2	2	2	2
315	1	0	1	0	0	0	1	0	0	0	1	0	0	1	0	0	0	0	0	0	0	1	0	1	0	0	0	0	0	0	0	1	0	0	0	0	0	0	0	0	0	1	0	0	0	1	1	1	1	0	1	0	0	0	0
316	2	1	1	1	1	1	2	1	1	1	2	1	1	1	1	0	0	1	0	0	0	1	1	2	1	1	1	1	1	1	0	2	1	1	1	1	1	0	1	1	1	2	1	2	0	2	2	2	2	0	2	0	0	0	0
317	2	1	2	1	1	1	2	1	1	0	2	1	1	2	0	0	0	0	0	0	0	2	1	2	0	0	1	1	1	1	0	2	0	1	1	1	1	0	1	1	1	2	1	0	0	2	1	1	2	0	1	1	1	1	1
318	2	2	1	1	1	1	2	1	1	2	2	0	0	2	0	0	0	0	0	0	0	2	0	2	0	0	0	0	0	0	0	2	0	0	0	0	0	0	1	1	1	2	1	1	1	1	1	1	1	0	1	1	0	0	1
319	2	0	0	0	0	0	2	0	0	0	2	0	0	0	0	0	0	0	0	0	0	0	0	2	0	0	0	0	0	0	0	2	0	0	0	0	0	0	0	0	0	2	0	1	0	2	2	1	2	0	1	1	1	1	1
320	2	1	2	1	1	1	2	1	1	2	2	1	1	2	1	1	1	1	1	1	1	2	1	2	1	1	0	1	1	1	1	2	1	1	1	1	1	0	1	1	1	2	1	2	1	2	2	1	2	2	2	1	1	1	1
321	1	0	2	0	0	2	2	0	2	2	2	2	2	2	0	0	0	0	0	0	2	2	2	2	0	0	2	2	2	2	0	2	0	2	2	2	2	0	2	2	2	2	2	1	0	2	2	1	2	1	2	1	1	1	0
322	2	0	2	0	0	1	2	0	1	1	2	0	1	2	0	0	0	0	0	0	0	2	1	2	0	0	1	1	1	1	0	2	1	1	1	1	1	0	0	0	0	2	0	1	0	1	1	1	2	0	2	1	1	1	1
323	2	0	1	0	0	1	2	0	1	1	2	1	1	1	0	0	0	0	0	0	1	1	1	2	0	1	2	2	2	2	0	2	1	1	1	1	1	0	1	1	1	2	1	2	1	2	2	2	2	1	2	1	1	1	1
324	2	0	2	0	0	2	2	0	2	2	2	2	2	2	0	0	0	0	0	0	2	1	2	2	0	0	2	2	2	2	0	2	0	2	2	2	2	0	2	2	2	2	2	0	0	2	2	2	2	0	2	2	2	2	1
325	2	1	2	1	1	2	2	1	2	2	2	2	2	2	1	1	1	1	1	1	2	2	2	2	1	1	2	1	2	2	1	2	1	1	1	0	0	0	1	1	1	2	1	2	1	2	2	2	2	1	2	1	1	1	1
326	2	1	0	0	0	0	2	0	0	1	2	1	2	2	1	0	0	0	0	0	1	2	2	2	0	0	2	2	2	2	0	2	1	1	2	2	1	0	0	0	1	1	0	2	0	1	1	1	1	0	2	1	1	1	1
327	1	1	1	0	0	1	1	0	1	1	1	0	1	1	1	0	1	1	1	0	0	1	1	1	0	0	0	0	0	0	0	1	0	0	0	0	0	1	0	0	0	1	0	1	0	1	1	1	1	0	1	0	0	0	1
328	2	1	2	0	0	2	2	0	2	2	2	1	2	2	0	0	0	0	0	1	1	2	2	2	1	1	2	2	2	2	0	2	2	2	2	2	2	0	1	1	1	2	1	2	1	1	1	1	2	1	2	2	2	2	2
329	1	0	1	0	0	0	2	0	0	1	2	0	0	1	0	0	0	0	0	0	0	1	0	2	0	0	0	0	0	0	0	2	0	0	0	0	0	0	0	0	0	2	0	1	0	2	2	2	2	0	2	0	0	0	0
330	2	0	1	0	0	1	2	0	1	2	2	0	1	1	0	0	0	0	0	0	0	1	1	2	0	0	0	0	0	0	0	2	0	0	0	0	0	0	0	0	0	2	0	2	0	1	1	1	2	0	2	1	1	1	0
331	2	2	2	2	2	2	2	2	2	2	2	2	2	2	2	1	1	2	1	1	1	2	2	2	2	2	1	2	2	2	1	2	2	2	2	2	2	0	1	1	2	2	2	2	1	2	2	2	2	1	2	1	1	1	1
332	2	0	2	0	0	1	2	0	1	1	2	0	1	1	0	0	0	0	0	0	0	1	1	2	1	2	2	2	2	2	1	2	2	2	2	2	2	0	2	2	2	2	2	2	1	2	2	2	1	1	2	1	1	1	2
333	2	1	2	1	1	2	2	1	2	2	2	2	2	1	1	0	0	1	0	0	1	2	2	2	1	1	2	2	2	2	0	2	1	1	1	1	1	0	0	0	1	2	1	2	0	2	2	2	2	0	2	0	0	0	0
334	2	1	2	1	1	1	2	1	1	2	2	1	1	2	1	0	0	1	0	1	1	2	2	2	2	2	2	2	2	2	1	2	2	2	2	1	1	0	1	1	2	2	2	2	1	2	2	2	2	1	2	1	1	1	1
335	2	0	1	0	0	0	2	0	0	1	2	0	0	1	0	0	0	0	0	0	0	1	0	2	0	0	0	0	0	0	0	2	0	0	0	0	0	0	0	0	0	2	0	1	0	2	2	2	2	0	2	0	0	0	0
336	2	1	0	0	0	0	2	0	1	1	2	1	1	2	1	0	0	0	0	0	1	1	1	2	0	0	1	1	1	1	0	2	0	1	1	1	0	0	0	0	1	1	0	2	0	2	2	2	2	0	1	1	1	1	2
337	1	1	1	1	1	1	1	1	1	2	2	1	1	2	1	0	0	1	0	0	0	2	1	2	2	2	1	1	1	1	0	2	1	1	1	1	1	0	0	1	1	2	1	1	0	2	2	2	2	0	2	0	0	0	0
338	2	0	2	1	1	2	2	1	2	2	2	2	2	2	1	0	0	1	0	0	1	1	2	2	1	1	2	2	2	2	0	2	1	2	2	2	2	0	1	2	2	2	2	1	0	2	2	2	2	0	2	1	1	1	0
339	2	1	2	0	0	1	2	0	0	1	2	0	0	2	0	0	0	0	0	0	0	2	0	2	0	0	0	0	0	0	0	2	0	0	0	0	0	0	0	0	0	2	0	1	0	2	1	2	2	0	2	0	0	0	0
340	1	0	0	0	0	0	1	0	0	0	0	0	0	0	0	0	0	0	0	0	0	0	0	1	0	0	0	0	0	0	0	1	0	0	0	0	0	1	0	0	0	1	0	1	0	1	1	1	1	0	1	0	0	0	0
341	2	0	2	0	0	1	2	0	1	2	2	1	1	2	0	0	0	0	0	0	1	2	1	2	0	0	1	1	1	1	0	2	0	1	1	1	1	0	1	1	1	2	1	1	0	2	2	2	2	0	2	1	1	1	0
342	2	2	2	1	1	1	1	1	1	2	2	1	1	2	1	1	1	1	1	1	1	2	1	2	1	1	0	1	1	1	1	2	1	1	1	1	1	0	1	1	1	2	1	1	1	2	2	1	2	1	1	1	1	1	1
343	2	1	2	0	0	1	1	0	1	2	2	1	1	2	0	0	0	0	0	0	1	2	1	2	0	0	1	0	1	1	0	2	0	0	0	0	0	0	0	0	0	2	0	1	0	2	2	1	2	0	1	1	1	1	1
344	2	0	1	0	0	0	2	0	0	1	2	0	0	1	0	0	0	0	0	0	0	1	0	2	0	0	1	1	1	1	0	2	0	1	1	1	1	0	1	1	1	2	1	1	0	2	2	2	2	0	2	1	1	1	0
345	2	1	2	1	1	1	2	1	1	0	2	1	1	2	1	1	1	1	1	1	1	2	1	2	1	1	1	1	1	1	1	2	1	1	1	0	0	0	0	1	1	2	1	1	1	2	2	2	2	1	2	1	1	1	1
346	2	0	1	0	0	0	2	0	0	2	2	1	1	2	0	0	0	0	0	0	1	2	1	2	0	0	1	1	1	1	0	2	0	1	1	1	0	0	0	0	0	1	0	2	0	2	2	2	2	0	2	0	0	0	1
347	2	0	2	0	0	1	2	0	1	2	2	1	1	2	0	0	0	0	0	0	1	1	1	2	0	0	1	1	1	1	0	2	0	2	1	1	1	0	1	1	1	2	1	0	0	2	2	2	1	0	2	1	1	1	0
348	2	0	1	0	0	1	2	0	1	2	2	1	1	1	0	0	0	0	0	0	1	1	1	2	0	1	2	2	2	2	0	2	1	1	1	1	1	0	1	1	1	2	1	2	1	2	2	2	1	1	2	1	1	1	1
349	2	0	2	0	0	1	2	0	1	1	2	1	1	2	0	0	0	0	0	0	1	2	1	2	0	0	1	1	1	1	0	2	0	1	1	1	1	0	1	1	1	2	1	0	0	2	2	2	2	0	2	1	1	1	0
350	2	0	0	0	0	0	1	0	0	1	1	0	0	0	0	0	0	0	0	0	0	0	0	2	0	2	2	2	2	2	0	2	2	2	2	2	2	0	2	2	2	2	2	2	2	2	2	2	2	2	2	2	2	2	2
351	1	0	2	0	0	2	2	0	2	2	2	2	2	2	0	0	0	0	0	0	2	2	2	2	0	0	2	2	2	2	0	2	0	1	1	1	1	0	1	1	1	2	1	1	0	2	2	2	1	0	2	1	1	1	0
352	2	0	2	0	0	1	2	0	1	2	2	1	1	2	0	0	0	0	0	0	1	2	0	2	0	0	1	1	1	1	0	2	0	0	0	0	0	0	0	0	0	2	0	2	0	2	2	2	2	0	2	0	0	0	0
353	2	0	1	0	0	1	2	0	1	1	2	1	1	1	0	0	0	0	0	0	0	1	1	2	1	1	1	2	2	2	1	2	1	2	2	2	2	0	2	2	2	2	1	1	0	1	1	1	2	0	2	1	2	2	1
354	2	1	2	0	0	1	2	0	1	2	2	1	1	2	0	0	0	0	0	0	1	2	1	2	0	0	1	1	1	1	0	2	0	1	1	1	1	0	1	1	1	1	1	0	0	2	2	1	2	0	1	2	2	2	1
355	2	1	1	0	0	1	2	0	1	2	2	2	2	2	0	0	0	0	0	0	1	2	2	2	0	0	2	2	2	2	0	2	1	2	2	2	2	0	1	1	2	2	2	1	1	2	2	2	2	1	2	2	2	2	1
356	2	1	1	0	0	0	2	0	0	1	1	0	0	1	0	0	0	0	0	0	0	1	0	2	0	0	0	0	0	0	0	2	0	0	0	0	0	0	0	0	0	2	0	1	0	2	2	1	2	0	1	1	1	1	1
357	2	0	2	0	0	2	2	0	2	2	2	2	2	2	0	0	0	0	0	0	2	2	2	2	0	0	1	2	2	2	0	2	0	2	2	2	2	0	2	2	2	2	2	0	0	2	2	2	2	0	2	2	2	2	0
358	2	2	1	0	0	1	2	0	1	1	2	0	1	2	1	0	1	1	1	0	0	1	1	2	0	0	0	0	0	0	0	2	0	0	0	0	0	0	0	0	0	2	0	2	0	2	2	2	2	0	1	1	1	1	2
359	2	0	2	0	0	1	2	0	1	1	2	1	1	2	0	0	0	0	0	0	0	2	1	2	0	0	1	1	1	1	0	2	0	0	0	0	0	0	0	0	0	2	0	1	0	2	2	2	2	0	2	0	0	0	0
360	2	1	2	1	1	1	2	1	1	2	2	1	1	2	1	1	1	1	1	1	1	2	1	2	1	1	1	1	1	1	1	2	1	1	1	0	0	0	1	0	1	2	1	1	1	2	2	2	2	1	2	1	1	1	1
361	2	0	1	0	0	0	2	0	1	1	2	1	1	2	1	0	0	1	1	1	1	2	0	2	0	0	0	0	0	0	0	2	0	1	1	1	1	0	1	1	1	2	1	0	0	1	1	1	1	0	2	1	1	1	1
362	2	1	2	1	1	1	2	1	1	1	2	1	1	2	1	1	1	1	1	1	1	2	1	2	1	1	1	1	1	1	1	2	1	1	1	1	1	0	1	1	1	2	1	1	1	2	2	2	2	1	2	1	1	1	1
363	2	2	2	2	2	2	2	2	2	2	2	2	2	2	2	1	1	2	1	1	1	2	2	2	2	2	2	2	2	2	1	2	2	2	2	1	1	0	1	1	2	2	2	2	1	2	2	2	2	1	2	1	1	1	1
364	2	1	0	0	0	0	2	0	0	0	2	0	0	1	0	0	0	0	0	0	0	0	0	2	0	0	1	1	1	1	0	2	0	1	1	1	1	0	1	1	1	2	1	1	0	2	2	2	2	0	1	2	2	2	1
365	2	1	2	1	1	2	2	1	2	2	2	2	2	2	0	0	0	0	0	0	1	2	2	2	0	0	2	2	2	2	0	2	0	2	2	2	2	0	2	2	2	2	2	0	0	2	2	1	2	0	1	2	2	2	1
366	2	0	0	0	0	0	2	0	0	2	2	1	1	1	0	0	0	0	0	0	1	1	1	2	0	1	2	2	2	2	0	2	1	2	2	2	1	0	1	1	1	1	1	2	1	2	2	2	2	1	2	1	1	1	2
367	2	1	1	1	1	1	2	1	1	1	2	1	1	1	1	1	1	1	1	1	1	1	1	2	1	1	1	1	1	1	1	2	1	1	1	0	0	0	1	1	1	2	1	2	1	2	2	2	2	1	2	1	1	1	1
368	2	1	1	0	0	0	2	0	0	1	2	0	1	2	0	0	0	0	0	0	0	2	1	2	0	0	1	1	1	1	0	2	1	0	1	1	1	0	0	0	0	2	0	1	0	1	1	1	1	0	2	1	1	1	1
369	2	1	2	0	0	1	1	0	1	2	2	1	1	2	0	0	0	0	0	0	1	2	1	2	0	0	1	1	1	1	0	2	0	1	1	1	1	0	1	1	1	2	1	1	0	2	2	1	2	1	2	1	1	1	1
370	2	1	1	1	1	1	2	1	1	1	2	1	1	1	1	0	0	1	0	0	0	1	1	2	1	2	2	2	2	2	0	2	2	2	2	2	2	0	2	2	2	2	2	2	1	2	2	2	2	1	2	1	1	1	1
371	2	1	2	0	0	0	2	0	0	1	2	0	0	2	0	0	0	0	0	0	0	2	0	2	0	0	0	0	0	0	0	2	0	0	0	0	0	0	0	0	0	2	0	1	0	2	2	1	2	1	2	0	0	0	0
372	2	0	1	0	0	1	1	0	1	1	1	1	1	1	0	0	0	0	0	0	1	2	2	2	0	0	2	2	2	2	0	2	1	0	1	1	1	0	0	0	0	2	0	2	0	1	1	1	1	0	2	1	1	1	1
