29	1	0
30	0	0
31	0	1
32	0	0
33	0	1
34	0	0
35	0	0
36	0	0
37	1	1
38	0	1
39	0	0
40	0	1
296	0	2
297	0	0
298	0	0
299	0	0
300	0	1
301	1	1
302	0	0
303	0	1
304	0	2
305	0	0
306	0	2
307	0	0
308	0	0
309	0	0
310	0	2
311	0	0
312	0	0
313	0	1
314	0	0
315	1	0
316	0	0
317	0	1
318	0	1
319	0	1
320	0	0
321	0	0
322	0	0
323	1	0
324	0	0
325	1	0
326	0	1
327	0	1
328	1	0
329	1	0
330	0	0
331	1	1
332	0	0
333	0	1
334	1	1
335	0	2
336	0	0
337	0	0
338	0	0
339	0	0
340	0	0
341	0	2
342	0	1
343	0	0
344	0	0
345	0	0
346	0	0
347	0	0
348	0	0
349	0	1
350	0	0
351	1	1
352	0	1
353	0	0
354	0	1
355	0	0
356	1	0
357	0	0
358	0	1
359	1	1
360	0	2
361	0	1
362	0	1
363	1	1
364	0	1
365	0	0
366	0	0
367	0	2
368	0	0
369	0	0
370	0	1
371	0	1
372	0	0
