29	1
30	0
31	1
32	1
33	0
34	1
35	0
36	1
37	0
38	0
39	1
40	0
296	0
297	2
298	1
299	0
300	0
301	1
302	1
303	1
304	1
305	0
306	0
307	2
308	0
309	2
310	0
311	1
312	2
313	1
314	1
315	1
316	2
317	0
318	1
319	0
320	0
321	0
322	2
323	0
324	1
325	2
326	1
327	0
328	1
329	0
330	2
331	1
332	1
333	0
334	0
335	1
336	1
337	0
338	0
339	2
340	0
341	1
342	1
343	0
344	1
345	1
346	1
347	0
348	1
349	1
350	1
351	1
352	2
353	1
354	1
355	0
356	0
357	1
358	2
359	2
360	0
361	1
362	1
363	1
364	0
365	0
366	2
367	0
368	0
369	0
370	1
371	0
372	1
