0	0
2	0
3	1
4	0
5	0
6	0
7	1
8	0
9	0
10	0
11	0
12	0
13	0
14	0
15	1
16	1
17	0
18	0
19	1
20	0
21	1
22	1
23	1
24	0
25	0
26	0
27	0
28	1
41	1
42	0
43	1
44	0
45	0
46	0
47	1
48	0
49	0
50	0
51	0
52	0
53	0
54	0
55	0
56	0
57	0
58	0
59	0
60	1
61	0
62	0
63	1
64	0
65	0
66	0
67	0
68	1
69	1
70	0
71	0
72	0
73	0
74	0
75	0
76	0
77	0
78	0
79	2
80	0
81	0
82	0
83	0
84	0
85	0
86	0
87	1
88	1
89	2
90	0
91	0
92	0
93	1
94	0
95	0
96	1
97	0
98	0
99	0
100	0
101	1
102	0
103	0
104	0
105	0
106	0
107	0
108	0
109	0
110	0
111	0
112	1
113	0
114	1
115	0
117	1
118	1
119	0
120	0
121	0
122	0
123	0
124	0
125	1
126	0
127	1
128	0
129	0
130	0
131	0
132	2
133	0
134	1
135	0
136	0
137	0
138	0
139	0
140	0
141	1
142	1
143	0
144	0
145	1
146	0
147	0
148	1
149	0
150	0
151	1
152	2
153	1
154	0
155	0
156	0
157	0
158	1
159	1
160	0
161	0
162	0
163	0
164	1
165	0
166	0
167	0
168	0
169	0
170	2
171	1
172	0
173	0
174	0
175	1
176	0
177	0
178	0
179	0
180	0
181	1
182	1
183	2
184	0
185	0
186	2
187	1
188	1
189	0
190	1
191	1
192	0
193	1
194	1
195	0
196	0
197	0
198	1
199	2
200	1
201	1
202	1
203	0
204	0
205	0
206	0
207	0
208	0
209	0
210	0
211	0
212	0
213	0
214	1
215	1
216	0
217	0
218	0
219	1
220	0
222	1
223	0
224	1
225	2
226	0
227	0
228	0
229	0
230	0
231	0
232	1
233	0
234	0
235	0
236	0
237	1
238	1
239	0
240	0
241	0
242	2
243	0
244	1
245	0
246	0
247	0
248	1
249	0
250	0
251	1
252	1
253	0
254	0
255	0
256	0
257	0
258	0
259	0
260	0
261	0
262	0
263	0
264	0
265	0
266	1
267	0
268	0
269	0
270	1
271	0
272	0
273	0
274	1
275	0
276	1
277	0
278	0
279	1
280	0
281	0
282	0
283	0
284	0
285	0
286	1
287	0
288	0
289	0
290	0
291	0
292	0
293	0
294	0
295	0
373	1
374	0
375	0
376	0
377	1
378	1
379	1
380	0
381	0
382	0
383	1
384	1
385	0
386	0
387	1
388	0
389	1
390	1
391	2
392	1
393	0
394	0
395	0
396	0
397	0
398	0
399	0
400	0
401	0
402	0
403	0
404	1
405	0
406	1
407	1
408	2
409	0
410	2
411	0
412	0
413	0
414	0
415	1
416	0
417	0
418	1
419	0
420	0
421	2
422	0
423	1
424	0
425	0
426	1
427	0
428	1
429	0
430	2
431	1
432	1
433	0
434	0
435	0
436	0
437	0
438	0
439	0
440	0
441	0
442	0
443	0
444	0
445	0
446	1
447	0
448	0
449	0
450	0
451	0
452	0
453	0
454	0
455	0
456	0
457	1
458	0
459	1
460	1
461	0
462	0
463	1
464	0
