29	2	2	2	2	2	2	2	2	0	0	0	1	0	1	0	0	0	2	0	2	0	0	0	2	0	2	0	0	0	2	0	1	2	2	0	2	1	1	1	1	1	0	0	1	1	1	1	1	1	0	0	0	0	0	0	0	0	0	0	0	0	2	0	0	0	0	0	0	0	0	0	0	0	0	0	0	0	1	2	0	0	0	0	0	0	2	0	0	0	0	0	0	2	0	0	0	0	1	0	0	0	0	0	0	0	0	0	0	0	0	0	0	2	0	0	0	1	0	0	0	0	0	2	0	0	0	0	0	0	0	0	0	0	0	0	0	0	0	0
30	2	2	2	0	2	2	2	2	2	1	1	1	0	0	0	0	0	2	0	2	0	0	0	2	1	2	1	1	0	1	0	0	2	2	0	1	0	0	0	0	0	1	1	0	0	2	2	1	1	1	0	0	0	0	0	0	0	0	0	0	0	2	0	0	0	0	0	0	0	0	0	0	0	0	0	0	1	2	2	0	0	0	0	0	0	1	0	0	0	0	0	0	1	0	0	0	0	1	0	0	0	0	0	0	0	0	0	0	0	0	0	0	1	0	0	0	0	0	0	0	0	0	1	0	0	0	0	0	0	0	0	0	0	1	1	1	0	0	0
31	2	2	2	1	2	2	2	2	2	2	0	0	0	1	0	0	0	2	0	2	0	0	0	2	0	2	0	0	0	1	0	0	2	2	0	1	1	1	1	1	0	1	1	0	0	2	2	0	2	0	1	0	0	0	1	0	1	0	0	0	0	2	0	0	0	0	0	0	0	0	0	0	0	0	0	0	1	2	2	0	0	0	0	0	0	2	0	0	0	0	0	0	2	0	0	0	0	1	0	0	0	0	0	0	0	0	0	0	0	0	0	0	2	0	0	0	0	0	0	0	0	0	2	0	0	0	0	0	0	0	0	0	0	0	0	0	0	0	0
32	2	2	2	0	2	2	2	2	2	2	2	2	2	2	2	2	2	2	2	2	2	2	2	2	2	2	2	2	2	2	2	2	2	2	2	2	0	0	0	0	2	2	2	2	2	2	2	2	0	1	1	0	0	0	1	0	1	0	0	1	1	2	0	1	1	0	0	0	0	0	0	0	1	1	0	0	0	0	1	0	0	0	1	0	0	2	0	0	0	0	0	0	2	0	0	0	0	0	0	0	0	0	0	0	0	0	0	0	0	0	0	0	2	0	0	0	0	0	0	0	0	0	2	0	0	0	0	0	0	0	0	0	0	0	0	0	0	0	0
33	2	2	2	0	2	1	2	1	1	0	1	1	1	2	1	0	1	2	1	2	1	1	0	2	0	2	0	0	0	1	0	1	2	2	0	1	0	0	0	0	1	2	2	1	1	2	1	2	0	1	1	0	0	0	1	0	1	0	1	0	0	2	0	0	0	1	1	0	0	0	1	0	1	1	0	1	0	0	0	0	0	0	1	1	1	0	0	0	0	0	0	0	1	0	0	0	0	1	0	0	0	0	0	0	0	0	0	0	0	0	0	0	1	0	0	0	0	0	0	0	0	0	1	0	0	0	0	0	0	0	0	1	1	0	1	0	1	1	1
34	2	2	2	0	2	2	2	2	1	1	0	0	1	1	1	0	1	2	1	2	1	1	0	2	1	2	1	1	0	1	0	1	2	2	0	1	0	0	0	0	1	2	1	1	1	2	2	1	1	0	0	0	0	0	0	0	0	0	0	0	0	1	0	0	0	0	0	0	0	0	0	0	0	0	0	0	1	1	1	0	0	0	0	0	0	1	0	0	0	0	0	0	1	0	0	0	0	1	0	0	0	0	0	0	0	0	0	0	0	0	0	0	1	0	0	0	0	0	0	0	0	0	1	0	0	0	0	0	0	0	0	0	0	0	0	0	0	0	0
35	1	1	1	0	2	2	2	2	2	0	2	2	0	0	0	0	0	2	0	2	0	0	0	2	1	2	1	1	0	2	0	0	2	2	0	2	0	0	0	0	1	1	1	1	1	2	2	2	0	0	1	1	1	0	1	1	1	1	1	0	0	2	0	0	0	1	1	0	0	0	1	0	0	0	0	0	1	1	1	0	0	0	0	0	0	1	0	0	0	0	0	0	1	0	0	0	0	1	0	0	0	0	0	0	0	0	0	0	0	0	0	0	1	0	0	0	0	0	0	0	0	0	1	0	0	0	0	0	0	0	0	0	0	0	0	0	0	0	0
36	2	2	1	1	1	2	2	2	1	1	1	1	1	2	1	1	1	2	1	2	1	1	1	2	1	2	1	1	1	2	1	2	2	2	1	2	1	1	1	1	2	1	1	2	2	2	2	2	0	1	1	0	0	0	1	0	1	0	0	0	0	1	0	1	1	0	0	0	0	0	0	0	1	1	0	0	0	0	1	0	0	0	1	0	0	1	0	0	0	0	0	0	1	0	0	0	0	0	1	0	1	1	1	1	0	1	1	1	1	1	1	1	1	0	1	1	1	1	1	1	1	1	1	0	1	1	1	1	1	1	1	1	1	1	1	1	0	0	1
37	2	2	2	0	2	2	2	2	1	1	1	1	1	2	1	1	1	2	1	2	1	1	1	2	1	2	1	1	1	2	1	2	2	2	1	2	1	1	1	1	2	2	2	2	2	2	2	2	0	1	1	0	0	0	1	0	1	0	1	0	0	1	0	0	0	1	1	0	0	0	1	0	1	1	0	0	0	0	0	0	0	0	1	0	0	0	0	0	0	0	0	0	0	0	0	0	0	0	1	0	1	1	1	1	0	1	1	1	1	1	1	1	0	0	1	1	1	1	1	1	1	1	0	0	1	1	1	1	1	1	1	1	1	1	1	1	1	1	1
38	2	2	2	0	2	2	2	1	1	0	1	1	1	2	1	1	1	2	1	2	1	1	1	2	1	2	1	1	1	2	1	2	2	2	1	2	0	0	0	0	2	1	1	2	2	2	2	2	0	1	1	0	0	0	1	0	1	0	0	0	0	2	0	0	0	0	0	0	0	0	0	0	0	0	0	0	0	0	1	0	0	0	0	0	0	1	0	0	0	0	0	0	1	0	0	0	0	0	0	0	0	0	0	0	0	0	0	0	0	0	0	0	1	0	0	0	0	0	0	0	0	0	1	0	0	0	0	0	0	0	0	0	0	0	0	0	0	0	0
39	2	2	2	0	2	2	2	1	1	0	1	2	1	1	1	1	1	2	1	2	1	1	1	2	1	2	1	1	1	2	1	1	2	2	1	2	1	1	1	1	1	0	0	1	1	1	1	1	1	0	0	0	0	0	0	0	0	0	0	0	0	2	0	0	0	0	0	0	0	0	0	0	0	0	0	0	0	1	2	0	0	0	0	0	0	2	0	0	0	0	0	0	2	0	0	0	0	1	0	0	0	0	0	0	0	0	0	0	0	0	0	0	2	0	0	0	1	0	0	0	0	0	2	0	0	0	0	0	0	0	0	0	0	0	0	0	0	0	0
40	2	2	2	1	2	2	2	2	1	1	0	0	0	2	0	0	0	2	0	2	0	0	0	2	0	2	0	0	0	2	0	1	2	2	0	2	1	1	1	1	1	1	1	1	1	2	2	1	2	0	1	0	0	0	1	0	1	0	0	0	0	1	0	0	0	0	0	0	0	0	0	0	0	0	0	0	1	1	1	0	0	0	0	0	0	2	0	0	0	0	0	0	2	0	0	0	0	1	0	0	0	0	0	0	0	0	0	0	0	0	0	0	2	0	0	0	0	0	0	0	0	0	2	0	0	0	0	0	0	0	0	0	0	0	0	0	0	0	0
296	2	2	2	0	2	2	2	2	2	2	1	1	1	2	1	1	1	2	1	2	1	1	0	2	1	2	1	1	0	2	1	1	2	2	0	2	2	2	2	1	1	0	0	0	0	2	2	1	2	1	0	0	0	0	1	0	0	0	0	0	0	2	0	1	1	0	0	0	0	0	0	1	1	0	1	0	1	1	1	0	0	0	0	0	0	1	0	0	0	0	0	0	1	0	0	0	0	1	0	0	0	0	0	0	0	0	0	0	0	0	0	0	1	0	0	0	0	0	0	0	0	0	1	0	0	0	0	0	0	0	0	0	0	1	1	1	0	0	1
297	2	2	1	0	1	2	2	2	2	2	1	2	2	2	2	2	2	2	2	2	1	2	1	2	2	2	2	2	1	2	2	2	2	2	1	2	1	1	1	0	2	1	1	1	1	2	2	2	1	1	1	0	0	0	2	0	1	0	0	0	0	2	0	1	1	0	0	0	0	0	1	1	1	0	1	0	0	0	0	0	0	0	0	0	0	0	0	0	0	0	0	0	0	0	0	0	0	0	1	0	1	1	1	1	0	1	0	1	1	1	1	1	0	0	1	1	1	1	1	1	1	1	0	0	1	1	1	1	1	1	1	1	1	2	2	2	1	1	2
298	2	2	2	0	2	2	2	2	0	0	0	0	0	2	0	0	0	2	0	2	0	0	0	2	0	2	0	0	0	2	0	2	2	2	0	2	0	0	0	0	2	1	1	2	2	2	2	2	0	0	0	0	0	0	0	0	0	0	2	0	0	2	0	0	0	2	2	0	0	0	2	0	0	0	0	0	0	0	0	0	0	0	0	0	0	0	0	0	0	0	0	0	0	0	0	0	0	0	0	0	0	0	0	0	0	0	0	0	0	0	0	0	0	0	0	0	0	0	0	0	0	0	0	0	0	0	0	0	0	0	0	0	0	0	0	0	2	2	2
299	2	2	1	0	1	2	2	2	1	1	0	1	1	1	1	0	1	2	1	2	1	1	0	2	1	2	1	1	0	2	0	1	2	2	0	2	1	1	1	1	1	1	0	1	1	2	2	2	1	0	1	0	0	0	1	0	1	0	0	0	0	0	0	0	0	0	0	0	0	0	0	0	0	0	0	0	0	0	0	0	0	0	0	0	0	0	0	0	0	0	0	0	0	0	0	0	0	0	0	0	0	0	0	0	0	0	0	0	0	0	0	0	0	0	0	0	0	0	0	0	0	0	0	0	0	0	0	0	0	0	0	0	0	0	0	0	0	0	0
300	2	2	2	1	2	2	2	2	1	1	0	0	0	2	0	0	0	2	0	2	0	0	0	2	0	2	0	0	0	2	0	1	2	2	0	2	1	1	1	1	1	1	1	1	1	2	2	1	1	1	1	0	0	0	1	0	1	0	0	0	0	2	0	0	0	0	0	0	0	0	0	0	0	0	0	0	1	1	1	0	0	0	0	0	0	1	0	0	0	0	0	0	1	0	0	0	0	1	0	0	0	0	0	0	0	0	0	0	0	0	0	0	1	0	0	0	0	0	0	0	0	0	1	0	0	0	0	0	0	0	0	0	0	0	0	0	0	0	0
301	2	2	2	0	2	2	2	2	2	1	1	1	1	1	1	1	1	2	1	2	1	1	0	2	1	2	1	1	0	1	1	1	2	2	0	1	1	1	1	0	1	1	1	0	0	2	2	1	2	2	1	0	0	0	2	0	0	0	0	1	1	1	0	1	2	1	1	1	1	1	1	2	2	1	2	1	0	0	0	1	1	1	1	1	1	0	1	1	1	1	1	1	0	1	1	1	1	0	1	1	1	1	1	1	1	1	1	1	1	1	1	1	0	1	1	1	1	1	1	1	1	1	0	1	1	1	1	1	1	1	1	1	1	2	2	2	0	0	1
302	2	2	2	0	1	2	2	2	1	1	0	1	0	0	0	0	0	2	0	2	0	0	0	2	0	2	0	0	0	1	0	0	2	2	0	1	1	1	1	1	0	1	1	0	0	1	0	1	2	1	1	1	1	0	1	1	1	1	1	1	1	1	0	0	1	1	1	1	1	1	1	1	1	1	1	1	0	1	1	1	1	1	1	1	1	1	1	1	1	1	1	1	1	1	1	1	1	1	1	1	1	1	1	1	1	1	1	1	1	1	1	1	1	1	1	1	2	1	1	1	1	1	1	1	1	1	1	1	1	1	1	1	1	1	1	1	0	0	0
303	2	2	2	0	2	2	2	2	2	1	2	2	1	1	1	1	1	2	1	2	1	1	1	2	2	2	2	2	1	2	1	1	2	2	1	2	0	0	0	0	1	2	2	1	1	2	2	2	0	1	0	0	0	0	0	0	0	0	0	0	0	2	0	0	0	0	0	0	0	0	0	0	0	0	0	0	0	1	2	0	0	0	0	0	0	1	0	0	0	0	0	0	1	0	0	0	0	0	0	0	0	0	0	0	0	0	0	0	0	0	0	0	1	0	0	0	0	0	0	0	0	0	1	0	0	0	0	0	0	0	0	0	0	1	1	1	0	0	0
304	2	2	1	0	1	2	2	1	2	1	2	2	2	2	2	2	2	2	2	2	1	2	2	2	2	2	2	2	2	2	2	2	2	2	2	2	0	0	0	0	2	1	1	2	2	2	2	2	0	0	0	0	0	0	0	0	0	0	0	0	0	2	0	0	0	0	0	0	0	0	0	0	0	0	0	0	0	0	2	0	0	0	0	0	0	2	0	0	0	0	0	0	2	0	0	0	0	0	0	0	0	0	0	0	0	0	0	0	0	0	0	0	2	0	0	0	0	0	0	0	0	0	2	0	0	0	0	0	0	0	0	0	0	0	0	0	0	0	0
305	2	2	2	0	2	1	2	1	2	0	2	2	1	1	1	0	1	2	1	2	1	1	0	2	1	2	1	1	0	1	0	0	2	2	0	1	0	0	0	0	0	2	2	0	0	2	1	2	0	2	1	0	0	0	1	0	1	0	0	0	0	2	0	0	0	1	1	0	0	0	0	0	1	1	0	1	0	0	0	0	0	0	1	1	1	0	0	0	0	0	0	0	1	0	0	0	0	1	0	0	0	0	0	0	0	0	0	0	0	0	0	0	1	0	0	0	0	0	0	0	0	0	1	0	0	0	0	0	0	0	0	1	1	1	2	1	0	0	1
306	2	2	0	0	0	1	2	2	1	0	0	0	0	0	0	0	0	2	0	2	0	0	0	2	0	2	0	0	0	0	0	0	2	2	0	0	0	0	0	0	0	2	2	0	0	2	2	1	1	2	2	0	0	0	1	0	1	0	0	0	0	2	0	0	0	1	1	0	0	0	0	0	1	1	0	0	0	0	0	0	0	0	1	0	0	0	0	0	0	0	0	0	0	0	0	0	0	0	1	0	1	1	1	1	0	1	1	1	1	1	1	1	0	0	1	1	1	1	1	1	1	1	0	0	1	1	1	1	1	1	1	1	1	2	2	2	0	0	0
307	2	2	2	0	2	2	2	2	1	1	1	1	1	1	1	1	1	1	1	1	1	1	1	1	1	1	1	1	1	1	1	1	1	2	1	1	0	0	0	0	1	1	1	1	1	1	1	1	1	0	1	0	0	0	1	0	1	0	0	0	0	2	0	0	0	0	0	0	0	0	0	0	1	1	0	0	0	0	1	0	0	0	1	1	1	1	0	0	0	0	0	0	2	0	0	0	0	0	0	0	0	0	0	0	0	0	0	0	0	0	0	0	2	0	0	0	0	0	0	0	0	0	2	0	0	0	0	0	0	0	0	0	1	0	0	0	0	0	0
308	2	2	2	0	2	2	2	2	0	0	0	0	0	2	0	0	0	2	0	2	0	0	0	2	0	2	0	0	0	2	0	2	2	2	0	2	0	0	0	0	2	2	2	2	2	2	2	2	1	1	1	0	0	0	0	0	0	0	1	0	0	1	0	0	0	1	1	0	0	0	0	0	0	0	0	0	0	0	0	0	0	0	0	0	0	0	0	0	0	0	0	0	0	0	0	0	0	0	0	0	0	0	0	0	0	0	0	0	0	0	0	0	0	0	0	0	0	0	0	0	0	0	0	0	0	0	0	0	0	0	0	0	0	1	1	1	0	0	0
309	2	2	2	0	2	2	2	2	2	2	2	2	2	2	2	2	2	2	2	2	2	2	1	2	2	2	2	2	1	2	2	2	2	2	1	2	1	1	1	0	2	1	1	1	1	2	2	2	1	1	0	0	0	0	1	0	0	0	0	0	0	2	0	1	1	0	0	0	0	0	0	1	1	0	1	0	0	0	1	0	0	0	0	0	0	1	0	0	0	0	0	0	1	0	0	0	0	0	0	0	0	0	0	0	0	0	0	0	0	0	0	0	1	0	0	0	0	0	0	0	0	0	1	0	0	0	0	0	0	0	0	0	0	1	1	1	0	0	1
310	2	2	2	0	2	2	2	2	2	1	2	2	1	1	1	1	1	2	1	2	1	1	0	2	2	2	2	2	0	2	1	1	2	2	0	2	1	1	1	0	1	1	1	0	0	2	2	2	1	2	0	0	0	0	1	0	0	0	0	0	0	2	0	1	1	0	0	0	0	0	0	1	1	0	1	0	0	1	1	0	0	0	0	0	0	0	0	0	0	0	0	0	0	0	0	0	0	0	0	0	0	0	0	0	0	0	0	0	0	0	0	0	0	0	0	0	0	0	0	0	0	0	0	0	0	0	0	0	0	0	0	0	0	2	2	2	0	0	1
311	2	2	2	0	2	2	2	2	1	0	1	1	2	2	2	1	2	2	2	2	2	2	1	2	2	2	2	2	1	2	1	2	2	2	1	2	1	1	1	1	2	1	1	2	2	2	2	2	0	0	0	0	0	0	0	0	0	0	0	0	0	1	0	0	0	1	1	0	0	0	1	0	0	0	0	0	0	0	0	0	0	0	0	0	0	0	0	0	0	0	1	0	0	0	0	1	0	0	0	0	0	0	0	0	0	0	0	0	0	0	0	0	0	0	0	0	0	0	0	0	0	0	0	0	0	0	0	0	0	0	0	0	0	0	0	0	0	0	0
312	2	2	2	0	2	2	2	2	0	0	0	0	0	1	0	0	0	2	0	2	0	0	0	2	0	2	0	0	0	1	0	1	2	2	0	1	0	0	0	0	1	2	2	1	1	2	2	2	0	2	2	0	0	0	2	0	2	0	0	0	0	2	0	0	0	0	0	0	0	0	0	0	1	1	0	0	0	0	0	0	0	0	1	0	0	0	0	0	0	0	0	0	0	0	0	0	0	0	1	0	1	1	1	1	0	1	1	1	1	1	1	1	0	0	1	1	1	1	1	1	1	1	0	0	1	1	1	1	1	1	1	1	1	1	1	1	0	0	0
313	2	2	2	0	1	2	2	2	1	1	1	1	1	2	1	1	1	2	1	2	1	1	1	2	1	2	1	1	1	2	1	2	2	2	1	2	0	0	0	0	2	2	2	2	2	2	2	2	0	0	0	0	0	0	0	0	0	0	1	0	0	2	0	0	0	1	1	0	0	0	1	0	0	0	0	0	0	0	1	0	0	0	0	0	0	1	0	0	0	0	0	0	1	0	0	0	0	0	0	0	0	0	0	0	0	0	0	0	0	0	0	0	1	0	0	0	0	0	0	0	0	0	1	0	0	0	0	0	0	0	0	0	0	0	0	0	1	1	1
314	2	2	1	0	1	2	2	2	0	0	0	1	0	1	0	0	0	2	0	2	0	0	0	2	0	2	0	0	0	2	0	1	2	2	0	2	1	1	1	1	1	1	1	1	1	1	1	1	2	1	1	0	0	0	0	0	0	0	0	0	0	2	0	0	0	1	1	0	0	0	0	0	0	0	0	0	0	1	1	0	0	0	0	0	0	1	0	0	0	0	0	0	1	0	0	0	0	1	0	0	0	0	0	0	0	0	0	0	0	0	0	0	1	0	0	0	1	0	0	0	0	0	1	0	0	0	0	0	0	0	0	0	0	1	1	1	0	0	0
315	2	2	2	1	2	2	2	1	1	0	1	1	1	2	1	1	1	2	1	2	1	1	1	2	1	2	1	1	1	2	1	2	2	2	1	2	0	0	0	0	2	1	1	2	2	2	2	2	0	0	0	0	0	0	0	0	0	0	0	0	0	2	0	0	0	0	0	0	0	0	0	0	0	0	0	0	0	0	2	0	0	0	0	0	0	2	0	0	0	0	0	0	2	0	0	0	0	0	0	0	0	0	0	0	0	0	0	0	0	0	0	0	2	0	0	0	0	0	0	0	0	0	2	0	0	0	0	0	0	0	0	0	0	0	0	0	0	0	0
316	2	2	1	0	1	2	2	2	1	0	1	1	0	1	0	0	0	2	0	2	0	0	0	2	1	2	1	1	0	2	0	1	2	2	0	2	0	0	0	0	1	1	1	1	1	2	2	2	0	1	0	0	0	0	0	0	0	0	1	0	0	2	0	0	0	1	1	0	0	0	1	0	0	0	0	0	0	1	1	0	0	0	0	0	0	0	0	0	0	0	0	0	0	0	0	0	0	0	0	0	0	0	0	0	0	0	0	0	0	0	0	0	0	0	0	0	0	0	0	0	0	0	0	0	0	0	0	0	0	0	0	0	0	1	1	1	0	0	0
317	2	2	2	0	1	1	2	2	2	2	1	1	1	1	1	1	1	2	1	2	1	1	1	2	1	2	1	1	1	1	1	1	2	2	1	1	1	1	1	1	1	2	2	1	1	2	1	2	1	2	1	1	1	0	1	1	1	1	1	0	0	1	0	1	1	2	2	1	1	1	1	1	1	1	1	1	0	0	0	1	1	1	1	1	1	0	1	1	1	1	1	1	0	1	1	1	1	0	1	1	1	1	1	1	1	1	1	1	1	1	1	1	0	1	1	1	1	1	1	1	1	1	0	1	1	1	1	1	1	1	1	1	1	2	2	2	0	0	1
318	2	2	2	0	2	2	2	2	2	1	1	2	1	1	1	1	1	2	1	2	1	1	1	2	2	2	2	2	1	2	1	1	2	2	1	2	0	0	0	0	1	0	1	1	1	2	2	2	0	0	1	0	0	0	1	0	1	0	0	0	0	1	0	0	0	0	0	0	0	0	1	0	0	0	0	0	0	0	0	0	0	0	0	0	0	0	0	0	0	0	0	0	0	0	0	0	0	0	1	0	1	1	1	1	0	1	1	1	1	1	1	1	0	0	1	1	1	1	1	1	1	1	0	0	1	1	1	1	1	1	1	1	1	1	1	1	0	0	0
319	2	2	2	0	2	2	2	1	2	1	2	2	1	2	1	1	1	2	1	2	1	1	1	2	1	2	1	1	1	2	1	1	2	2	1	2	1	1	1	1	1	1	1	1	1	2	2	1	1	0	1	0	0	0	1	0	1	0	0	1	1	1	0	1	1	1	1	1	1	1	1	1	1	1	1	1	0	1	1	1	1	1	1	1	1	1	1	1	1	1	1	1	1	1	1	1	1	1	1	1	1	1	1	1	1	1	1	1	1	1	1	1	1	1	1	1	1	1	1	1	1	1	1	1	1	1	1	1	1	1	1	1	1	1	1	1	0	0	0
320	2	2	1	0	1	2	2	1	2	0	2	2	1	1	1	1	1	2	1	2	1	1	1	2	2	2	2	2	1	2	1	1	2	2	1	2	0	0	0	0	1	1	1	1	1	2	2	2	1	0	0	0	0	1	0	0	0	0	0	0	0	2	1	0	0	0	0	0	0	0	0	0	0	0	0	0	1	1	2	0	0	0	0	0	0	2	0	0	0	0	0	0	2	0	0	0	0	1	0	0	0	0	0	0	0	0	0	0	0	0	0	0	2	0	0	0	0	0	0	0	0	0	2	0	0	0	0	0	0	0	0	0	0	0	0	0	0	0	0
321	2	2	2	0	1	1	2	2	1	1	1	2	1	1	1	1	1	2	1	2	1	1	1	2	1	2	1	1	1	2	1	1	2	2	1	2	2	2	2	2	1	1	1	1	1	2	2	2	0	0	0	0	0	0	0	0	0	0	0	0	0	1	0	0	0	0	0	0	0	0	0	0	0	0	0	0	0	1	1	0	0	0	0	0	0	1	0	0	0	0	0	0	1	0	0	0	0	1	0	0	0	0	0	0	0	0	0	0	0	0	0	0	1	0	0	0	1	0	0	0	0	0	1	0	0	0	0	0	0	0	0	0	0	0	0	0	0	0	0
322	2	2	2	1	2	2	2	1	2	1	2	2	1	2	1	1	1	2	1	2	1	1	1	2	1	2	1	1	1	2	1	1	2	2	1	2	1	1	1	1	1	1	1	1	1	2	2	1	0	0	0	0	0	0	0	0	0	0	0	0	0	2	0	0	0	0	0	0	0	0	0	0	0	0	0	0	0	0	2	0	0	0	0	0	0	2	0	0	0	0	0	0	2	0	0	0	0	0	0	0	0	0	0	0	0	0	0	0	0	0	0	0	2	0	0	0	0	0	0	0	0	0	2	0	0	0	0	0	0	0	0	0	0	0	0	0	0	0	0
323	2	2	2	1	2	2	2	2	1	1	0	0	0	2	0	0	0	2	0	2	0	0	0	2	0	2	0	0	0	2	0	1	2	2	0	2	1	1	1	1	1	1	1	1	1	2	2	1	1	0	0	0	0	0	0	0	0	0	1	0	0	2	0	0	0	1	1	0	0	0	0	0	0	0	0	0	1	1	2	0	0	0	0	0	0	2	0	0	0	0	0	0	2	0	0	0	0	1	0	0	0	0	0	0	0	0	0	0	0	0	0	0	2	0	0	0	0	0	0	0	0	0	2	0	0	0	0	0	0	0	0	0	0	0	0	0	0	0	0
324	2	2	2	0	2	2	2	2	0	0	0	0	0	2	0	0	0	2	0	2	0	0	0	2	0	2	0	0	0	2	0	2	2	2	0	2	0	0	0	0	2	2	2	2	2	2	2	2	2	0	0	0	0	0	0	0	0	0	2	0	0	1	0	0	0	1	1	0	0	0	1	0	0	0	0	0	0	0	0	0	0	0	0	0	0	0	0	0	0	0	0	0	0	0	0	0	0	0	0	0	0	0	0	0	0	0	0	0	0	0	0	0	0	0	0	0	0	0	0	0	0	0	0	0	0	0	0	0	0	0	0	0	0	0	0	0	1	1	1
325	2	2	1	0	1	2	2	2	2	2	2	2	2	2	2	2	2	2	2	2	1	2	2	2	2	2	2	2	2	2	2	2	1	2	1	1	0	0	0	0	1	0	0	1	1	1	1	0	2	0	1	0	0	0	1	0	1	0	0	1	1	1	0	1	1	1	1	1	1	1	1	1	2	2	1	1	0	0	0	1	1	1	2	2	2	0	1	1	1	1	1	1	1	1	1	1	1	0	1	1	1	1	1	1	1	1	1	1	1	1	1	1	1	1	1	1	1	1	1	1	1	1	1	1	1	1	1	1	1	1	1	1	2	1	1	1	0	0	0
326	2	2	1	0	1	2	2	2	2	1	2	2	1	1	1	1	1	2	1	2	1	1	0	2	2	2	2	2	0	2	1	1	2	2	0	2	0	0	0	0	1	1	1	0	0	2	2	1	2	2	1	0	0	0	2	1	1	0	0	0	0	1	0	0	0	0	0	0	0	0	0	0	0	0	0	0	0	0	1	0	0	0	0	0	0	1	0	0	0	0	0	0	1	0	0	0	0	0	0	0	0	0	0	0	0	0	0	0	0	0	0	0	1	0	0	0	0	0	0	0	0	0	1	0	0	0	0	0	0	0	0	0	0	0	0	0	0	0	0
327	2	2	1	0	1	2	2	2	1	0	1	1	0	1	0	0	0	2	0	2	0	0	0	2	1	2	1	1	0	2	0	1	2	2	0	2	0	0	0	0	1	1	1	1	1	2	2	2	1	1	1	0	0	1	1	0	1	0	0	0	0	1	1	0	0	0	0	0	0	0	0	0	0	0	0	0	1	1	1	0	0	0	0	0	0	1	0	0	0	0	0	0	1	0	0	0	0	1	0	0	0	0	0	0	0	0	0	0	0	0	0	0	1	0	0	0	0	0	0	0	0	0	1	0	0	0	0	0	0	0	0	0	0	0	0	0	0	0	0
328	2	2	2	0	0	2	2	2	1	1	1	2	0	0	0	0	0	2	0	2	0	0	0	2	1	2	1	1	0	2	0	0	2	2	0	2	1	1	1	1	0	0	0	0	0	2	2	1	2	2	2	2	2	0	2	2	2	2	2	1	1	0	0	1	1	1	1	1	1	1	1	1	1	1	1	1	0	0	0	1	1	1	0	0	0	0	0	0	0	0	0	0	0	0	0	0	0	0	0	0	0	0	0	0	0	0	0	0	0	0	0	0	0	0	0	0	0	0	0	0	0	0	0	0	0	0	0	0	0	0	0	0	0	0	0	0	0	0	0
329	2	2	1	0	1	1	2	1	1	0	2	2	1	1	1	1	1	2	1	2	1	1	1	2	2	2	2	2	1	2	1	1	2	2	1	2	0	0	0	0	1	0	0	1	1	2	2	1	0	0	0	0	0	0	0	0	0	0	0	0	0	1	0	0	0	0	0	0	0	0	0	0	0	0	0	0	0	0	1	0	0	0	0	0	0	1	0	0	0	0	0	0	1	0	0	0	0	0	0	0	0	0	0	0	0	0	0	0	0	0	0	0	1	0	0	0	0	0	0	0	0	0	1	0	0	0	0	0	0	0	0	0	0	0	0	0	0	0	0
330	2	2	1	0	1	2	2	2	2	2	2	2	2	2	2	2	2	2	2	2	2	2	1	2	2	2	2	2	1	2	2	2	2	2	1	2	1	1	1	0	2	0	0	1	1	2	2	1	2	1	1	0	0	0	2	0	1	0	0	0	0	1	0	1	1	0	0	0	0	0	0	1	1	0	1	0	0	0	0	0	0	0	0	0	0	0	0	0	0	0	0	0	0	0	0	0	0	0	0	0	0	0	0	0	0	0	0	0	0	0	0	0	0	0	0	0	0	0	0	0	0	0	0	0	0	0	0	0	0	0	0	0	0	1	1	1	0	0	1
331	2	2	1	0	0	1	2	2	1	1	2	1	0	1	0	0	0	2	0	2	0	0	0	2	1	2	1	1	0	2	0	1	2	2	0	2	0	0	0	0	1	0	0	1	1	2	2	1	1	0	0	0	0	0	0	0	0	0	1	0	0	0	0	0	0	0	0	0	0	0	0	0	0	0	0	0	0	0	0	0	0	0	0	0	0	0	0	0	0	0	0	0	0	0	0	0	0	0	0	0	0	0	0	0	0	0	0	0	0	0	0	0	0	0	0	0	0	0	0	0	0	0	0	0	0	0	0	0	0	0	0	0	0	0	0	0	0	0	0
332	2	2	2	0	2	2	2	1	2	1	2	2	1	2	1	1	1	2	1	2	1	1	1	2	1	2	1	1	1	2	1	1	2	2	1	2	1	1	1	1	1	1	1	1	1	2	2	0	2	1	1	0	0	0	1	1	1	0	0	1	1	0	0	2	2	2	2	2	2	2	2	2	2	2	2	2	0	0	0	2	2	2	2	2	2	0	2	2	2	2	2	2	0	2	2	2	2	0	2	2	2	2	2	2	2	2	2	2	2	2	2	2	0	2	2	2	2	2	2	2	2	2	0	2	2	2	2	2	2	2	2	2	2	2	2	2	1	1	1
333	2	2	2	1	2	2	2	2	2	0	2	2	1	1	1	1	1	2	1	2	1	1	1	2	2	2	2	2	1	2	1	1	2	2	1	2	0	0	0	1	1	1	1	1	1	2	2	2	0	1	1	0	0	0	1	0	1	0	0	1	1	1	0	1	1	1	1	1	1	1	1	1	1	1	1	1	0	0	0	1	1	1	1	1	1	0	1	1	1	1	1	1	0	1	1	1	1	0	1	1	1	1	1	1	1	1	1	1	1	1	1	1	0	1	1	1	1	1	1	1	1	1	0	1	1	1	1	1	1	1	1	1	1	1	1	1	0	0	0
334	2	2	2	1	2	2	2	2	1	1	1	2	1	1	1	1	1	2	1	2	1	1	0	2	1	2	1	1	0	2	1	1	2	2	0	2	2	2	2	1	1	0	0	0	0	1	1	1	2	1	0	0	0	0	1	0	0	0	0	0	0	2	0	1	1	0	0	0	0	0	0	1	1	0	1	0	0	1	1	0	0	0	0	0	0	1	0	0	0	0	0	0	1	0	0	0	0	1	0	0	0	0	0	0	0	0	0	0	0	0	0	0	1	0	0	0	1	0	0	0	0	0	1	0	0	0	0	0	0	0	0	0	0	1	1	1	0	0	1
335	2	2	1	0	1	2	2	2	1	1	1	1	1	1	1	1	1	2	1	2	1	1	1	2	1	2	1	1	1	1	1	1	2	2	1	1	0	0	0	0	1	1	1	1	1	2	2	2	0	0	0	0	0	0	0	0	0	0	1	0	0	2	0	0	0	1	1	0	0	0	1	0	0	0	0	0	0	0	1	0	0	0	0	0	0	1	0	0	0	0	0	0	1	0	0	0	0	0	0	0	0	0	0	0	0	0	0	0	0	0	0	0	1	0	0	0	0	0	0	0	0	0	1	0	0	0	0	0	0	0	0	0	0	0	0	0	1	1	1
336	2	2	2	0	2	2	2	2	0	0	0	0	0	2	0	0	0	2	0	2	0	0	0	2	0	2	0	0	0	2	0	2	2	2	0	2	0	0	0	0	2	2	2	2	2	2	2	2	0	0	0	0	0	0	0	0	0	0	2	0	0	2	0	0	0	2	2	0	0	0	2	0	0	0	0	0	0	0	0	0	0	0	0	0	0	0	0	0	0	0	0	0	0	0	0	0	0	0	0	0	0	0	0	0	0	0	0	0	0	0	0	0	0	0	0	0	0	0	0	0	0	0	0	0	0	0	0	0	0	0	0	0	0	0	0	0	1	1	1
337	2	2	2	1	2	2	2	2	1	1	1	1	1	2	1	1	1	2	1	2	1	1	0	2	1	2	1	1	0	2	1	2	2	2	0	2	1	1	1	0	2	1	1	1	1	2	2	2	1	1	0	0	0	0	1	0	0	0	1	0	0	2	0	1	1	1	1	0	0	0	1	1	1	0	1	0	0	0	0	0	0	0	0	0	0	0	0	0	0	0	0	0	0	0	0	0	0	0	0	0	0	0	0	0	0	0	0	0	0	0	0	0	0	0	0	0	0	0	0	0	0	0	0	0	0	0	0	0	0	0	0	0	0	1	1	1	1	1	2
338	2	2	1	0	1	2	2	2	0	0	0	0	0	2	0	0	0	2	0	2	0	0	0	2	0	2	0	0	0	2	0	2	2	2	0	2	0	0	0	0	2	2	2	2	2	2	2	2	0	1	1	0	0	0	1	0	1	0	1	0	0	2	0	0	0	1	1	0	0	0	1	0	0	0	0	0	0	0	0	0	0	0	0	0	0	0	0	0	0	0	0	0	0	0	0	0	0	0	0	0	0	0	0	0	0	0	0	0	0	0	0	0	0	0	0	0	0	0	0	0	0	0	0	0	0	0	0	0	0	0	0	0	0	0	0	0	1	1	1
339	2	2	2	0	1	2	2	2	2	1	2	2	1	1	1	1	1	2	1	2	0	1	1	2	2	2	2	2	1	2	1	1	2	2	1	2	0	0	0	0	1	1	0	1	1	2	2	2	0	1	0	0	0	0	0	0	0	0	0	0	0	2	0	0	0	1	1	0	0	0	0	0	0	0	0	0	0	0	1	0	0	0	0	0	0	1	0	0	0	0	0	0	1	0	0	0	0	0	0	0	0	0	0	0	0	0	0	0	0	0	0	0	1	0	0	0	0	0	0	0	0	0	1	0	0	0	0	0	0	0	0	0	0	0	0	0	0	0	0
340	2	2	2	0	2	2	2	2	1	1	0	0	0	2	0	0	0	2	0	2	0	0	0	2	0	2	0	0	0	2	0	2	2	2	0	2	0	0	0	0	2	1	1	2	2	2	2	2	0	0	0	0	0	0	0	0	0	0	2	0	0	1	0	0	0	1	1	0	0	0	1	0	0	0	0	0	0	0	1	0	0	0	0	0	0	1	0	0	0	0	0	0	1	0	0	0	0	0	0	0	0	0	0	0	0	0	0	0	0	0	0	0	1	0	0	0	0	0	0	0	0	0	1	0	0	0	0	0	0	0	0	0	0	0	0	0	1	1	1
341	2	2	1	0	1	2	2	2	2	1	2	2	1	1	1	1	1	2	1	2	1	1	0	2	2	2	2	2	0	2	1	1	2	2	0	2	1	1	1	0	1	0	0	0	0	2	2	2	1	2	0	0	0	0	1	0	0	0	0	0	0	2	0	1	1	0	0	0	0	0	0	1	1	0	1	0	0	1	1	0	0	0	0	0	0	0	0	0	0	0	0	0	0	0	0	0	0	0	0	0	0	0	0	0	0	0	0	0	0	0	0	0	0	0	0	0	0	0	0	0	0	0	0	0	0	0	0	0	0	0	0	0	0	2	2	2	0	0	1
342	2	2	2	0	2	2	2	2	1	1	0	0	0	1	0	0	0	2	0	2	0	0	0	2	0	2	0	0	0	1	0	1	2	2	0	1	0	0	0	0	1	2	2	1	1	2	1	2	1	0	1	1	1	0	1	1	1	1	2	0	0	1	0	0	0	1	1	0	0	0	1	0	0	0	0	0	0	0	0	0	0	0	0	0	0	0	0	0	0	0	0	0	0	0	0	0	0	0	0	0	0	0	0	0	0	0	0	0	0	0	0	0	0	0	0	0	0	0	0	0	0	0	0	0	0	0	0	0	0	0	0	0	0	0	0	0	0	0	0
343	2	2	1	1	1	2	2	2	1	1	1	2	1	1	1	1	1	2	1	2	0	1	0	2	1	2	1	1	0	2	1	1	2	2	0	2	2	2	2	1	1	0	0	0	0	1	1	1	2	1	0	0	0	0	1	0	0	0	0	0	0	2	0	1	1	0	0	0	0	0	0	1	1	0	1	0	0	1	1	0	0	0	0	0	0	1	0	0	0	0	0	0	1	0	0	0	0	1	0	0	0	0	0	0	0	0	0	0	0	0	0	0	1	0	0	0	1	0	0	0	0	0	1	0	0	0	0	0	0	0	0	0	0	1	1	1	0	0	1
344	2	2	2	0	2	2	2	2	0	0	0	0	0	2	0	0	0	2	0	2	0	0	0	2	0	2	0	0	0	2	0	2	2	2	0	2	0	0	0	0	2	1	1	2	2	2	2	2	0	1	1	0	0	0	1	0	1	0	1	0	0	2	0	0	0	1	1	0	0	0	1	0	0	0	0	0	0	0	0	0	0	0	0	0	0	0	0	0	0	0	0	0	0	0	0	0	0	0	0	0	0	0	0	0	0	0	0	0	0	0	0	0	0	0	0	0	0	0	0	0	0	0	0	0	0	0	0	0	0	0	0	0	0	0	0	0	1	1	1
345	1	1	2	0	2	2	2	2	0	0	0	1	0	1	0	0	0	2	0	2	0	0	0	2	0	2	0	0	0	2	0	1	2	2	0	2	1	1	1	1	1	1	1	1	1	2	2	2	0	0	0	0	0	0	0	0	0	0	1	0	0	1	0	0	0	1	1	0	0	0	1	0	0	0	0	0	0	1	1	0	0	0	0	0	0	1	0	0	0	0	0	0	1	0	0	0	0	1	0	0	0	0	0	0	0	0	0	0	0	0	0	0	1	0	0	0	1	0	0	0	0	0	1	0	0	0	0	0	0	0	0	0	0	0	0	0	2	2	2
346	2	2	2	0	2	2	2	2	1	0	1	2	0	0	0	0	0	2	0	2	0	0	0	2	1	2	1	1	0	2	0	0	2	2	0	2	1	1	1	1	0	1	1	0	0	2	2	2	1	1	1	0	0	0	1	0	1	0	0	0	0	2	0	0	0	0	0	0	0	0	0	0	0	0	0	0	0	1	1	0	0	0	0	0	0	0	0	0	0	0	0	0	0	0	0	0	0	0	0	0	0	0	0	0	0	0	0	0	0	0	0	0	0	0	0	0	0	0	0	0	0	0	0	0	0	0	0	0	0	0	0	0	0	1	1	1	0	0	0
347	2	2	2	0	2	2	2	2	1	1	1	1	1	2	1	1	1	2	1	2	1	1	1	2	1	2	1	1	1	2	1	2	2	2	1	2	0	0	0	0	2	2	2	2	2	2	2	2	0	0	0	0	0	0	0	0	0	0	1	0	0	1	0	0	0	1	1	0	0	0	1	0	0	0	0	0	0	0	1	0	0	0	0	0	0	1	0	0	1	0	0	0	1	0	0	0	0	0	0	0	0	0	0	0	0	0	0	0	0	0	0	0	1	0	0	0	0	0	0	0	0	0	1	0	0	0	0	0	0	0	0	0	0	0	0	0	1	1	1
348	2	2	2	1	2	2	2	2	2	2	2	2	2	2	2	2	2	2	2	2	2	2	2	2	2	2	2	2	2	2	2	2	2	2	2	2	0	0	0	0	2	1	1	2	2	2	2	1	1	0	1	0	0	0	1	0	1	0	0	0	0	1	0	0	0	0	0	0	0	0	0	0	0	0	0	0	0	0	1	0	0	0	0	0	0	1	0	0	0	0	0	0	1	0	0	0	0	0	0	0	0	0	0	0	0	0	0	0	0	0	0	0	1	0	0	0	0	0	0	0	0	0	1	0	0	0	0	0	0	0	0	0	0	0	0	0	0	0	0
349	2	2	2	0	2	2	2	2	0	0	0	0	0	2	0	0	0	2	0	2	0	0	0	2	0	2	0	0	0	2	0	2	2	2	0	2	0	0	0	0	2	2	2	2	2	2	2	2	0	2	2	0	0	0	2	0	2	0	0	0	0	1	0	0	0	0	0	0	0	0	0	0	0	0	0	0	0	0	0	0	0	0	0	0	0	0	0	0	0	0	0	0	0	0	0	0	0	0	0	0	0	0	0	0	0	0	0	0	0	0	0	0	0	0	0	0	0	0	0	0	0	0	0	0	0	0	0	0	0	0	0	0	0	0	0	0	0	0	0
350	2	2	1	0	1	2	2	2	2	1	2	2	1	1	1	1	1	2	1	2	1	1	0	2	2	2	2	2	0	2	1	1	2	2	0	2	1	1	1	0	1	0	0	0	0	2	2	2	1	1	1	0	0	1	1	0	1	0	0	0	0	2	1	0	0	0	0	0	0	0	0	0	0	0	0	0	1	1	1	0	0	0	0	0	0	1	0	0	0	0	0	0	1	0	0	0	0	1	0	0	0	0	0	0	0	0	0	0	0	0	0	0	1	0	0	0	0	0	0	0	0	0	1	0	0	0	0	0	0	0	0	0	0	0	0	0	0	0	0
351	2	2	2	0	2	2	2	2	1	1	1	2	1	1	1	1	1	2	1	2	1	1	1	2	1	2	1	1	1	2	1	1	2	2	1	2	1	1	1	1	1	1	1	1	1	2	2	2	1	0	1	0	0	0	1	0	1	0	0	0	0	2	0	0	0	0	0	0	0	0	0	0	0	0	0	0	0	0	1	0	0	0	0	0	0	1	0	0	0	0	0	0	1	0	0	0	0	0	0	0	0	0	0	0	0	0	0	0	0	0	0	0	1	0	0	0	0	0	0	0	0	0	1	0	0	0	0	0	0	0	0	0	0	0	0	0	0	0	0
352	2	2	1	0	1	1	2	2	1	0	0	0	0	1	0	0	0	2	0	2	0	0	0	2	0	2	0	0	0	1	0	1	2	2	0	1	0	0	0	0	1	2	2	1	1	2	2	1	1	0	0	0	0	0	0	0	0	0	1	0	0	0	0	0	0	0	0	0	0	0	0	0	0	0	0	0	0	0	0	0	0	0	0	0	0	0	0	0	0	0	0	0	0	0	0	0	0	0	0	0	0	0	0	0	0	0	0	0	0	0	0	0	0	0	0	0	0	0	0	0	0	0	0	0	0	0	0	0	0	0	0	0	0	0	0	0	0	0	0
353	2	2	2	0	2	2	2	2	1	1	0	0	0	1	0	0	0	2	0	2	0	0	0	2	1	2	1	1	1	1	1	1	2	2	1	1	1	1	1	1	1	2	2	1	1	2	2	2	0	2	2	0	0	0	2	1	2	0	0	1	1	1	0	1	1	1	1	1	1	1	1	1	2	2	1	1	0	0	0	1	1	1	2	1	1	0	1	1	1	1	1	1	0	1	1	1	1	0	2	1	2	2	2	2	1	2	2	2	2	2	2	2	0	1	2	1	1	1	1	1	1	1	0	0	1	1	1	1	1	1	1	1	1	1	1	1	0	0	0
354	2	2	2	1	2	2	2	2	0	0	0	1	0	1	0	0	0	2	0	2	0	0	0	2	0	2	0	0	0	2	0	1	2	2	0	2	1	1	1	1	1	1	1	1	1	1	1	1	1	0	0	0	0	0	0	0	0	0	1	0	0	2	0	0	0	1	1	0	0	0	1	0	0	0	0	0	0	1	1	0	0	0	0	0	0	1	0	0	0	0	0	0	1	0	0	0	0	1	0	0	0	0	0	0	0	0	0	0	0	0	0	0	1	0	0	0	1	0	0	0	0	0	1	0	0	0	0	0	0	0	0	0	0	0	0	0	1	1	1
355	2	2	2	0	1	2	2	2	2	2	1	1	1	1	1	1	1	2	1	2	1	1	1	2	1	2	1	1	1	1	1	1	2	2	1	1	0	0	0	0	1	2	2	1	1	2	1	2	1	1	2	1	1	0	1	1	1	1	1	0	0	1	0	1	1	1	1	1	1	1	2	1	1	1	1	1	0	0	0	1	1	1	1	1	1	0	1	1	1	1	1	1	0	1	1	1	1	0	1	1	1	1	1	1	1	1	1	1	1	1	1	1	0	1	1	1	1	1	1	1	1	1	0	1	1	1	1	1	1	1	1	1	1	1	1	1	1	1	1
356	2	2	2	1	2	2	2	2	1	0	1	2	0	0	0	0	0	2	0	2	0	0	0	2	1	2	1	1	0	2	0	0	2	2	0	2	1	1	1	1	0	1	1	0	0	2	2	2	1	1	1	0	0	0	1	0	1	0	0	0	0	2	0	0	0	0	0	0	0	0	0	0	0	0	0	0	0	1	1	0	0	0	0	0	0	0	0	0	0	0	0	0	0	0	0	0	0	0	0	0	0	0	0	0	0	0	0	0	0	0	0	0	0	0	0	0	0	0	0	0	0	0	0	0	0	0	0	0	0	0	0	0	0	1	1	1	0	0	0
357	2	2	2	0	2	2	2	2	2	1	2	2	2	2	2	2	2	2	2	2	2	2	2	2	2	2	2	2	2	2	2	2	2	2	2	2	1	1	1	1	2	2	2	2	2	2	2	2	0	0	0	0	0	0	0	0	0	0	0	0	0	2	0	0	0	1	1	0	0	0	1	0	0	0	0	0	0	0	1	0	0	0	0	0	0	1	0	0	0	0	1	0	1	0	0	1	0	0	0	0	0	0	0	0	0	0	0	0	0	0	0	0	1	0	0	0	0	0	0	0	0	0	1	0	0	0	0	0	0	0	0	0	0	0	0	0	0	0	0
358	2	2	2	0	2	2	2	2	2	2	0	0	0	0	0	0	0	2	0	2	0	0	0	2	0	2	0	0	0	0	0	0	2	2	0	0	0	0	0	0	0	2	2	0	0	2	1	1	2	1	2	1	1	0	2	1	2	1	1	0	0	2	0	0	0	1	1	0	0	0	1	0	0	0	0	0	1	1	1	0	0	0	0	0	0	1	0	0	0	0	0	0	1	0	0	0	0	1	0	0	0	0	0	0	0	0	0	0	0	0	0	0	1	0	0	0	0	0	0	0	0	0	1	0	0	0	0	0	0	0	0	0	0	0	0	0	0	0	0
359	2	2	2	0	2	2	2	2	1	1	1	1	1	2	1	1	1	2	1	2	1	1	1	2	1	2	1	1	1	2	1	2	2	2	1	2	0	0	0	0	2	1	1	2	2	2	2	1	1	0	1	0	0	0	1	0	1	0	1	0	0	1	0	0	0	1	1	0	0	0	1	0	0	0	0	0	0	0	0	0	0	0	0	0	0	0	0	0	0	0	0	0	0	0	0	0	0	0	0	0	0	0	0	0	0	0	0	0	0	0	0	0	0	0	0	0	0	0	0	0	0	0	0	0	0	0	0	0	0	0	0	0	0	0	0	0	1	1	1
360	2	2	2	0	2	1	2	2	2	2	2	1	1	1	1	1	1	1	1	1	1	1	1	1	1	1	1	1	1	1	1	1	1	2	1	1	0	0	0	0	1	1	1	1	1	1	1	1	1	0	1	0	0	0	1	0	1	0	0	0	0	1	0	0	0	0	0	0	0	0	0	0	1	1	0	0	0	0	0	0	0	0	1	1	1	0	0	0	0	0	0	0	1	0	0	0	0	0	0	0	0	0	0	0	0	0	0	0	0	0	0	0	1	0	0	0	0	0	0	0	0	0	1	0	0	0	0	0	0	0	0	0	1	0	0	0	0	0	0
361	2	2	2	0	2	2	2	2	1	1	1	1	1	2	1	1	1	2	1	2	1	1	1	2	1	2	1	1	1	2	1	2	2	2	1	2	1	1	1	1	2	2	2	2	2	2	2	2	0	1	1	0	0	0	1	0	1	0	1	0	0	1	0	1	1	1	1	0	0	0	1	0	1	1	0	0	0	0	0	0	0	0	1	0	0	0	0	0	0	0	0	0	0	0	0	0	0	0	1	0	1	1	1	1	0	1	1	1	1	1	1	1	0	0	1	1	1	1	1	1	1	1	0	0	1	1	1	1	1	1	1	1	1	1	1	1	1	1	1
362	1	1	2	0	2	1	2	2	1	1	1	2	0	1	0	0	0	2	0	2	0	0	0	2	0	2	0	0	0	2	0	0	2	2	0	2	2	2	2	2	0	0	0	0	0	2	1	1	0	0	1	0	0	0	1	1	1	0	0	1	1	1	0	1	1	1	1	1	1	1	1	1	1	1	1	1	0	1	1	1	1	1	1	1	1	1	1	1	1	1	1	1	1	1	1	1	1	1	1	1	1	1	1	1	1	1	1	1	1	1	1	1	1	1	1	1	2	1	1	1	1	1	1	1	1	1	1	1	1	1	1	1	1	1	1	1	2	2	2
363	2	2	2	0	2	2	2	1	1	0	1	1	1	2	1	1	1	2	1	2	1	1	1	2	1	2	1	1	1	2	1	2	2	2	1	2	0	0	0	0	2	1	1	2	2	2	2	2	1	1	1	0	0	0	0	0	0	0	0	0	0	2	0	0	0	1	1	0	0	0	0	0	0	0	0	0	0	0	1	0	0	0	0	0	0	1	0	0	0	0	0	0	1	0	0	0	0	0	0	0	0	0	0	0	0	0	0	0	0	0	0	0	1	0	0	0	0	0	0	0	0	0	1	0	0	0	0	0	0	0	0	0	0	1	1	1	0	0	0
364	2	2	2	0	2	2	2	2	0	0	0	0	0	2	0	0	0	2	0	2	0	0	0	2	0	2	0	0	0	2	0	2	2	2	0	2	0	0	0	0	2	2	2	2	2	2	2	2	0	0	0	0	0	0	0	0	0	0	2	0	0	1	0	0	0	1	1	0	0	0	1	0	0	0	0	0	0	0	0	0	0	0	0	0	0	0	0	0	0	0	0	0	0	0	0	0	0	0	0	0	0	0	0	0	0	0	0	0	0	0	0	0	0	0	0	0	0	0	0	0	0	0	0	0	0	0	0	0	0	0	0	0	0	0	0	0	1	1	1
365	2	2	2	0	2	2	2	2	1	1	0	0	0	1	0	0	0	2	0	2	0	0	0	2	0	2	0	0	0	1	0	1	2	2	0	1	0	0	0	0	1	2	2	1	1	2	1	2	1	1	1	1	1	0	1	1	1	1	2	1	1	1	0	0	1	2	2	1	1	1	2	1	1	1	1	1	0	0	0	1	1	1	1	1	1	0	1	1	1	1	1	1	0	1	1	1	1	0	1	1	1	1	1	1	1	1	1	1	1	1	1	1	0	1	1	1	1	1	1	1	1	1	0	1	1	1	1	1	1	1	1	1	1	1	1	1	1	1	1
366	2	2	2	0	2	2	2	1	1	0	1	1	1	2	1	1	1	2	1	2	1	1	1	2	1	2	1	1	1	2	1	2	2	2	1	2	1	1	1	1	2	2	2	2	2	2	2	2	1	2	2	0	0	0	1	0	1	0	0	0	0	1	0	0	0	1	1	0	0	0	0	0	0	0	0	0	0	0	0	0	0	0	0	0	0	0	0	0	0	0	0	0	0	0	0	0	0	0	0	0	0	0	0	0	0	0	0	0	0	0	0	0	0	0	0	0	0	0	0	0	0	0	0	0	0	0	0	0	0	0	0	0	0	1	1	1	0	0	0
367	2	2	2	1	2	1	2	2	1	0	0	0	0	1	0	0	0	2	0	2	0	0	0	2	0	2	0	0	0	1	0	1	2	2	0	1	0	0	0	0	1	1	1	1	1	2	2	2	1	0	0	0	0	0	0	0	0	0	0	0	0	2	1	0	0	0	0	0	0	0	0	0	0	0	0	0	1	1	2	0	0	0	1	0	0	2	0	0	0	0	0	0	2	0	0	0	0	1	0	0	0	0	0	0	0	0	0	0	0	0	0	0	2	0	0	0	0	0	0	0	0	0	2	0	0	0	0	0	0	0	0	0	0	0	0	0	1	1	1
368	2	2	2	0	1	2	2	2	2	2	2	2	1	1	1	1	1	2	1	2	1	1	1	2	2	2	2	2	1	2	1	1	2	2	1	2	0	0	0	0	1	1	1	1	1	2	2	1	1	1	1	1	1	0	1	1	1	1	1	0	0	1	0	0	0	0	0	0	0	0	0	0	0	0	0	0	0	0	1	0	0	0	0	0	0	1	0	0	0	0	0	0	1	0	0	0	0	0	0	0	0	0	0	0	0	0	0	0	0	0	0	0	1	0	0	0	0	0	0	0	0	0	1	0	0	0	0	0	0	0	0	0	0	0	0	0	0	0	0
369	2	2	2	0	2	2	2	2	2	2	2	2	2	2	2	2	2	2	2	2	1	2	2	2	2	2	2	2	2	2	2	2	2	2	2	2	0	0	0	0	2	2	2	2	2	2	2	2	1	1	1	0	0	0	1	0	1	0	0	0	0	2	0	0	0	0	0	0	0	0	0	0	1	1	0	0	0	0	1	0	0	0	1	1	1	1	0	0	0	0	0	0	2	0	0	0	0	1	0	0	0	0	0	0	0	0	0	0	0	0	0	0	2	0	0	0	0	0	0	0	0	0	2	0	0	0	0	0	0	0	0	1	1	0	1	0	0	0	0
370	2	2	1	0	2	2	2	1	1	0	1	1	1	2	1	1	1	2	1	2	1	1	1	2	1	2	1	1	1	2	1	2	2	2	1	2	1	1	1	1	2	2	2	2	2	2	2	2	0	1	1	0	0	0	1	0	1	0	1	0	0	1	0	0	0	1	1	0	0	0	1	0	0	0	0	0	0	0	0	0	0	0	0	0	0	0	0	0	0	0	0	0	0	0	0	0	0	0	0	0	0	0	0	0	0	0	0	0	0	0	0	0	0	0	0	0	0	0	0	0	0	0	0	0	0	0	0	0	0	0	0	0	0	0	0	0	1	1	1
371	2	2	1	0	1	1	2	2	0	0	1	1	0	1	0	0	0	2	0	2	0	0	0	2	1	2	1	1	0	2	0	1	2	2	0	2	0	0	0	0	1	1	1	1	1	2	2	1	1	0	0	0	0	0	0	0	0	0	1	0	0	1	0	0	0	1	1	0	0	0	1	0	0	0	0	0	0	0	0	0	0	0	0	0	0	0	0	0	0	0	0	0	0	0	0	0	0	0	0	0	0	0	0	0	0	0	0	0	0	0	0	0	0	0	0	0	0	0	0	0	0	0	0	0	0	0	0	0	0	0	0	0	0	0	0	0	1	1	1
372	2	2	1	0	1	2	2	2	2	2	1	1	1	1	1	1	1	2	1	2	1	1	1	2	1	2	1	1	1	1	1	1	2	2	1	1	0	0	0	0	1	2	2	1	1	2	1	2	1	1	1	1	1	0	1	1	1	1	1	1	1	1	0	1	1	1	1	1	1	1	1	1	1	1	1	1	0	0	1	1	1	1	0	0	0	1	0	0	0	0	0	0	1	0	0	0	0	0	0	0	0	0	0	0	0	0	0	0	0	0	0	0	1	0	0	0	0	0	0	0	0	0	1	0	0	0	0	0	0	0	0	0	0	0	0	0	0	0	0
