0	0	0	0	0
2	1	1	1	1
3	1	1	1	1
4	2	2	2	2
5	1	1	1	1
6	1	1	1	1
7	2	2	2	2
8	1	1	1	1
9	1	1	1	1
10	0	0	0	0
11	1	1	1	1
12	2	2	2	2
13	2	2	2	2
14	1	1	1	1
15	1	1	1	1
16	1	1	1	1
17	2	2	2	2
18	0	0	0	0
19	1	1	1	1
20	2	2	2	2
21	1	1	1	1
22	2	2	2	2
23	2	2	2	2
24	1	1	1	1
25	2	2	2	2
26	1	1	1	1
27	2	2	2	2
28	1	1	1	1
41	1	1	1	1
42	1	1	1	1
43	1	1	2	2
44	1	0	1	1
45	2	2	2	2
46	1	1	1	1
47	1	1	1	1
48	2	2	2	2
49	0	0	1	1
50	0	0	0	0
51	1	1	1	1
52	0	0	1	1
53	1	0	1	1
54	1	1	1	1
55	1	1	1	1
56	1	1	2	2
57	0	0	0	0
58	2	2	2	2
59	1	1	1	1
60	2	2	2	2
61	0	0	0	0
62	2	2	1	1
63	1	1	1	1
64	2	2	2	2
65	2	2	2	2
66	2	2	2	2
67	2	2	2	2
68	2	2	2	2
69	0	0	0	0
70	1	0	1	1
71	1	0	1	1
72	0	0	0	0
73	1	1	0	0
74	1	0	1	1
75	1	1	2	2
76	0	0	0	0
77	1	1	1	1
78	0	0	0	0
79	2	2	2	2
80	0	0	0	0
81	0	0	0	0
82	0	0	0	0
83	1	1	1	1
84	0	0	0	0
85	1	1	1	1
86	1	1	1	1
87	2	2	2	2
88	1	1	1	1
89	0	0	0	0
90	0	0	0	0
91	2	2	2	2
92	2	2	2	2
93	2	2	2	2
94	1	1	1	1
95	2	2	2	2
96	1	1	1	1
97	2	2	2	2
98	1	1	1	1
99	1	1	1	1
100	1	1	1	1
101	0	0	0	0
102	1	1	1	1
103	0	0	0	0
104	1	1	1	1
105	1	1	1	1
106	1	1	1	1
107	0	0	0	0
108	2	2	2	2
109	1	1	1	1
110	2	2	2	2
111	1	1	1	1
112	2	2	2	2
113	2	2	2	2
114	0	0	0	0
115	0	0	0	0
117	0	0	1	1
118	0	0	0	0
119	1	1	1	1
120	2	2	2	2
121	1	1	1	1
122	1	1	1	1
123	0	0	0	0
124	2	2	2	2
125	2	2	2	2
126	2	2	2	2
127	1	1	1	1
128	1	1	1	1
129	2	2	2	2
130	1	1	1	1
131	1	1	1	1
132	1	1	1	1
133	1	1	1	1
134	1	1	1	1
135	0	0	0	0
136	2	2	2	2
137	1	1	2	2
138	1	1	1	1
139	2	2	2	2
140	0	0	0	0
141	1	1	1	1
142	2	2	2	2
143	2	2	2	2
144	2	2	2	2
145	2	2	2	2
146	0	0	0	0
147	2	2	2	2
148	1	1	1	1
149	2	2	2	2
150	1	1	1	1
151	1	1	1	1
152	1	1	1	1
153	1	1	1	1
154	1	1	1	1
155	1	1	1	1
156	0	0	0	0
157	1	1	1	1
158	1	1	1	1
159	0	0	0	0
160	2	2	2	2
161	1	1	1	1
162	1	1	1	1
163	1	1	1	1
164	1	1	1	1
165	0	0	0	0
166	2	2	2	2
167	2	2	2	2
168	2	2	2	2
169	1	1	1	1
170	2	2	2	2
171	1	1	1	1
172	2	2	2	2
173	2	2	2	2
174	2	2	2	2
175	1	1	1	1
176	2	2	2	2
177	2	2	2	2
178	2	2	2	2
179	1	1	1	1
180	1	1	1	1
181	2	2	2	2
182	2	2	2	2
183	1	1	1	1
184	2	2	2	2
185	1	1	1	1
186	0	0	0	0
187	0	0	0	0
188	1	1	1	1
189	0	0	0	0
190	1	1	1	1
191	0	0	1	1
192	1	0	1	1
193	1	1	1	1
194	1	1	1	1
195	1	1	1	1
196	1	0	1	1
197	1	0	1	1
198	1	1	2	2
199	1	0	1	1
200	2	2	2	2
201	1	1	2	2
202	0	0	1	1
203	2	2	2	2
204	0	0	0	0
205	2	2	2	2
206	2	2	2	2
207	2	2	2	2
208	2	2	2	2
209	0	0	0	0
210	2	2	2	2
211	2	2	2	2
212	2	2	2	2
213	1	0	1	1
214	1	1	1	1
215	1	0	1	1
216	0	0	1	1
217	2	2	2	2
218	2	2	2	2
219	1	1	1	1
220	1	1	1	1
222	1	1	1	1
223	2	2	2	2
224	1	1	1	1
225	0	0	0	0
226	1	1	1	1
227	0	0	0	0
228	1	1	1	1
229	0	0	0	0
230	0	0	0	0
231	1	1	1	1
232	2	2	2	2
233	2	2	2	2
234	1	1	1	1
235	2	2	2	2
236	1	1	2	2
237	1	1	1	1
238	1	1	1	1
239	2	2	2	2
240	1	1	1	1
241	1	1	1	1
242	1	1	1	1
243	1	1	1	1
244	1	1	1	1
245	2	2	2	2
246	0	0	0	0
247	0	0	0	0
248	2	2	2	2
249	0	0	0	0
250	2	2	2	2
251	2	2	2	2
252	2	2	2	2
253	2	2	2	2
254	1	1	2	2
255	2	2	2	2
256	2	2	2	2
257	2	2	2	2
258	1	1	1	1
259	1	1	1	1
260	2	2	2	2
261	2	2	2	2
262	2	2	2	2
263	2	2	2	2
264	2	2	2	2
265	2	2	2	2
266	1	1	1	1
267	1	1	1	1
268	1	1	1	1
269	1	1	1	1
270	2	2	2	2
271	1	1	0	0
272	2	2	2	2
273	1	1	1	1
274	2	2	2	2
275	1	1	1	1
276	1	1	1	1
277	1	1	1	1
278	2	2	2	2
279	1	1	1	1
280	1	1	1	1
281	2	2	2	2
282	1	1	1	1
283	1	1	1	1
284	1	1	1	1
285	1	1	1	1
286	1	1	1	1
287	0	0	0	0
288	1	1	1	1
289	0	0	0	0
290	2	2	2	2
291	2	2	2	2
292	1	1	1	1
293	0	0	0	0
294	1	1	1	1
295	0	0	0	0
373	1	1	1	1
374	1	1	1	1
375	1	1	1	1
376	1	1	1	1
377	1	1	1	1
378	0	0	0	0
379	2	2	2	2
380	2	2	2	2
381	2	2	2	2
382	0	0	0	0
383	0	0	0	0
384	2	2	2	2
385	0	0	0	0
386	1	1	1	1
387	0	0	0	0
388	1	1	1	1
389	2	2	2	2
390	1	1	1	1
391	2	2	2	2
392	2	2	2	2
393	2	2	2	2
394	2	2	2	2
395	1	1	1	1
396	2	2	2	2
397	1	1	1	1
398	2	2	2	2
399	2	2	2	2
400	2	2	2	2
401	2	2	2	2
402	1	1	1	1
403	1	1	1	1
404	1	1	1	1
405	2	2	2	2
406	1	1	1	1
407	0	0	0	0
408	0	0	0	0
409	2	2	2	2
410	0	0	0	0
411	1	1	1	1
412	1	1	1	1
413	1	1	1	1
414	1	1	1	1
415	1	1	1	1
416	1	1	1	1
417	0	0	0	0
418	1	1	1	1
419	0	0	0	0
420	1	1	1	1
421	2	2	2	2
422	2	2	2	2
423	0	0	0	0
424	1	1	1	1
425	1	1	1	1
426	1	1	1	1
427	1	1	1	1
428	0	0	0	0
429	1	1	1	1
430	1	1	1	1
431	0	0	0	0
432	0	0	0	0
433	1	1	1	1
434	1	1	1	1
435	1	1	1	1
436	1	1	1	1
437	1	1	1	1
438	1	1	1	1
439	0	0	0	0
440	0	0	0	0
441	2	2	2	2
442	2	2	2	2
443	2	2	2	2
444	2	2	2	2
445	2	2	2	2
446	2	2	2	2
447	2	2	2	2
448	2	2	2	2
449	0	0	0	0
450	0	0	0	0
451	2	2	2	2
452	0	0	0	0
453	1	1	1	1
454	0	0	0	0
455	1	1	1	1
456	0	0	0	0
457	1	1	1	1
458	0	0	0	0
459	0	0	0	0
460	0	0	0	0
461	1	1	1	1
462	1	1	1	1
463	2	2	2	2
464	1	1	1	1
