29	-1	-1	-1	0	-1	-1	-1	0	-1	-1	-1	-1	-1	0	-1	0	0	0	0	0	0	0	0	-1	0	-1	0	0	0	0	1	0	-1	2	-1	-1	-1	-1	-1	-1	-1	-1	-1	-1	1	2
30	-1	-1	-1	0	-1	-1	-1	0	-1	-1	-1	-1	-1	0	-1	0	0	0	0	0	0	0	0	-1	0	-1	0	0	0	0	0	0	-1	1	-1	-1	-1	-1	-1	-1	-1	-1	-1	-1	0	0
31	-1	-1	-1	0	-1	-1	-1	0	-1	-1	-1	-1	-1	0	-1	1	1	0	1	1	0	0	0	-1	1	-1	0	1	1	0	1	1	-1	2	-1	-1	-1	-1	-1	-1	-1	-1	-1	-1	1	1
32	-1	-1	-1	1	-1	-1	-1	0	-1	-1	-1	-1	-1	1	-1	1	1	0	0	2	0	0	0	-1	2	-1	0	1	1	0	0	0	-1	1	-1	-1	-1	-1	-1	-1	-1	-1	-1	-1	1	1
33	-1	-1	-1	0	-1	-1	-1	0	-1	-1	-1	-1	-1	0	-1	0	0	0	0	0	0	0	0	-1	0	-1	0	0	0	0	0	0	-1	1	-1	-1	-1	-1	-1	-1	-1	-1	-1	-1	1	1
34	-1	-1	-1	0	-1	-1	-1	0	-1	-1	-1	-1	-1	0	-1	0	0	0	0	0	0	0	0	-1	0	-1	0	0	0	0	0	0	-1	1	-1	-1	-1	-1	-1	-1	-1	-1	-1	-1	1	2
35	-1	-1	-1	1	-1	-1	-1	0	-1	-1	-1	-1	-1	0	-1	1	0	0	0	0	0	0	0	-1	0	-1	0	0	0	0	0	0	-1	1	-1	-1	-1	-1	-1	-1	-1	-1	-1	-1	0	1
36	-1	-1	-1	0	-1	-1	-1	0	-1	-1	-1	-1	-1	0	-1	1	0	0	0	0	0	0	0	-1	1	-1	0	1	1	0	0	0	-1	1	-1	-1	-1	-1	-1	-1	-1	-1	-1	-1	0	1
37	-1	-1	-1	1	-1	-1	-1	0	-1	-1	-1	-1	-1	1	-1	2	0	1	1	1	1	1	0	-1	1	-1	1	0	0	0	1	1	-1	0	-1	-1	-1	-1	-1	-1	-1	-1	-1	-1	1	0
38	-1	-1	-1	0	-1	-1	-1	0	-1	-1	-1	-1	-1	1	-1	1	0	0	0	0	0	0	0	-1	0	-1	0	0	0	0	1	0	-1	0	-1	-1	-1	-1	-1	-1	-1	-1	-1	-1	1	1
39	-1	-1	-1	1	-1	-1	-1	0	-1	-1	-1	-1	-1	0	-1	2	1	1	0	0	1	1	0	-1	1	-1	1	0	0	0	0	0	-1	2	-1	-1	-1	-1	-1	-1	-1	-1	-1	-1	1	1
40	-1	-1	-1	1	-1	-1	-1	1	-1	-1	-1	-1	-1	0	-1	0	1	1	0	0	1	1	1	-1	0	-1	0	0	0	1	0	1	-1	1	-1	-1	-1	-1	-1	-1	-1	-1	-1	-1	1	1
296	0	0	0	1	0	0	2	0	2	2	2	2	0	2	2	2	2	0	0	2	0	0	0	0	2	0	0	0	0	0	0	0	0	1	0	1	0	0	0	0	0	0	0	0	0	0
297	0	0	0	0	0	0	1	0	1	2	0	0	0	1	0	1	0	0	1	1	0	0	0	0	1	1	0	1	1	0	2	2	0	1	0	0	2	0	1	1	0	0	0	0	2	0
298	0	0	0	1	0	0	1	1	1	1	0	1	0	0	0	1	0	2	0	0	1	0	1	0	0	0	0	0	0	0	0	0	0	0	0	1	0	0	0	0	0	0	0	0	0	0
299	0	0	0	0	0	0	1	0	1	1	1	1	0	0	1	1	1	0	1	1	0	0	0	0	0	0	0	0	0	0	0	0	0	1	0	0	0	0	0	0	0	0	0	0	0	2
300	0	0	0	1	0	0	1	0	1	2	1	0	0	0	1	1	1	1	0	0	0	0	0	0	0	0	0	0	0	0	0	0	0	0	0	0	2	0	1	1	1	0	0	0	1	1
301	0	0	0	1	0	0	0	1	0	1	0	0	1	1	0	1	0	1	0	0	0	1	1	0	0	1	0	0	0	0	0	0	0	1	1	0	0	0	0	0	0	0	0	0	0	0
302	0	0	0	0	0	0	2	0	2	2	0	1	0	1	1	0	1	0	0	1	0	0	0	1	2	1	0	0	0	0	0	0	0	2	0	1	0	0	0	0	0	0	0	0	0	2
303	0	0	0	1	0	0	2	0	2	2	1	2	0	1	1	0	1	0	0	0	0	0	0	0	1	0	0	0	0	1	0	0	0	0	1	0	1	0	0	0	0	0	0	0	0	0
304	0	0	1	1	0	0	2	0	2	2	1	2	0	0	2	2	2	0	2	1	1	0	0	1	1	1	0	0	1	0	0	0	0	2	0	1	0	0	0	0	0	0	0	0	1	2
305	0	0	1	1	0	0	2	0	2	2	0	1	1	0	0	0	0	0	0	1	0	0	0	0	1	1	0	0	0	0	0	0	0	0	0	0	0	0	0	0	0	0	0	0	0	0
306	0	0	0	1	0	0	2	1	1	1	0	1	0	0	0	1	0	1	0	0	1	0	1	0	0	0	0	0	0	0	0	0	0	0	0	0	0	0	0	0	0	0	0	0	0	0
307	0	0	0	1	0	0	0	1	0	1	0	0	0	0	0	0	1	1	0	0	0	0	0	0	1	1	0	1	1	1	0	0	0	0	0	1	0	0	0	0	0	0	0	0	0	0
308	0	0	0	0	0	0	0	1	1	1	0	0	0	0	1	1	0	1	0	0	1	1	1	0	0	1	0	0	0	0	0	0	0	1	0	1	0	0	0	0	0	0	0	0	0	0
309	0	0	0	1	0	0	1	0	1	1	0	0	0	0	0	0	0	0	0	0	0	0	0	0	1	0	0	0	0	0	0	0	0	0	0	0	0	0	0	0	0	0	0	0	0	0
310	0	0	0	0	0	0	1	0	2	2	1	1	1	0	2	2	0	0	1	0	0	0	0	0	0	0	0	0	0	0	0	0	0	2	0	0	0	0	0	0	0	0	0	0	2	2
311	0	0	1	1	0	1	2	0	2	2	0	0	0	0	0	0	0	0	0	1	0	0	0	0	0	1	0	0	0	0	0	0	0	1	0	0	0	0	0	0	0	0	0	0	2	2
312	0	0	0	1	0	0	0	1	0	1	0	0	0	1	1	0	0	1	0	0	0	0	0	0	0	1	0	1	1	0	0	0	0	0	0	1	0	0	0	0	0	0	0	0	0	0
313	0	0	0	0	0	0	1	0	1	2	1	1	0	1	0	1	0	0	1	1	0	0	0	0	1	0	0	0	0	0	0	0	0	0	0	0	0	0	0	0	0	0	0	0	1	1
314	0	0	0	2	0	1	1	2	1	1	0	0	1	0	0	1	0	2	0	0	2	0	0	1	0	0	0	0	0	0	0	0	0	0	0	0	0	0	0	0	0	0	0	0	0	0
315	0	0	0	1	0	0	2	0	2	2	0	0	0	0	0	0	0	1	0	0	0	0	0	0	0	1	0	0	0	0	0	0	0	0	0	0	0	0	0	0	0	0	0	0	0	0
316	0	0	0	1	0	0	0	0	1	1	0	0	0	1	0	1	1	0	0	1	0	1	1	0	0	1	1	0	0	1	0	0	0	0	0	0	0	0	0	0	0	0	0	0	0	0
317	0	0	0	0	0	0	2	0	1	2	1	1	0	2	2	2	1	0	1	0	0	0	0	0	1	1	0	0	1	0	1	0	0	2	0	0	0	0	0	0	0	0	0	0	1	1
318	0	0	0	0	0	2	2	0	2	2	1	1	0	0	2	2	0	0	1	1	0	0	0	0	2	2	0	0	0	0	0	0	0	0	0	1	1	0	0	0	0	0	0	0	0	1
319	0	0	0	0	0	0	2	0	2	2	0	1	0	0	1	1	1	0	0	0	0	0	0	0	0	0	0	0	0	0	0	0	0	0	0	0	0	0	0	0	0	0	0	0	0	0
320	0	0	0	1	0	0	2	0	2	2	1	1	0	0	2	2	0	0	0	0	0	0	0	0	1	2	0	0	0	0	1	1	0	0	0	0	0	0	0	0	0	0	0	0	1	2
321	0	0	0	1	0	0	1	1	1	1	0	1	0	0	1	1	0	1	0	0	1	0	0	0	1	0	0	0	0	1	0	0	0	1	0	0	0	0	0	0	0	0	0	0	0	0
322	0	0	0	1	0	0	2	0	2	1	2	2	0	2	2	2	2	0	1	2	1	1	0	1	2	1	0	2	2	1	0	0	0	0	0	0	1	0	0	0	0	0	0	0	1	1
323	0	0	0	1	0	0	1	1	1	1	0	0	0	0	0	1	0	1	0	1	0	0	0	1	0	0	0	1	1	0	0	0	0	1	0	0	0	0	0	0	0	0	0	0	0	0
324	0	0	0	1	1	0	2	0	2	2	0	2	0	0	2	2	0	0	0	2	0	0	0	0	1	2	0	0	0	0	0	0	0	0	0	0	1	0	1	1	0	0	0	0	0	2
325	0	0	0	0	0	0	0	0	1	1	0	0	0	0	0	0	0	0	0	0	0	0	0	0	0	1	1	0	0	0	0	0	0	1	0	0	0	0	0	0	0	0	0	0	0	0
326	0	0	0	1	1	0	1	0	2	2	0	0	0	0	0	0	0	0	0	0	0	0	0	0	1	0	0	0	0	0	1	1	1	2	2	0	0	0	1	1	1	1	0	1	0	1
327	0	0	0	0	0	0	2	0	1	1	0	0	0	0	0	0	0	0	0	0	0	0	1	0	0	0	1	0	0	0	0	0	0	1	0	0	1	0	1	1	1	1	0	1	0	0
328	0	0	0	0	0	0	2	0	1	2	0	0	0	0	0	0	0	0	0	0	0	0	0	0	0	0	0	0	0	0	0	0	0	0	0	0	0	0	0	0	0	0	0	0	0	1
329	0	0	0	0	0	0	1	0	1	1	0	1	0	0	0	0	0	0	0	0	0	0	0	0	0	0	0	0	0	0	0	0	0	1	0	0	0	0	0	0	0	0	0	0	0	0
330	0	0	0	1	0	0	0	0	0	0	0	0	0	1	0	1	1	0	0	0	1	2	0	0	0	1	1	0	0	0	0	0	0	1	0	1	0	0	0	0	0	0	0	0	0	0
331	0	0	0	0	0	0	2	0	2	2	0	0	0	0	2	0	0	0	0	0	0	0	0	0	1	1	0	0	1	0	0	0	0	0	0	1	0	0	0	0	0	0	0	0	0	0
332	0	0	0	0	0	0	1	0	1	1	0	0	0	0	0	0	0	0	0	0	0	0	0	0	1	1	0	0	0	0	0	0	0	0	0	0	0	0	0	0	0	0	0	0	0	0
333	0	0	0	0	0	0	2	0	2	2	0	0	0	0	0	0	0	0	0	0	0	0	0	0	0	0	0	0	0	0	0	0	0	1	0	0	0	0	0	0	0	0	0	0	1	2
334	0	0	0	1	0	0	0	1	0	1	0	0	1	0	0	1	0	1	0	0	0	0	0	0	0	1	0	0	0	0	0	0	0	1	0	0	0	0	0	0	0	0	0	0	0	1
335	0	1	0	1	0	0	2	0	2	2	2	2	0	1	1	1	1	0	0	2	0	0	0	1	2	2	0	0	0	0	0	0	0	2	0	2	0	0	0	0	0	0	0	0	1	1
336	0	0	0	0	0	0	2	0	2	2	0	0	0	0	1	0	0	0	0	0	0	0	0	0	0	0	0	0	0	0	0	0	0	1	2	0	0	0	2	2	2	2	1	0	0	2
337	0	0	0	0	0	0	0	0	0	1	0	0	0	0	0	0	0	0	0	0	0	0	1	0	0	0	0	0	0	0	0	0	0	1	0	0	0	0	0	0	1	1	0	0	0	0
338	0	0	0	1	0	0	0	0	1	1	0	0	0	0	0	0	0	0	0	0	0	0	0	0	0	0	0	0	0	0	1	1	0	2	0	2	0	0	0	0	0	0	0	0	2	2
339	0	0	0	1	0	0	0	0	0	1	0	0	0	0	0	0	0	1	0	0	0	1	0	0	0	1	1	0	0	0	0	0	0	1	0	1	0	1	1	1	1	1	0	1	0	1
340	0	0	0	1	0	0	1	1	1	1	0	0	1	0	0	1	0	1	0	0	1	0	0	0	0	0	0	0	0	0	0	0	0	0	0	0	0	0	0	0	0	0	0	0	0	0
341	0	0	0	1	0	0	0	0	1	1	0	0	0	0	0	0	0	0	0	0	0	1	0	0	0	1	1	0	0	0	0	0	0	0	0	0	1	0	0	0	0	0	0	0	0	0
342	0	0	0	0	0	0	0	0	0	1	0	0	0	0	0	0	0	0	0	0	0	0	0	0	0	0	0	0	0	0	0	0	0	2	0	0	0	0	0	0	0	0	0	0	0	1
343	0	0	0	0	0	0	0	0	1	1	1	1	0	0	0	0	0	0	0	0	0	0	0	0	0	1	0	0	0	0	0	0	0	2	0	0	0	0	0	0	0	0	0	0	1	2
344	0	0	0	0	0	0	0	0	1	1	0	0	0	0	0	0	0	0	0	0	0	0	0	0	1	0	0	0	0	0	0	0	0	1	0	1	0	0	0	0	0	0	0	0	0	1
345	0	0	0	0	0	0	0	0	1	1	0	0	0	0	0	0	0	0	0	0	0	0	0	0	1	0	0	0	0	0	1	1	0	2	1	0	1	1	1	1	1	1	1	1	1	1
346	0	0	0	0	0	0	0	0	1	1	1	1	0	0	0	0	0	0	0	0	0	0	0	0	1	1	0	0	0	0	0	0	0	0	0	0	0	0	0	0	0	0	0	0	0	1
347	0	0	0	0	0	0	2	0	2	2	0	0	0	0	1	0	0	0	0	0	0	0	0	0	0	0	0	0	0	0	0	0	0	1	0	1	2	0	2	2	2	2	1	0	1	2
348	0	0	0	0	0	0	1	0	1	2	0	1	0	0	1	0	0	0	1	1	0	0	0	0	1	1	0	1	1	0	1	0	0	1	0	0	1	1	1	1	1	1	1	1	1	2
349	0	0	0	0	0	0	1	0	2	2	0	0	0	0	0	0	0	0	0	0	0	0	0	0	0	0	0	0	0	0	0	0	0	1	0	0	0	0	0	0	0	0	0	0	0	1
350	0	0	1	0	0	0	2	0	2	2	0	0	0	0	2	0	0	0	0	0	0	0	0	0	0	1	0	0	1	0	0	0	0	1	0	0	0	0	0	0	0	0	0	0	0	2
351	0	0	0	0	0	0	0	0	0	1	0	0	0	0	1	0	0	0	0	0	0	0	0	0	0	0	0	0	0	0	0	0	0	1	0	0	0	0	0	0	0	0	0	0	0	1
352	0	0	0	0	0	0	0	0	1	1	0	0	0	0	0	0	0	0	0	0	0	0	0	1	0	0	0	0	0	1	0	0	0	0	0	1	0	0	0	0	0	0	0	0	0	0
353	0	0	0	1	0	0	1	1	1	1	0	0	0	0	1	0	1	0	0	0	0	0	0	0	0	0	0	0	0	0	0	0	0	1	1	0	0	1	1	1	1	1	1	0	0	1
354	0	0	0	0	0	0	1	0	2	2	0	0	0	0	0	0	0	0	0	0	0	0	0	0	0	0	0	0	0	0	0	0	0	0	1	0	2	0	2	2	2	2	0	0	0	2
355	0	0	1	2	0	0	0	0	1	1	0	0	2	0	0	0	1	0	0	0	1	2	0	0	0	2	2	1	1	0	0	0	0	0	0	1	0	0	0	0	0	0	0	0	0	0
356	0	0	0	0	0	1	2	0	2	2	2	2	1	1	2	2	1	0	2	1	0	0	0	0	1	1	1	0	0	0	1	1	0	2	0	0	0	0	0	0	0	0	0	0	1	2
357	0	0	0	2	0	0	0	0	1	1	0	0	1	0	1	0	1	0	0	0	2	2	0	0	1	2	2	2	2	1	0	0	0	0	0	1	0	0	0	0	0	0	0	0	0	0
358	0	0	0	2	0	0	1	0	1	1	1	1	1	1	1	2	1	0	0	0	2	2	0	0	0	2	2	0	0	0	1	1	0	1	0	0	1	0	1	0	0	0	0	0	1	1
359	0	0	0	0	0	0	1	0	1	2	0	0	0	0	0	0	0	1	0	0	0	0	0	0	0	0	0	0	0	0	0	0	0	0	0	0	0	0	0	0	0	0	0	1	1	2
360	0	0	0	1	0	1	2	0	2	2	1	0	0	0	0	0	0	0	0	0	0	0	0	0	0	0	0	0	0	0	0	0	0	2	0	0	0	0	0	0	0	0	0	0	0	2
361	0	0	0	0	0	0	1	0	1	1	0	0	0	0	0	0	0	0	0	0	0	0	0	0	0	0	0	0	0	0	0	0	0	0	0	0	0	0	0	0	0	0	0	0	0	0
362	0	0	0	0	0	0	1	0	1	1	0	0	0	0	0	0	0	0	0	0	0	0	0	0	1	0	0	0	0	0	0	0	0	0	0	0	0	0	0	0	0	0	0	0	0	0
363	0	0	0	0	0	0	2	0	2	1	0	0	0	0	1	1	1	0	1	2	1	1	0	1	2	2	0	2	2	1	2	2	0	2	0	1	0	0	1	1	1	1	1	1	2	2
364	0	0	0	1	0	0	0	0	0	1	0	1	0	0	0	1	0	0	0	0	1	1	0	0	0	1	1	1	1	0	0	0	0	1	0	0	1	0	1	1	1	1	0	0	0	0
365	0	0	0	0	0	1	2	0	2	2	0	2	0	2	2	2	2	0	2	2	1	0	0	2	2	2	0	1	1	0	0	0	0	0	0	0	1	0	0	0	0	0	0	0	0	0
366	0	0	0	2	0	0	1	1	1	1	0	1	1	0	1	2	1	1	0	0	0	0	0	0	0	0	0	0	0	0	0	0	0	0	0	0	0	0	0	0	0	0	0	0	0	0
367	0	0	0	1	0	0	0	0	1	1	0	0	0	1	0	1	0	1	0	0	0	0	1	0	0	1	0	0	0	1	0	0	0	0	0	1	0	0	0	0	0	0	0	0	0	1
368	0	0	0	0	0	1	2	0	2	2	0	0	0	1	0	0	0	0	0	0	0	0	0	0	2	2	0	0	0	0	0	0	0	1	0	1	0	0	0	0	1	0	1	0	2	2
369	0	0	0	1	0	1	2	0	2	2	0	0	0	0	1	1	1	0	0	0	0	1	0	0	0	1	0	0	0	0	0	0	0	1	0	0	0	0	0	0	0	0	0	0	1	1
370	1	1	1	1	1	0	1	0	2	2	0	1	0	0	2	2	1	0	0	1	0	0	0	1	1	1	0	0	0	0	1	1	0	1	0	0	1	0	1	1	0	0	0	0	1	2
371	0	0	0	1	1	2	2	0	2	2	1	1	0	1	1	1	1	0	1	1	0	0	0	1	1	1	0	0	0	0	0	0	0	2	0	1	0	0	0	0	0	0	0	0	2	2
372	0	0	0	0	0	0	0	0	1	1	0	0	0	0	0	0	0	0	0	0	0	0	0	0	0	0	0	0	0	0	0	0	0	0	0	0	0	0	0	0	0	0	1	0	0	0
