0	-1	-1	-1	0	-1	-1	-1	0	-1	-1	-1	-1	-1	0	-1	0	0	0	0	0	0	0	0	-1	0	-1	0	0	0	0	0	0	-1	1	-1	-1	-1	-1	-1	-1	-1	-1	-1	-1	1	1
2	-1	-1	-1	0	-1	-1	-1	0	-1	-1	-1	-1	-1	0	-1	0	0	0	0	1	0	0	0	-1	1	-1	0	1	1	0	0	0	-1	1	-1	-1	-1	-1	-1	-1	-1	-1	-1	-1	1	1
3	-1	-1	-1	0	-1	-1	-1	0	-1	-1	-1	-1	-1	0	-1	0	1	0	0	0	0	0	0	-1	0	-1	0	0	0	0	0	0	-1	2	-1	-1	-1	-1	-1	-1	-1	-1	-1	-1	2	2
4	-1	-1	-1	0	-1	-1	-1	0	-1	-1	-1	-1	-1	0	-1	0	0	0	0	0	0	0	0	-1	0	-1	0	0	0	0	0	0	-1	1	-1	-1	-1	-1	-1	-1	-1	-1	-1	-1	1	1
5	-1	-1	-1	1	-1	-1	-1	0	-1	-1	-1	-1	-1	0	-1	0	0	0	1	1	1	0	0	-1	1	-1	0	0	0	0	0	0	-1	2	-1	-1	-1	-1	-1	-1	-1	-1	-1	-1	2	2
6	-1	-1	-1	1	-1	-1	-1	0	-1	-1	-1	-1	-1	1	-1	1	1	0	0	1	0	0	0	-1	2	-1	0	2	2	0	1	1	-1	2	-1	-1	-1	-1	-1	-1	-1	-1	-1	-1	2	2
7	-1	-1	-1	0	-1	-1	-1	0	-1	-1	-1	-1	-1	0	-1	0	0	0	0	0	0	0	0	-1	1	-1	0	1	1	0	2	2	-1	2	-1	-1	-1	-1	-1	-1	-1	-1	-1	-1	2	2
8	-1	-1	-1	0	-1	-1	-1	0	-1	-1	-1	-1	-1	0	-1	0	1	0	1	2	0	0	0	-1	1	-1	0	2	2	0	2	2	-1	2	-1	-1	-1	-1	-1	-1	-1	-1	-1	-1	2	2
9	-1	-1	-1	1	-1	-1	-1	0	-1	-1	-1	-1	-1	0	-1	0	0	0	1	1	0	0	0	-1	1	-1	0	1	1	0	1	1	-1	1	-1	-1	-1	-1	-1	-1	-1	-1	-1	-1	2	2
10	-1	-1	-1	1	-1	-1	-1	0	-1	-1	-1	-1	-1	0	-1	0	1	0	2	2	0	1	0	-1	2	-1	0	2	2	0	2	2	-1	2	-1	-1	-1	-1	-1	-1	-1	-1	-1	-1	2	2
11	-1	-1	-1	0	-1	-1	-1	0	-1	-1	-1	-1	-1	0	-1	0	0	0	0	0	0	0	1	-1	0	-1	1	0	0	0	0	0	-1	0	-1	-1	-1	-1	-1	-1	-1	-1	-1	-1	0	0
12	-1	-1	-1	1	-1	-1	-1	0	-1	-1	-1	-1	-1	0	-1	0	0	0	0	0	0	0	0	-1	1	-1	0	1	1	0	1	1	-1	2	-1	-1	-1	-1	-1	-1	-1	-1	-1	-1	2	2
13	-1	-1	-1	0	-1	-1	-1	0	-1	-1	-1	-1	-1	0	-1	0	1	0	0	1	0	0	0	-1	0	-1	0	0	0	0	1	1	-1	2	-1	-1	-1	-1	-1	-1	-1	-1	-1	-1	1	2
14	-1	-1	-1	0	-1	-1	-1	0	-1	-1	-1	-1	-1	1	-1	1	1	0	1	1	0	0	0	-1	1	-1	0	1	1	0	0	0	-1	1	-1	-1	-1	-1	-1	-1	-1	-1	-1	-1	1	2
15	-1	-1	-1	0	-1	-1	-1	0	-1	-1	-1	-1	-1	0	-1	0	1	0	1	2	1	0	0	-1	2	-1	0	2	2	0	2	1	-1	2	-1	-1	-1	-1	-1	-1	-1	-1	-1	-1	1	2
16	-1	-1	-1	1	-1	-1	-1	0	-1	-1	-1	-1	-1	0	-1	1	0	0	0	0	0	0	0	-1	0	-1	0	0	0	0	0	0	-1	2	-1	-1	-1	-1	-1	-1	-1	-1	-1	-1	2	2
17	-1	-1	-1	0	-1	-1	-1	0	-1	-1	-1	-1	-1	0	-1	0	0	0	0	0	0	0	0	-1	0	-1	0	0	0	0	0	0	-1	2	-1	-1	-1	-1	-1	-1	-1	-1	-1	-1	1	2
18	-1	-1	-1	1	-1	-1	-1	0	-1	-1	-1	-1	-1	0	-1	0	1	0	1	1	0	0	0	-1	1	-1	0	1	1	0	1	1	-1	2	-1	-1	-1	-1	-1	-1	-1	-1	-1	-1	2	2
19	-1	-1	-1	1	-1	-1	-1	0	-1	-1	-1	-1	-1	1	-1	1	1	0	1	1	0	0	0	-1	1	-1	0	0	1	0	1	1	-1	1	-1	-1	-1	-1	-1	-1	-1	-1	-1	-1	1	1
20	-1	-1	-1	0	-1	-1	-1	0	-1	-1	-1	-1	-1	0	-1	0	0	0	0	0	0	0	0	-1	1	-1	0	1	1	0	1	1	-1	2	-1	-1	-1	-1	-1	-1	-1	-1	-1	-1	1	2
21	-1	-1	-1	0	-1	-1	-1	0	-1	-1	-1	-1	-1	0	-1	0	0	0	0	0	0	0	0	-1	1	-1	0	0	0	0	1	1	-1	1	-1	-1	-1	-1	-1	-1	-1	-1	-1	-1	1	1
22	-1	-1	-1	0	-1	-1	-1	0	-1	-1	-1	-1	-1	0	-1	0	0	0	0	0	0	0	0	-1	0	-1	0	0	0	0	0	0	-1	1	-1	-1	-1	-1	-1	-1	-1	-1	-1	-1	1	1
23	-1	-1	-1	0	-1	-1	-1	0	-1	-1	-1	-1	-1	0	-1	0	0	0	0	0	0	0	0	-1	1	-1	0	0	0	0	1	1	-1	2	-1	-1	-1	-1	-1	-1	-1	-1	-1	-1	1	2
24	-1	-1	-1	0	-1	-1	-1	0	-1	-1	-1	-1	-1	0	-1	0	0	0	1	1	0	0	0	-1	1	-1	0	1	1	0	1	1	-1	2	-1	-1	-1	-1	-1	-1	-1	-1	-1	-1	1	1
25	-1	-1	-1	1	-1	-1	-1	0	-1	-1	-1	-1	-1	1	-1	1	1	0	1	1	0	0	0	-1	2	-1	0	1	1	0	1	1	-1	2	-1	-1	-1	-1	-1	-1	-1	-1	-1	-1	2	2
26	-1	-1	-1	1	-1	-1	-1	0	-1	-1	-1	-1	-1	0	-1	0	0	0	0	1	0	0	0	-1	1	-1	0	0	0	0	1	1	-1	2	-1	-1	-1	-1	-1	-1	-1	-1	-1	-1	1	1
27	-1	-1	-1	1	-1	-1	-1	0	-1	-1	-1	-1	-1	0	-1	1	1	0	1	1	0	0	0	-1	1	-1	0	1	1	0	1	1	-1	2	-1	-1	-1	-1	-1	-1	-1	-1	-1	-1	1	2
28	-1	-1	-1	0	-1	-1	-1	0	-1	-1	-1	-1	-1	1	-1	1	1	0	2	2	2	1	0	-1	2	-1	0	2	2	0	2	2	-1	2	-1	-1	-1	-1	-1	-1	-1	-1	-1	-1	1	1
41	-1	-1	-1	0	-1	-1	-1	0	-1	-1	-1	-1	-1	0	-1	0	0	0	0	1	0	0	0	-1	0	-1	0	0	0	0	0	0	-1	1	-1	-1	-1	-1	-1	-1	-1	-1	-1	-1	0	1
42	0	1	1	1	1	1	1	0	1	1	0	0	0	1	0	0	0	0	0	1	0	0	0	0	2	2	0	2	2	0	0	0	0	1	0	0	1	0	1	0	0	0	0	0	2	2
43	0	0	0	0	0	0	0	0	1	1	0	0	0	0	0	0	0	0	0	0	0	0	0	0	0	0	0	0	0	0	0	0	0	1	1	0	0	0	1	1	1	1	1	0	0	1
44	0	0	0	0	0	0	1	0	2	2	0	0	0	0	0	0	0	0	0	0	0	0	0	0	0	0	0	0	0	0	1	1	0	2	1	1	2	2	2	2	2	2	1	0	1	2
45	0	0	0	0	0	0	1	0	1	1	0	0	0	0	1	0	0	0	0	0	0	0	0	0	1	0	0	1	1	0	1	1	0	0	0	0	1	0	1	1	0	0	1	1	1	1
46	0	0	0	0	0	0	0	0	0	1	0	0	0	0	0	0	0	0	0	0	0	0	0	0	0	0	0	0	0	0	0	0	0	1	1	0	1	1	1	1	1	1	1	0	1	1
47	0	0	0	0	0	0	2	0	1	1	0	0	0	0	0	0	0	0	0	0	0	0	0	0	0	0	0	0	0	0	0	0	0	1	2	1	1	1	2	2	2	2	2	0	1	2
48	0	0	0	0	0	0	1	0	1	1	0	0	0	0	1	0	0	0	0	0	0	0	0	0	0	0	0	0	0	0	0	0	0	1	0	0	0	0	0	0	0	0	0	0	0	2
49	0	0	0	0	0	0	2	0	2	2	0	1	0	0	1	0	0	0	0	0	0	0	0	0	0	0	0	0	0	0	0	0	0	2	1	0	1	1	1	1	1	1	0	0	1	2
50	0	0	0	0	0	0	2	0	2	2	0	0	0	0	0	0	0	0	0	0	0	0	0	0	0	0	0	0	0	0	0	0	0	2	0	0	0	0	1	1	1	1	0	0	2	2
51	1	1	1	1	1	1	2	0	2	2	1	1	0	0	1	0	1	0	0	0	0	0	0	0	0	1	0	1	1	0	1	1	0	2	0	0	0	0	0	0	0	0	0	0	2	2
52	0	0	0	0	0	0	1	0	1	1	0	0	0	0	1	0	0	0	0	0	0	0	0	0	1	1	0	0	0	0	0	0	0	2	1	1	0	1	1	2	2	1	1	1	2	2
53	0	0	0	0	0	0	0	0	1	1	0	0	0	0	0	0	0	0	0	0	0	0	0	0	0	0	0	0	0	0	0	0	0	1	0	0	0	0	0	0	0	0	0	0	0	1
54	1	1	0	0	0	0	1	0	1	1	0	1	0	0	1	1	0	0	1	1	0	0	0	0	2	1	0	1	1	0	0	0	0	2	0	1	0	0	0	0	0	0	0	0	2	2
55	1	1	1	1	1	0	1	0	2	2	0	0	0	0	0	0	0	0	1	1	0	0	0	0	1	2	0	2	2	0	2	2	1	2	0	0	0	0	0	0	0	0	0	0	2	2
56	0	0	1	0	0	0	1	0	0	0	0	1	0	0	1	0	0	0	1	0	0	0	0	0	1	1	0	0	0	0	1	1	0	1	0	0	0	0	0	0	0	0	0	0	1	1
57	0	0	0	0	0	0	1	0	1	1	0	0	0	0	0	0	0	0	0	1	0	0	0	0	1	2	1	2	2	0	2	2	2	2	0	0	0	0	0	0	1	1	1	0	2	2
58	0	0	0	0	0	0	1	0	1	1	1	1	0	0	1	0	0	0	1	1	0	0	0	0	1	1	0	1	1	0	0	0	0	1	0	0	0	0	0	0	0	0	0	0	0	1
59	0	0	0	0	0	0	1	0	1	1	0	0	0	0	0	0	0	0	0	0	0	0	0	0	0	0	0	0	0	0	1	1	0	2	0	0	0	0	0	0	0	0	0	0	2	2
60	1	1	1	1	1	2	2	1	2	2	2	2	0	0	2	1	2	0	1	1	1	1	0	0	2	1	1	2	2	0	1	0	0	2	1	1	1	1	1	1	1	1	2	0	2	2
61	1	0	0	0	0	0	0	0	0	0	0	0	0	0	0	0	0	0	0	1	0	0	0	0	1	1	0	1	1	0	1	1	1	2	0	0	1	1	1	1	1	1	1	0	1	2
62	0	0	0	0	0	0	0	0	1	1	0	0	0	0	0	0	0	0	0	0	0	0	0	0	0	0	0	0	0	0	1	1	1	2	0	0	0	0	1	1	1	1	1	0	1	2
63	0	0	0	0	0	0	1	0	1	1	0	0	0	0	0	0	0	0	0	1	0	0	0	0	0	1	0	0	0	0	1	1	0	2	1	1	1	1	1	1	1	0	1	0	1	2
64	1	1	1	1	1	1	2	0	2	2	2	2	0	1	2	1	1	0	1	1	0	0	0	1	2	2	0	2	2	1	2	2	0	2	0	0	0	0	0	0	0	0	0	0	2	2
65	0	0	1	1	0	0	2	0	2	2	2	2	0	1	1	0	1	0	1	2	1	1	0	2	2	2	1	1	1	0	2	1	0	2	0	1	1	1	1	1	1	0	0	0	2	2
66	0	0	0	0	0	0	1	0	1	1	0	0	0	0	1	0	0	0	0	0	0	0	0	0	1	0	0	0	0	0	0	0	0	2	0	0	0	0	0	0	0	0	0	0	1	2
67	0	0	0	0	0	0	2	0	2	2	0	0	0	0	0	0	0	0	0	0	0	0	0	0	1	0	0	0	0	0	0	0	0	2	0	0	0	0	0	0	0	0	0	0	1	1
68	0	0	1	1	0	0	1	0	1	1	0	0	0	0	0	0	0	0	0	0	0	0	0	0	0	0	0	0	0	0	0	0	0	1	0	0	0	0	0	0	0	0	0	0	1	1
69	0	0	0	0	0	0	1	0	1	1	0	1	0	0	0	0	0	0	0	0	1	0	0	0	0	0	0	0	0	0	0	0	0	1	1	0	1	0	1	1	1	1	1	1	2	2
70	0	0	0	0	0	0	2	0	2	2	1	2	0	0	1	0	0	0	0	1	0	0	0	0	0	0	0	1	1	0	1	1	1	1	0	0	1	0	1	1	1	1	1	1	1	2
71	0	0	0	0	0	0	0	0	0	1	0	1	0	0	0	0	1	0	0	0	0	0	0	0	0	0	0	0	0	0	0	0	0	1	0	0	0	0	1	1	1	1	1	0	0	1
72	2	1	1	1	1	0	2	0	2	2	1	2	0	0	1	1	1	0	2	2	0	1	0	1	2	2	0	2	2	0	1	1	0	2	0	0	0	0	0	0	0	0	0	0	2	2
73	1	1	0	0	0	0	2	0	2	2	1	1	0	0	2	1	0	0	1	2	1	1	0	1	2	2	0	1	1	0	2	2	1	2	0	0	0	1	1	1	1	1	1	0	2	2
74	0	0	0	0	0	0	1	0	0	0	0	0	0	0	0	0	0	0	0	0	0	0	0	0	0	0	0	0	0	0	0	0	0	1	1	0	1	0	1	1	1	1	1	1	0	1
75	0	0	0	0	0	0	2	0	2	2	0	0	0	0	1	0	0	0	0	0	0	0	0	0	0	2	0	0	0	0	2	1	0	2	2	0	0	0	2	2	2	2	2	2	0	2
76	0	0	0	0	0	0	1	0	1	1	0	0	0	0	0	0	0	0	0	0	0	0	0	0	0	0	0	0	0	0	0	0	0	1	0	0	0	0	0	0	0	0	1	0	1	1
77	1	0	0	0	0	0	1	0	1	1	0	1	1	0	0	0	0	0	0	0	0	0	0	0	0	0	0	0	0	0	0	0	0	1	0	0	0	0	0	0	0	0	0	0	0	0
78	1	1	1	1	0	1	2	0	2	2	2	2	0	0	2	1	0	0	1	0	0	0	0	0	1	1	0	2	2	0	1	1	0	2	0	0	0	0	1	1	1	1	1	0	2	2
79	0	0	0	0	0	0	1	0	1	1	1	0	0	0	1	1	0	0	0	0	0	0	0	0	1	1	0	0	0	0	0	0	0	1	0	0	0	0	0	0	0	0	1	0	0	1
80	0	0	0	0	0	0	2	0	2	2	0	0	0	0	0	0	0	0	0	0	0	0	0	0	0	0	0	0	0	0	0	0	0	2	0	0	0	0	0	0	0	0	0	0	0	2
81	0	0	0	0	0	0	0	0	1	1	0	0	0	0	0	0	0	0	0	0	0	0	0	0	1	1	0	0	0	0	0	0	0	1	0	0	0	0	0	0	0	0	0	0	1	1
82	0	0	0	0	0	0	1	0	1	1	0	0	0	0	0	0	0	0	0	1	0	0	0	0	1	1	0	0	0	0	2	2	1	1	0	0	1	0	1	0	0	0	0	0	1	2
83	0	0	0	0	0	0	0	0	1	1	0	0	0	0	0	0	0	0	0	0	0	0	0	0	0	0	0	0	0	0	0	0	0	1	0	0	0	0	0	0	0	0	0	0	0	1
84	0	0	0	0	0	0	0	0	1	1	0	0	0	0	0	0	0	0	0	0	0	0	0	0	0	0	0	0	0	0	0	0	0	1	0	0	0	0	0	0	0	0	0	0	1	1
85	0	0	0	1	0	1	1	0	1	1	0	0	0	0	0	0	0	0	0	0	0	0	0	0	0	0	0	0	0	0	1	1	0	1	0	0	0	0	0	0	0	0	0	0	1	1
86	0	0	0	0	0	0	2	0	2	2	0	2	0	0	1	1	1	0	1	1	0	0	0	0	1	1	0	1	1	0	1	1	1	2	0	0	0	0	0	0	0	0	0	0	1	2
87	0	0	0	1	0	2	2	0	2	2	0	1	0	1	2	1	2	0	0	0	0	0	0	0	1	1	0	0	1	0	1	1	0	2	0	0	0	0	0	0	0	0	0	0	2	2
88	0	0	0	0	0	0	1	0	1	1	0	0	0	0	0	0	0	0	0	0	0	0	0	0	1	0	0	0	0	0	0	0	0	1	0	0	0	0	0	0	0	0	0	0	1	1
89	0	0	0	0	0	0	1	0	2	2	0	2	0	1	1	1	0	0	0	1	0	0	0	0	1	1	0	0	0	0	0	0	0	2	0	0	0	0	0	0	0	0	0	0	2	2
90	0	0	0	0	0	1	2	0	2	2	0	0	0	0	1	0	1	0	0	1	0	0	0	0	1	1	0	1	1	0	1	1	0	2	0	0	0	0	0	0	0	0	0	0	1	2
91	0	0	0	0	0	0	2	0	2	2	0	0	0	0	0	0	0	0	0	0	0	0	0	0	0	0	0	0	0	0	0	0	0	2	0	0	0	0	0	0	0	0	0	0	0	2
92	0	0	0	0	0	0	1	0	1	1	0	0	0	0	0	0	1	0	0	2	0	0	0	0	1	1	0	1	1	0	2	2	0	2	0	0	0	0	0	1	0	0	0	0	2	2
93	0	0	1	1	0	0	2	0	2	2	1	2	0	0	2	0	2	0	1	2	0	0	0	1	2	2	0	2	2	0	2	2	0	2	0	0	1	1	1	1	1	1	1	0	2	2
94	0	0	0	0	0	0	2	0	2	2	0	2	0	0	0	0	0	0	0	1	0	0	0	0	0	1	0	1	1	0	1	1	0	2	0	2	1	1	1	1	0	0	0	0	2	2
95	1	1	1	2	1	1	2	0	2	2	2	2	1	0	2	1	1	0	1	1	0	1	0	0	2	2	0	2	2	2	2	2	2	2	0	1	0	0	0	1	1	1	0	0	2	2
96	0	0	0	0	0	1	1	0	1	1	0	0	0	0	0	0	0	0	0	0	0	0	0	0	0	0	0	0	0	0	0	0	0	2	0	0	0	0	0	0	0	0	0	1	2	2
97	0	0	0	0	0	0	1	0	1	1	0	0	0	0	1	0	0	0	0	1	0	0	0	0	2	2	0	2	2	0	2	2	2	2	1	0	0	0	1	1	0	0	0	0	2	2
98	0	0	0	0	0	1	2	0	2	2	0	0	0	1	1	1	1	0	0	1	0	0	0	0	1	1	0	0	0	0	0	0	0	1	0	0	0	0	0	0	0	0	0	0	0	1
99	0	0	0	0	0	1	2	0	2	2	1	1	0	1	1	0	1	0	0	1	0	0	0	0	0	1	0	0	0	0	0	0	0	2	0	0	0	0	0	0	0	0	0	0	0	2
100	0	0	0	1	0	1	2	0	2	2	1	1	0	0	2	1	0	0	1	2	0	0	0	0	1	1	0	1	1	0	1	1	0	2	0	0	0	0	0	0	0	0	1	0	2	2
101	0	0	0	0	0	0	2	0	2	2	0	0	0	0	0	0	0	0	0	0	0	0	0	0	2	1	0	0	0	0	1	1	0	2	0	0	0	0	0	0	0	0	0	0	1	2
102	0	0	0	0	0	0	2	0	2	2	0	0	0	0	0	0	0	0	0	0	0	0	0	0	0	0	0	0	0	0	1	1	0	2	0	0	0	0	0	0	0	0	0	0	2	2
103	1	1	0	0	0	0	2	0	2	2	1	2	0	0	1	1	0	0	2	2	0	0	0	1	2	2	0	1	1	0	1	1	0	2	0	0	0	0	0	1	0	1	0	0	2	2
104	0	0	0	1	0	0	2	0	2	2	1	1	0	0	0	0	1	0	2	2	0	0	0	0	2	2	0	1	1	0	2	2	0	2	0	0	0	0	0	0	0	0	0	0	2	2
105	2	2	2	2	2	2	2	0	2	2	1	2	0	0	1	1	0	0	1	1	0	0	0	0	1	1	0	1	1	0	1	1	0	2	0	0	0	0	0	0	0	0	0	0	1	2
106	1	1	0	1	1	1	2	0	2	2	2	2	1	1	2	2	1	0	2	2	0	1	0	2	2	1	0	2	2	0	2	2	2	2	0	0	0	0	0	0	0	0	0	0	2	2
107	1	1	1	2	1	0	2	0	2	2	0	2	0	0	1	0	0	0	2	2	0	0	0	0	2	1	0	2	2	1	2	2	0	1	0	0	1	0	1	1	1	1	1	0	1	2
108	1	1	1	1	1	1	2	0	2	2	1	2	0	1	1	1	0	0	1	1	0	0	0	0	1	1	0	2	2	0	2	2	0	2	0	0	0	0	0	0	0	0	0	0	2	2
109	0	0	0	1	0	0	0	0	0	0	0	0	0	0	0	0	0	0	0	0	0	0	0	0	0	0	0	0	0	0	0	0	0	1	0	0	0	0	0	0	1	0	0	0	1	1
110	0	0	0	0	0	1	2	0	2	2	0	1	0	1	2	1	1	0	1	1	0	0	0	1	1	2	0	2	2	0	2	1	1	2	0	1	0	0	0	1	0	0	0	0	1	2
111	0	0	0	0	0	0	1	0	1	2	0	0	0	0	0	0	0	0	1	1	0	0	0	0	2	2	0	0	0	0	1	1	0	2	0	1	0	0	0	0	0	0	0	0	2	2
112	0	0	0	0	0	0	1	0	1	1	1	1	0	0	1	0	0	0	0	0	1	0	0	0	0	0	0	0	0	0	0	0	0	0	0	1	0	0	0	0	0	0	0	0	1	1
113	0	0	0	0	0	0	0	0	1	1	0	0	0	0	0	0	0	0	0	0	0	0	0	0	0	0	0	0	0	1	1	1	0	2	0	0	0	0	1	0	0	0	0	0	2	2
114	0	1	0	1	0	0	2	0	2	2	0	1	0	1	1	1	1	0	0	0	0	0	0	0	0	0	0	0	0	0	0	0	0	1	2	0	2	0	2	2	2	2	2	2	1	2
115	0	0	0	0	0	0	0	0	1	0	0	0	0	0	0	0	0	0	0	1	0	0	0	0	0	0	0	0	0	0	0	0	0	0	0	0	0	0	0	0	0	0	0	0	0	1
117	0	0	0	0	0	0	1	0	1	1	1	1	0	0	0	0	0	0	1	0	0	0	0	0	1	1	0	1	1	0	2	2	1	2	2	0	1	2	2	2	2	2	2	1	1	2
118	0	1	1	1	0	1	2	0	2	2	1	1	0	1	1	0	0	0	0	0	1	0	0	0	1	1	0	0	1	0	1	0	0	2	0	1	0	0	0	0	0	0	0	0	2	2
119	0	0	0	0	0	0	0	0	1	1	0	0	0	0	1	0	0	0	1	1	1	0	0	0	2	0	0	1	1	0	2	2	1	2	1	1	1	1	2	2	2	2	0	1	1	2
120	0	1	1	1	1	0	2	0	2	2	0	1	0	1	1	1	1	0	0	1	0	0	0	1	2	2	0	2	2	0	2	2	0	2	0	0	0	0	0	1	1	1	0	0	2	2
121	0	0	0	1	1	1	2	0	2	2	2	2	0	0	1	0	0	0	1	1	0	0	0	0	1	2	0	2	2	0	2	2	1	2	0	1	0	0	0	0	0	0	0	0	1	2
122	0	0	0	1	1	0	2	0	2	2	0	1	0	0	0	0	0	0	0	0	0	0	0	0	0	0	0	0	0	0	0	0	0	1	0	0	0	0	0	0	0	0	0	0	1	1
123	0	0	0	0	0	1	2	0	1	2	0	1	0	0	1	1	1	0	1	2	1	0	0	1	2	2	0	2	2	0	1	1	1	2	0	0	0	0	0	0	1	1	1	0	2	2
124	0	0	0	0	0	0	2	0	2	2	0	0	0	0	0	0	0	0	0	0	0	0	0	0	0	0	0	0	0	0	0	0	0	2	0	0	0	0	0	0	0	0	0	0	0	2
125	0	1	1	1	1	0	2	0	2	2	1	1	0	0	1	0	0	0	0	2	0	0	0	1	2	1	0	1	1	0	1	0	0	2	0	0	1	1	1	1	0	0	0	0	2	2
126	1	0	0	0	0	0	1	0	1	1	0	0	1	0	0	0	0	0	0	0	0	0	0	0	0	0	0	0	0	0	0	0	0	1	0	0	0	0	0	0	0	0	0	0	0	1
127	0	0	0	0	0	0	1	0	1	1	0	0	0	0	0	0	0	0	0	0	0	0	0	0	0	0	0	0	0	0	0	0	0	0	0	0	0	0	0	0	0	0	0	0	1	1
128	0	0	0	0	0	0	1	0	1	1	0	1	0	0	0	0	0	0	0	0	0	0	0	0	0	0	0	0	0	0	0	0	0	1	0	0	0	0	0	0	0	0	0	0	1	2
129	0	0	0	0	0	0	2	0	2	2	0	0	0	0	0	0	0	0	0	0	0	0	0	0	0	1	0	0	0	0	0	0	0	1	1	0	0	0	1	1	1	1	1	0	1	2
130	0	0	0	0	0	0	0	0	0	1	1	0	0	0	0	0	0	0	0	1	0	0	0	0	1	1	0	0	0	0	0	0	0	1	0	0	0	0	0	0	0	0	0	0	0	1
131	0	0	0	0	0	0	2	0	2	2	0	0	0	0	0	0	0	0	0	0	0	0	0	0	0	1	0	1	1	0	1	1	1	2	2	2	2	2	2	2	2	2	2	1	2	2
132	0	0	0	0	0	0	1	0	1	1	0	0	0	0	0	0	0	0	0	1	0	0	0	0	2	2	0	0	0	0	0	0	0	1	0	0	0	0	0	0	0	0	0	0	1	1
133	0	0	1	0	0	0	1	0	1	1	0	0	0	0	0	0	0	0	0	0	0	0	0	0	0	0	0	0	0	0	0	0	0	1	0	0	0	0	0	0	0	0	0	0	2	2
134	0	0	0	0	0	0	1	0	1	1	0	0	0	0	1	0	0	0	0	0	0	0	0	1	1	1	0	0	0	0	1	1	0	1	0	1	0	0	0	0	0	0	0	0	1	1
135	0	0	1	1	0	0	2	0	2	2	1	2	0	0	2	1	1	0	1	1	1	1	0	1	1	1	0	1	1	0	1	1	1	2	1	1	0	0	1	1	1	1	0	0	2	2
136	0	0	0	0	0	1	2	0	1	1	0	0	0	0	0	0	0	0	0	0	0	0	0	0	0	0	0	0	0	0	0	0	0	1	0	0	0	0	0	0	0	0	0	0	0	0
137	0	0	0	0	0	0	0	0	1	1	0	0	0	0	0	0	0	0	0	0	0	0	0	0	1	0	0	0	0	0	0	0	0	1	0	0	0	0	0	0	0	0	0	0	0	1
138	0	0	0	0	0	1	1	0	1	1	0	0	0	0	0	0	0	0	0	0	0	0	0	0	0	1	0	0	0	0	0	0	0	2	0	1	1	1	1	1	1	1	1	0	2	2
139	0	0	0	0	0	2	2	0	2	2	1	2	0	1	2	1	2	0	1	1	0	0	0	1	1	1	0	1	1	0	0	0	0	2	0	0	0	0	0	0	0	0	0	0	2	2
140	0	0	0	0	0	0	2	0	2	2	1	2	0	1	2	0	1	0	0	1	0	0	0	0	2	0	0	0	0	0	2	2	0	2	1	1	1	1	1	1	1	1	1	1	2	2
141	0	0	0	0	0	0	0	0	0	0	0	0	0	0	0	0	0	0	0	0	1	0	0	0	0	1	0	0	0	0	0	0	0	0	0	0	1	0	1	0	0	0	0	0	1	1
142	0	0	0	0	0	0	2	0	2	2	0	0	0	0	0	0	0	0	0	0	0	0	0	0	0	0	0	0	0	0	1	0	0	1	0	0	0	0	0	0	0	0	0	0	2	2
143	0	0	0	0	0	1	2	0	2	2	0	1	0	0	2	1	1	0	1	1	0	0	0	0	1	1	0	1	1	0	1	1	0	2	1	0	1	1	1	1	1	1	1	1	2	2
144	0	0	0	0	0	0	0	0	0	0	0	0	0	0	0	1	0	0	0	0	0	0	0	0	0	0	0	0	0	0	0	0	0	1	0	0	0	0	0	0	0	0	0	0	0	1
145	0	0	0	1	1	0	2	0	2	2	0	1	0	0	1	1	1	0	1	2	0	1	0	0	1	1	0	1	1	0	1	1	1	2	0	0	1	1	1	1	1	0	0	0	1	2
146	0	0	0	0	0	1	1	0	1	1	1	0	0	0	0	0	0	0	0	2	0	0	0	0	2	1	0	1	1	0	0	0	0	2	0	0	0	0	0	0	2	2	1	0	2	2
147	0	0	0	0	0	0	2	0	2	2	2	1	0	0	1	1	1	0	2	2	0	1	0	0	2	2	0	2	2	0	2	2	0	2	0	0	0	0	0	0	0	0	0	0	2	2
148	0	0	0	0	0	0	1	0	1	1	0	0	0	0	0	0	0	0	0	0	0	0	0	0	0	0	0	0	0	0	0	0	0	1	0	0	0	0	0	0	0	0	1	1	0	1
149	0	1	0	0	0	0	1	0	1	1	0	1	0	0	1	0	0	0	0	1	0	0	0	0	0	0	0	0	0	0	0	0	0	1	0	0	0	0	0	0	0	0	0	0	1	1
150	0	0	0	0	0	0	1	0	1	0	0	0	0	0	0	0	0	0	0	0	0	0	0	0	1	0	0	1	1	0	1	1	0	1	0	0	0	0	0	0	0	0	0	0	1	1
151	0	0	0	0	0	0	2	0	2	2	1	1	0	0	1	1	0	0	2	2	0	0	0	0	2	2	0	1	1	0	2	2	0	2	0	0	0	0	0	0	0	0	0	0	2	2
152	0	0	0	0	0	0	0	0	1	0	0	0	0	0	0	0	0	0	0	0	0	0	0	0	0	0	0	0	0	0	0	0	0	1	0	0	0	0	0	0	0	0	0	0	0	1
153	1	1	1	1	1	1	2	0	2	2	0	0	0	0	0	0	0	0	0	0	0	0	0	0	1	0	0	0	0	0	0	0	1	2	0	0	0	0	1	0	0	0	0	1	2	2
154	0	0	0	0	0	1	2	0	1	1	0	0	0	0	0	0	0	0	0	1	0	0	0	0	0	0	0	0	0	0	0	0	0	1	0	0	0	0	0	0	0	0	0	0	0	1
155	0	0	0	0	0	0	2	0	1	1	0	0	0	0	0	0	0	0	0	0	0	0	0	0	0	0	0	1	1	0	1	1	0	2	0	0	0	0	0	0	0	0	0	0	2	2
156	1	1	0	1	0	0	2	0	2	2	2	2	0	0	1	1	1	0	0	0	0	0	0	0	0	2	0	2	2	0	2	1	1	2	0	0	0	0	1	0	1	0	0	0	2	2
157	0	0	1	0	0	0	2	0	2	2	0	2	0	0	0	0	0	0	0	0	0	0	0	0	1	0	0	0	0	0	0	0	0	2	1	0	0	0	1	1	1	1	1	0	1	2
158	0	0	0	0	0	0	2	0	2	2	1	1	0	0	0	0	0	0	0	1	0	0	0	0	0	1	0	0	0	0	0	0	0	2	0	0	0	0	0	0	0	0	0	0	1	2
159	1	1	2	2	0	0	2	0	2	2	2	2	0	2	2	2	2	0	1	1	0	0	0	0	1	0	0	0	0	0	2	2	0	2	0	0	0	0	0	0	0	0	0	0	2	2
160	0	0	0	1	0	0	2	0	2	2	1	1	0	1	1	1	1	0	1	1	0	0	0	1	1	2	0	0	1	0	1	1	0	2	0	0	0	0	0	0	0	0	0	0	1	2
161	0	0	0	0	0	1	1	0	1	1	1	1	0	0	0	0	0	0	0	0	0	0	0	0	0	0	0	0	0	0	0	0	0	1	0	0	0	0	0	0	0	1	0	0	0	1
162	0	0	1	1	1	1	2	0	2	1	0	1	0	0	1	0	0	0	0	1	0	0	0	0	1	1	0	0	0	0	0	0	0	0	0	0	1	0	0	0	0	0	0	0	1	1
163	0	0	1	1	1	0	1	0	1	1	0	0	0	0	0	0	0	0	0	0	1	0	0	1	1	1	1	2	2	0	2	1	0	2	0	0	0	0	0	0	0	0	1	0	2	2
164	0	1	0	0	0	1	2	0	2	2	1	1	0	1	1	1	1	0	1	1	0	0	0	0	1	1	0	0	0	0	0	0	0	0	0	0	0	0	0	0	0	0	0	0	2	2
165	0	0	0	0	0	2	2	0	2	2	1	2	0	0	2	0	2	0	0	1	1	0	0	0	1	2	0	1	1	0	1	0	0	2	0	0	0	0	0	0	0	0	0	0	2	2
166	0	0	0	0	0	1	1	0	1	1	0	0	0	0	0	0	0	0	0	0	0	0	0	0	0	0	0	0	0	0	0	0	0	1	0	0	0	0	0	0	0	0	0	0	1	1
167	0	0	0	0	0	0	1	0	1	1	0	0	0	0	0	0	0	0	1	0	0	0	0	0	1	1	0	0	0	0	0	0	0	1	0	0	0	0	0	0	0	0	0	0	1	2
168	1	0	1	1	0	2	2	0	2	2	0	1	0	0	1	1	1	0	1	2	0	0	0	0	1	2	0	2	2	0	2	2	0	2	1	0	1	1	1	1	1	1	1	0	2	2
169	0	0	0	0	0	0	2	0	2	2	1	1	0	0	1	1	1	0	0	1	0	0	0	1	1	1	0	1	1	0	1	0	0	1	0	0	0	0	0	0	1	1	1	0	1	2
170	0	0	0	0	0	0	1	0	1	1	0	0	0	0	0	1	0	0	0	0	0	0	0	0	1	1	0	2	2	0	1	1	0	2	0	0	0	0	0	0	0	0	0	0	2	2
171	0	0	1	1	0	1	1	0	1	1	0	0	0	0	0	0	0	0	1	1	0	0	0	0	1	1	0	1	1	0	1	1	0	1	0	0	1	0	0	1	0	0	0	1	1	2
172	1	2	1	1	1	1	2	0	2	2	0	2	0	1	2	1	1	0	1	1	0	1	0	1	1	1	0	1	1	0	2	1	1	2	0	1	1	1	1	1	0	0	0	0	2	2
173	0	0	0	0	0	0	1	0	1	1	0	0	1	0	0	0	0	0	0	0	0	0	0	0	1	1	0	1	1	0	0	0	0	1	0	0	0	0	0	0	0	0	1	0	1	1
174	1	1	1	1	1	0	1	0	1	1	0	0	0	0	0	0	0	0	0	1	0	0	0	1	1	1	0	0	0	0	0	0	0	2	0	0	0	0	0	0	0	0	0	0	2	2
175	0	0	0	1	1	0	2	0	2	2	1	1	0	0	1	1	2	0	1	1	0	0	0	0	2	2	0	1	1	0	1	1	0	2	0	0	1	1	1	1	0	1	0	0	2	2
176	0	0	0	0	0	0	0	0	1	1	0	0	0	0	0	0	0	0	0	0	0	0	0	0	0	0	0	0	0	0	0	0	0	0	0	0	0	0	0	0	0	0	0	0	1	1
177	0	0	0	0	0	0	2	0	2	2	0	2	0	0	2	1	1	0	1	0	0	0	0	0	1	2	0	1	1	0	2	2	0	2	0	0	0	0	0	0	0	0	0	0	2	2
178	0	0	0	0	0	0	2	0	2	2	1	2	0	0	1	0	1	0	1	1	0	0	0	0	1	2	0	0	0	0	1	1	1	2	1	0	2	2	2	2	2	2	1	0	2	2
179	0	0	0	1	0	0	1	0	1	1	0	0	0	0	0	0	0	0	0	0	0	0	0	0	0	0	0	0	0	0	0	0	0	1	0	0	0	0	0	0	0	0	0	0	1	1
180	0	0	0	0	0	0	0	0	1	1	0	0	0	0	0	0	0	0	0	1	0	0	0	0	0	0	0	0	0	0	0	0	0	1	0	0	0	0	0	0	0	0	0	0	0	1
181	0	0	0	0	0	0	1	0	1	1	0	0	0	0	0	0	0	0	0	0	0	0	0	0	0	0	0	0	0	0	1	1	0	1	0	0	0	0	0	0	0	0	0	0	1	2
182	0	0	0	0	0	0	0	0	1	1	0	0	0	0	0	0	0	0	0	0	0	0	0	0	0	0	0	0	0	0	0	0	0	1	0	0	0	0	0	0	0	0	0	0	0	1
183	0	0	1	1	1	0	2	0	2	2	2	2	0	1	1	0	2	1	2	2	0	0	0	0	2	1	0	1	1	0	2	2	0	2	0	0	0	0	1	1	0	1	0	0	2	2
184	0	0	0	0	0	0	1	0	1	1	0	0	1	0	1	0	0	0	0	0	0	0	0	0	0	0	0	1	0	0	0	0	0	1	1	0	0	0	0	0	0	0	0	0	2	2
185	0	0	1	1	0	0	2	0	2	2	0	1	0	0	2	0	0	0	0	0	0	0	0	0	1	1	0	0	0	0	2	1	1	2	1	1	2	1	2	1	2	2	1	1	2	2
186	0	0	0	0	0	0	1	0	1	1	0	0	0	0	1	0	1	0	2	2	0	0	0	0	2	2	0	2	2	0	1	1	0	2	0	0	0	0	0	0	0	0	0	0	2	2
187	0	1	0	0	0	2	1	0	0	0	0	0	0	0	1	0	0	0	0	0	0	0	0	0	0	0	0	0	0	0	0	0	0	1	0	0	0	0	0	0	0	0	0	0	0	1
188	0	0	0	0	0	0	0	0	1	1	0	0	0	0	0	0	0	0	0	0	0	0	0	0	0	0	0	0	0	0	0	0	0	0	0	0	0	0	0	0	0	0	0	0	0	0
189	1	1	1	1	0	1	2	0	2	1	0	0	0	0	0	0	0	0	0	1	0	0	0	0	1	1	0	0	0	0	1	1	0	2	0	0	0	0	0	0	0	0	0	0	2	2
190	1	1	1	1	1	1	0	0	0	0	0	0	0	0	0	0	0	0	0	0	0	0	0	0	2	0	0	0	0	0	1	1	0	2	0	0	0	0	0	1	0	0	0	0	2	2
191	0	0	0	0	0	0	2	0	2	2	0	2	0	1	0	0	0	0	1	0	0	0	0	0	1	1	0	1	1	0	1	1	1	2	2	1	2	2	2	2	2	1	2	0	2	2
192	0	0	0	0	0	0	0	0	1	1	0	0	0	0	0	0	0	0	0	0	0	0	0	0	0	0	0	0	0	0	0	0	0	1	0	0	0	0	1	0	0	0	1	0	1	2
193	0	0	0	0	0	0	1	0	1	1	0	0	0	0	0	0	0	0	0	0	0	0	0	0	0	0	0	0	0	0	0	0	0	1	1	0	0	1	1	1	0	0	0	0	1	1
194	0	0	0	0	0	0	0	0	1	1	0	0	0	0	0	0	0	0	0	0	0	0	0	0	0	1	0	0	0	0	0	0	0	1	0	0	0	0	0	0	0	0	0	0	0	1
195	0	0	0	0	0	0	1	0	2	2	0	0	0	0	1	1	0	0	0	0	0	0	0	0	0	0	0	0	0	0	0	0	0	2	2	0	2	1	2	2	2	2	2	0	1	2
196	0	0	0	0	0	0	2	0	2	2	0	0	0	0	0	0	0	0	0	0	0	0	0	0	0	0	0	1	1	0	0	0	0	2	2	2	2	2	2	2	2	2	2	1	2	2
197	0	0	0	0	0	1	2	0	2	2	0	0	0	0	1	0	0	0	0	0	0	0	0	0	1	0	0	1	1	0	1	1	0	2	2	0	2	1	2	2	2	2	2	0	2	2
198	0	0	0	0	0	0	2	0	2	2	0	0	0	0	0	0	0	0	0	0	0	0	0	0	0	1	0	0	0	0	1	1	0	2	1	0	2	2	2	2	2	2	2	1	1	2
199	0	0	0	0	0	0	0	0	2	1	0	0	0	0	0	0	0	0	0	0	0	0	0	0	0	0	0	0	0	0	0	0	0	1	0	0	0	0	0	0	1	1	1	0	0	2
200	1	1	2	2	1	2	2	0	2	2	2	2	0	2	2	2	2	0	0	0	0	0	0	0	1	1	0	0	1	0	1	1	0	2	0	0	0	0	0	0	0	0	0	0	2	2
201	0	0	0	0	0	0	2	0	2	2	0	0	0	0	0	0	0	0	0	0	0	0	0	0	1	0	0	1	1	1	2	1	2	2	2	0	2	2	2	2	2	2	2	1	2	2
202	0	0	0	0	0	0	2	0	2	2	0	2	0	0	1	0	0	0	0	0	0	0	0	0	0	1	0	0	0	0	1	1	0	2	1	0	1	1	2	2	2	2	2	1	1	2
203	1	1	1	1	1	0	2	0	2	2	0	2	0	0	1	0	0	0	0	0	0	0	0	0	0	1	0	0	0	0	1	0	0	2	0	0	0	0	0	0	0	0	0	0	2	2
204	0	0	0	0	0	1	0	0	1	1	1	0	0	0	1	0	0	0	0	0	0	0	0	0	1	0	0	0	0	0	0	0	0	1	0	0	0	0	0	0	0	0	0	0	0	1
205	0	0	0	0	0	2	2	0	2	2	2	2	0	1	2	1	1	0	2	1	1	0	0	2	2	2	0	2	2	0	2	2	0	2	0	0	0	0	0	0	1	1	1	0	2	2
206	0	0	0	0	0	1	2	0	2	2	2	2	0	1	2	0	1	0	1	2	0	0	0	0	2	1	0	0	0	0	2	2	0	2	0	2	1	1	0	2	1	1	1	0	2	2
207	0	0	1	0	0	0	0	0	1	1	0	0	0	0	0	0	0	0	0	0	0	0	0	0	0	0	0	1	1	0	0	0	0	1	0	0	0	0	0	0	0	0	0	0	1	1
208	1	1	1	1	1	1	2	0	2	2	0	1	0	1	1	1	1	0	1	1	0	0	0	0	2	2	0	2	2	0	2	2	0	1	0	1	0	0	0	0	0	0	0	0	2	2
209	0	0	0	0	0	0	0	0	0	0	0	0	0	0	0	0	0	0	0	0	0	0	0	0	0	0	0	0	0	0	0	0	0	1	1	1	1	1	1	1	2	2	1	0	1	2
210	0	0	0	0	0	1	2	0	2	2	1	2	0	1	2	1	1	0	2	1	0	0	0	1	1	2	0	2	2	0	2	2	0	2	0	0	0	0	0	0	0	0	0	0	2	2
211	0	0	0	0	0	0	1	0	1	1	0	0	0	0	1	0	0	0	0	0	1	0	0	0	0	0	0	0	0	0	0	0	0	1	1	0	0	0	1	1	1	1	1	1	1	1
212	0	0	0	0	0	0	2	0	2	2	1	1	0	0	2	0	0	0	0	0	0	0	0	0	0	0	0	0	0	0	0	0	0	2	1	1	1	1	1	1	1	1	1	0	1	2
213	0	1	0	0	0	0	2	0	2	2	0	0	0	0	0	0	0	0	0	0	0	0	0	0	0	1	0	0	0	0	0	0	0	1	0	0	0	0	1	1	1	1	2	1	1	2
214	0	0	0	0	0	0	1	0	2	2	0	0	0	0	0	0	0	0	0	1	0	0	0	0	0	0	0	0	0	0	0	0	0	1	1	0	1	1	1	1	1	1	1	0	2	2
215	0	0	1	1	1	0	2	0	2	2	0	2	0	1	1	1	1	0	1	1	0	0	1	0	0	2	0	0	0	0	1	1	1	2	1	0	2	2	2	2	2	2	2	2	2	2
216	0	0	0	0	0	0	2	0	1	1	0	0	0	0	0	0	0	0	0	0	0	0	0	0	1	0	0	1	1	0	0	0	0	1	0	0	0	0	0	0	0	0	0	0	0	1
217	0	0	0	0	0	1	2	0	1	1	0	0	0	0	0	0	0	0	0	0	0	0	0	0	0	1	0	0	0	0	0	0	0	2	0	0	0	0	0	0	1	0	0	0	1	2
218	0	0	0	0	0	0	0	0	1	1	0	0	0	0	0	0	0	0	0	0	0	0	0	0	0	0	0	0	0	0	0	0	0	1	0	0	0	0	0	0	0	0	0	0	1	1
219	0	1	0	0	0	0	1	0	1	1	0	0	0	0	1	0	0	0	0	1	0	0	0	0	0	0	0	0	0	0	0	0	0	1	0	0	0	0	0	0	0	0	0	0	1	1
220	1	1	2	0	0	0	2	0	2	2	0	1	0	0	1	1	0	0	0	0	0	0	0	0	0	0	0	0	0	0	0	0	0	0	0	0	0	0	0	0	0	0	0	0	1	2
222	0	0	0	0	0	0	2	0	2	2	0	1	0	0	1	0	0	0	0	0	0	0	0	0	0	1	0	1	1	0	0	0	0	2	0	1	0	0	0	0	0	0	0	0	2	2
223	0	0	0	1	1	0	2	0	2	2	1	2	0	0	1	1	1	0	0	0	0	0	0	0	1	1	0	1	1	0	1	1	0	2	0	0	1	0	0	1	0	0	0	0	2	2
224	0	0	1	1	0	1	2	0	2	2	1	2	0	1	1	0	2	0	0	0	0	0	0	0	0	1	0	2	2	0	2	2	2	2	1	1	0	0	0	0	1	0	0	0	2	2
225	0	0	0	0	0	0	1	0	1	1	0	0	0	0	0	0	0	0	0	0	0	0	0	0	0	0	0	0	0	0	1	1	0	1	0	0	0	0	0	0	0	0	0	0	1	1
226	0	0	1	1	0	2	2	0	2	2	1	2	0	2	2	0	2	0	0	0	0	0	0	0	0	1	0	0	0	0	2	2	1	2	0	0	0	0	0	1	0	0	1	0	1	2
227	0	0	0	0	0	0	1	0	1	1	0	0	0	0	0	0	0	0	0	0	0	0	0	0	0	0	0	0	0	0	0	0	0	1	0	0	0	0	0	0	0	0	0	0	0	1
228	0	0	0	0	0	0	1	0	1	1	0	0	0	0	0	0	0	0	1	1	0	0	0	0	2	1	0	1	1	0	1	1	0	2	0	0	0	0	1	1	0	0	0	0	1	2
229	0	0	0	0	0	0	0	0	1	1	0	1	0	0	0	0	0	0	0	0	0	0	0	0	0	1	0	0	0	0	0	0	0	1	0	0	0	0	0	0	0	0	0	0	0	1
230	0	0	0	1	0	1	2	0	2	2	0	1	0	1	1	0	1	0	0	1	0	0	0	0	1	1	0	1	1	0	1	1	0	1	0	0	1	0	1	1	0	0	0	0	0	1
231	0	0	0	0	0	0	2	0	2	2	0	2	1	1	1	1	1	0	0	0	0	0	0	0	0	0	0	1	1	0	1	1	0	2	1	1	1	1	1	1	2	2	2	1	2	2
232	0	0	0	0	0	0	1	0	1	1	0	0	0	0	1	0	0	0	0	0	0	0	0	0	0	0	0	0	0	0	0	0	0	1	0	0	0	0	0	0	0	0	0	0	0	1
233	0	0	0	0	0	0	2	0	2	2	2	2	0	0	1	0	1	1	1	1	0	0	0	0	1	0	0	0	0	0	0	0	0	2	0	0	1	1	1	0	0	1	0	0	2	2
234	0	0	0	0	0	0	1	0	1	1	0	0	0	0	0	0	0	0	0	1	1	0	0	0	1	1	0	0	1	0	0	0	0	1	0	0	1	0	0	0	0	0	0	0	2	2
235	0	0	0	1	1	0	2	0	2	2	1	2	0	0	2	0	1	0	0	2	0	1	0	1	2	1	0	0	0	0	1	1	0	2	1	0	1	1	1	1	1	1	0	0	2	2
236	2	0	0	2	0	1	2	0	2	2	0	1	0	1	0	1	2	0	0	1	0	0	0	0	0	1	0	0	0	0	2	2	0	2	0	0	0	0	0	0	0	0	0	0	1	2
237	0	0	1	0	0	1	1	0	1	1	0	0	0	0	0	0	0	0	0	0	0	0	0	0	0	0	0	0	0	0	0	0	0	1	0	1	0	0	0	0	0	0	0	0	0	1
238	0	0	2	2	1	0	2	0	2	2	0	2	0	0	1	0	1	0	1	1	0	0	0	0	0	1	0	1	1	0	2	2	1	2	0	1	0	1	1	1	0	1	1	0	2	2
239	0	0	0	0	0	0	1	0	1	1	0	1	0	0	0	0	0	0	0	0	0	0	0	0	0	0	0	0	0	0	0	0	0	2	0	0	0	0	0	0	0	0	0	0	0	1
240	0	0	0	0	0	0	2	0	2	2	0	1	0	0	1	1	1	0	0	1	0	0	0	0	1	1	0	0	0	0	0	0	0	2	0	0	0	0	1	1	1	1	1	0	2	2
241	0	0	0	0	0	0	1	0	1	1	0	0	0	0	0	0	0	0	0	0	0	0	0	0	0	0	0	0	0	0	0	0	0	2	0	0	0	0	0	0	0	0	0	0	2	2
242	0	0	0	1	0	1	2	0	2	2	1	1	0	1	1	1	1	0	0	0	0	0	0	0	0	0	0	0	0	0	0	0	0	2	0	0	0	0	0	0	0	0	0	0	2	2
243	0	0	0	0	0	0	1	0	1	1	0	1	0	0	0	0	0	0	0	0	0	0	0	0	0	0	0	0	0	0	0	0	0	1	0	0	0	0	0	0	0	0	0	0	0	1
244	0	0	0	0	0	0	1	0	1	1	0	0	0	0	0	0	0	0	0	0	0	0	0	0	0	0	0	0	0	0	0	0	0	2	1	0	1	1	1	1	1	1	1	1	2	2
245	1	1	0	1	1	0	2	0	2	2	1	1	0	1	1	0	1	0	0	0	0	0	0	0	0	1	0	1	1	0	1	1	0	2	1	0	1	1	1	1	1	1	0	0	0	2
246	0	0	0	0	0	1	1	0	1	1	0	0	0	0	0	0	0	0	0	0	0	0	0	0	0	0	0	0	0	0	0	0	0	1	0	0	0	0	0	0	0	0	0	0	0	1
247	0	0	0	0	0	0	1	0	2	1	0	0	0	0	0	0	0	0	1	1	0	0	0	0	1	1	0	0	0	0	0	0	0	2	0	0	0	0	0	0	0	0	0	0	1	2
248	0	0	0	0	0	0	2	0	2	2	0	2	0	0	0	0	0	0	0	0	1	0	0	0	0	0	0	0	0	0	1	1	0	2	0	0	0	0	0	0	0	0	0	0	1	2
249	0	0	0	0	0	0	1	0	1	1	0	0	0	0	0	0	0	0	1	1	0	0	0	0	1	1	0	1	1	0	0	0	0	1	0	0	0	0	0	0	0	0	0	0	1	1
250	0	0	0	0	0	0	1	0	1	1	0	0	0	0	0	0	0	0	0	0	0	0	0	0	0	0	0	0	0	0	0	0	0	1	0	0	0	0	0	0	0	0	0	0	0	1
251	0	0	0	0	0	0	2	0	1	2	0	1	0	1	1	1	1	0	0	0	0	0	0	0	2	1	0	0	0	0	0	0	0	2	0	0	0	0	0	0	0	0	0	0	1	2
252	1	1	1	1	0	1	2	0	2	2	0	1	1	1	1	1	1	0	1	1	0	0	1	0	0	1	0	0	0	0	1	1	1	2	1	1	1	1	1	1	1	1	0	1	2	2
253	0	0	0	0	0	0	0	0	0	0	0	0	0	0	0	0	0	0	0	0	0	0	0	0	0	0	0	0	0	0	0	0	0	1	0	0	0	0	0	0	0	0	0	0	0	2
254	0	0	0	0	0	0	0	0	1	1	0	0	0	0	0	0	0	0	0	1	0	0	0	0	0	0	0	0	0	0	0	0	0	1	0	0	0	0	0	0	0	0	0	0	0	1
255	0	0	1	0	0	0	0	0	1	1	0	0	0	0	1	0	0	0	0	0	0	0	0	0	0	1	0	0	0	0	0	0	0	0	0	1	0	0	0	0	0	0	0	0	1	1
256	0	0	0	0	0	0	1	0	0	0	0	1	0	0	0	0	0	0	0	0	0	0	0	0	0	0	0	0	0	0	0	0	0	1	0	0	0	0	0	0	0	0	0	0	1	1
257	0	0	1	1	0	0	2	0	2	2	1	1	0	0	1	1	1	0	1	1	1	0	0	0	0	1	0	1	1	0	1	1	0	2	0	0	0	0	0	0	0	0	0	0	2	2
258	0	0	1	1	1	1	2	0	2	2	1	2	0	1	1	1	1	0	0	1	1	0	0	0	2	1	0	1	1	0	1	1	0	2	0	1	0	1	1	1	0	0	0	0	2	2
259	0	0	0	0	0	0	2	0	1	1	0	0	1	0	0	0	0	1	1	1	1	1	0	1	1	1	0	1	1	0	1	1	0	2	0	0	0	0	0	0	0	0	0	0	0	1
260	0	0	0	0	0	0	1	0	1	1	1	1	0	0	0	0	0	0	0	0	0	0	0	0	0	0	0	0	0	0	0	0	0	1	0	0	0	0	0	0	0	0	0	0	1	2
261	0	0	0	0	0	0	2	0	2	2	0	0	0	0	0	0	0	0	0	0	0	0	0	0	0	0	0	0	0	0	0	0	0	1	0	0	0	0	0	0	0	0	0	0	0	1
262	2	2	1	1	1	0	2	0	2	2	2	2	0	0	1	0	1	0	1	1	0	0	0	0	1	1	0	1	1	0	1	1	1	2	0	0	0	0	0	0	0	0	0	0	2	2
263	0	0	0	0	0	0	2	0	2	2	0	2	0	2	2	1	2	0	1	2	1	0	0	2	2	2	1	2	2	0	2	0	0	0	0	0	1	0	1	1	0	0	0	0	1	1
264	0	0	0	0	0	0	0	0	1	1	0	1	0	0	0	0	1	0	0	1	0	0	0	1	0	0	0	1	0	0	0	0	0	1	0	0	0	0	0	0	0	0	0	0	0	1
265	0	1	1	1	0	1	2	0	2	2	1	2	1	1	2	2	2	0	0	2	0	0	0	0	2	2	0	0	0	0	0	0	0	2	0	0	0	0	0	0	0	0	0	0	1	2
266	0	0	0	0	0	0	1	0	1	1	0	0	0	0	0	0	0	0	0	0	0	0	0	0	0	0	0	0	0	0	0	0	0	1	0	0	0	0	0	0	0	0	0	0	1	1
267	0	0	1	1	1	2	2	0	2	2	0	2	0	0	0	0	0	0	2	2	0	1	0	1	2	2	0	1	1	0	2	1	0	2	1	1	1	1	1	1	1	1	1	0	2	2
268	0	0	1	1	0	0	2	0	2	2	2	2	0	0	1	1	0	0	0	2	0	0	0	0	2	1	0	2	2	0	2	2	0	2	0	1	0	0	0	0	0	0	0	0	2	2
269	0	0	0	0	0	0	1	0	0	0	0	0	0	0	0	0	0	0	0	0	0	0	0	0	0	0	0	0	0	0	0	0	0	0	0	0	0	0	0	0	0	0	0	0	0	0
270	0	0	0	0	0	0	2	0	2	2	0	0	0	0	0	0	0	0	0	0	0	0	0	0	1	1	0	0	0	0	0	0	0	2	0	0	0	0	0	0	0	0	0	0	2	2
271	0	0	0	0	0	0	0	0	1	1	0	0	0	0	0	0	0	0	0	0	0	0	0	0	0	0	0	0	0	0	0	0	0	1	0	0	0	0	0	0	0	0	0	0	0	1
272	0	0	0	0	0	0	2	0	2	2	0	0	0	0	1	0	0	0	0	0	0	0	0	0	0	0	0	0	0	0	0	0	0	1	0	0	0	0	0	0	0	0	0	0	0	1
273	0	0	0	0	0	0	1	0	1	1	0	0	0	0	0	0	0	0	0	0	0	0	0	0	1	1	0	1	1	0	1	1	0	2	1	1	1	1	1	1	1	0	0	0	2	2
274	2	1	2	2	2	0	2	0	2	2	2	2	1	1	2	1	2	0	2	2	0	0	0	0	2	2	0	2	2	0	1	1	0	2	0	0	1	1	0	1	1	1	1	0	2	2
275	0	0	0	0	0	0	2	0	2	2	1	2	0	0	2	1	1	0	0	0	0	0	0	0	2	2	0	0	0	0	2	0	0	2	0	0	0	0	0	1	1	1	0	0	2	2
276	0	0	1	1	1	0	2	0	2	2	2	1	0	0	2	0	0	0	0	0	0	0	0	0	1	2	0	0	0	0	0	0	0	2	0	1	0	0	0	0	0	0	0	0	1	2
277	0	0	0	0	0	0	2	0	1	1	0	0	0	0	0	0	1	0	0	0	0	0	0	1	0	0	0	0	0	0	0	0	0	1	0	0	0	0	0	0	0	0	0	0	0	1
278	0	1	1	1	0	1	2	0	2	2	1	0	0	0	1	1	1	0	0	0	0	0	0	0	1	1	0	1	1	0	1	1	0	2	0	0	1	1	0	1	1	1	0	0	2	2
279	0	0	0	0	0	0	0	0	0	1	0	0	0	0	0	0	1	0	0	0	0	0	0	0	0	0	0	0	0	0	0	0	0	2	0	0	0	0	0	0	0	0	0	0	0	2
280	0	0	0	0	0	0	2	0	2	2	0	1	0	0	2	1	0	0	1	0	0	0	0	0	0	0	0	1	1	0	2	2	1	2	1	0	1	1	1	1	1	1	2	1	2	2
281	0	0	0	0	0	0	2	0	2	2	2	2	0	0	1	0	0	0	0	2	0	0	0	0	2	1	0	0	0	0	0	0	0	2	0	0	0	0	0	0	0	0	0	0	2	2
282	1	1	1	1	1	0	2	0	2	2	2	2	0	1	1	1	2	0	2	2	0	0	0	0	1	1	0	0	0	0	1	0	0	1	0	0	1	0	1	1	0	0	0	0	2	2
283	0	0	0	0	0	1	1	0	1	1	0	0	0	0	0	0	0	0	0	0	0	0	0	0	0	0	0	0	0	0	0	0	0	1	0	0	0	0	0	0	0	0	0	0	0	1
284	0	0	0	0	0	1	2	0	2	2	0	0	0	0	1	0	0	0	0	0	0	0	0	0	0	1	0	1	1	0	0	0	0	2	0	0	0	0	0	0	0	0	0	0	1	2
285	0	0	0	0	0	0	0	0	1	1	0	1	0	0	0	0	0	0	0	0	0	0	0	0	0	0	0	0	0	0	0	0	0	1	0	0	0	0	0	0	0	0	0	0	0	1
286	0	0	1	1	1	0	2	0	2	2	0	1	0	0	1	0	0	0	1	1	0	0	0	0	2	1	0	1	1	0	1	1	0	2	0	0	0	0	0	0	0	0	0	0	2	2
287	0	0	0	0	0	0	0	0	1	1	0	0	0	0	1	0	0	0	0	0	0	0	0	0	0	0	0	0	0	0	0	0	0	1	0	0	0	0	0	0	0	0	0	0	0	1
288	0	0	0	1	0	1	2	0	2	2	2	2	0	0	1	0	1	0	0	1	1	1	0	0	2	1	0	2	1	0	2	2	0	2	0	1	0	0	1	0	0	0	0	0	2	2
289	1	2	2	2	2	0	2	0	2	2	0	1	0	1	2	1	2	0	1	1	0	0	0	1	1	1	0	1	1	0	1	1	0	2	0	0	0	0	0	0	0	0	0	0	2	2
290	0	0	0	1	1	0	2	0	2	2	0	2	0	1	1	0	0	0	0	2	1	0	0	0	2	2	0	1	1	0	2	1	0	2	0	0	0	0	1	0	0	0	1	0	2	2
291	0	0	0	0	0	1	1	0	1	1	0	0	0	0	0	0	0	0	0	0	0	0	0	0	0	0	0	0	0	0	0	0	0	1	0	0	0	0	0	0	0	0	0	0	0	1
292	0	0	1	0	0	0	2	0	2	2	0	1	0	1	1	0	0	0	0	0	0	0	0	0	0	0	0	0	0	0	2	1	1	2	1	0	1	1	1	1	1	1	0	0	2	2
293	0	0	0	0	0	1	0	0	1	1	0	0	0	0	0	0	0	0	0	0	0	0	0	0	0	0	0	0	0	0	0	0	0	1	1	0	0	0	0	0	0	0	0	0	0	1
294	0	0	0	0	0	0	2	0	2	2	0	0	0	0	1	1	0	0	0	1	1	0	0	0	1	1	0	0	0	0	0	0	0	2	0	1	0	0	0	0	0	0	0	0	2	2
295	0	0	0	0	0	0	0	0	1	1	0	0	0	0	0	0	0	0	0	0	0	0	0	0	0	0	0	0	0	0	0	0	0	1	0	0	0	0	0	0	0	0	0	0	0	1
373	0	1	0	0	0	1	2	0	2	2	0	2	0	1	2	1	1	0	2	1	1	0	0	1	0	2	0	0	0	0	1	1	0	2	0	1	1	1	1	1	1	1	1	1	2	2
374	0	0	0	0	0	0	2	0	2	2	1	1	0	1	1	1	1	0	1	1	0	0	1	0	0	0	0	0	0	0	0	0	0	2	1	0	1	1	1	1	1	1	0	0	2	2
375	0	0	0	0	0	1	2	0	1	1	0	0	0	0	0	0	0	0	0	0	0	0	0	0	0	0	0	0	0	0	0	0	0	1	0	0	0	0	0	0	0	0	0	0	0	1
376	0	0	1	1	1	0	1	0	0	0	0	0	0	0	0	0	0	0	1	1	1	0	0	0	2	1	0	1	1	0	2	2	0	2	1	0	1	1	1	1	0	0	0	0	2	2
377	0	0	0	0	0	0	1	0	1	1	0	1	0	0	0	0	0	0	0	0	0	0	0	0	0	0	0	0	0	0	0	0	0	1	0	0	0	0	0	0	0	0	0	0	1	1
378	0	0	0	0	0	0	0	0	1	1	0	0	0	0	0	0	0	0	0	0	0	0	0	0	0	0	0	0	0	0	1	1	0	2	0	0	0	0	0	1	1	1	1	0	1	2
379	0	0	0	0	0	0	2	0	2	2	0	0	0	0	0	0	0	0	0	0	0	0	0	0	0	0	0	0	0	0	0	0	0	2	0	0	0	0	0	0	0	0	0	0	0	1
380	0	0	0	0	0	0	1	0	1	1	0	1	0	0	0	0	0	0	0	0	0	0	0	0	0	0	0	0	0	0	0	0	0	1	0	0	0	0	0	0	0	0	0	0	1	1
381	0	0	0	0	0	0	1	0	1	1	0	0	0	0	0	0	0	0	0	0	0	0	0	0	0	1	0	0	0	0	0	0	0	1	0	0	0	0	0	0	0	0	0	0	0	1
382	0	1	1	1	0	0	2	0	2	2	1	1	0	1	1	0	1	0	0	0	1	0	0	0	0	1	0	1	1	0	1	1	0	1	0	1	0	0	0	0	0	0	1	0	2	2
383	0	0	0	0	0	0	2	0	2	2	0	1	0	1	2	1	1	0	0	1	0	0	0	0	0	0	0	0	0	0	0	0	0	2	0	0	0	0	0	0	0	0	0	0	1	2
384	0	0	0	0	0	0	1	0	1	1	0	0	0	0	0	0	0	0	0	0	0	0	0	0	1	0	0	0	0	0	0	0	0	1	0	0	0	0	0	0	0	0	0	0	0	1
385	0	0	2	2	2	1	2	0	2	2	1	2	0	1	2	0	1	0	0	0	0	0	0	0	0	1	0	0	0	0	1	1	0	2	1	0	1	1	1	1	1	1	1	1	2	2
386	0	0	0	0	0	0	1	0	1	1	0	0	0	1	0	0	0	0	0	0	0	0	0	0	0	0	0	0	0	0	0	0	0	1	0	0	0	0	0	0	0	0	0	0	0	1
387	0	0	0	0	0	0	0	0	1	1	0	1	0	0	0	0	0	0	0	0	0	0	0	0	0	0	0	1	1	0	0	0	0	1	0	0	0	0	0	0	0	0	0	0	0	1
388	0	0	0	0	0	1	1	0	1	2	1	1	0	0	1	1	1	0	1	1	1	0	0	0	1	1	0	0	0	0	1	1	0	1	0	0	0	0	0	1	0	0	0	0	0	1
389	0	0	0	0	0	0	2	0	1	1	0	1	0	0	0	0	0	0	0	0	0	0	0	0	0	0	0	0	0	0	0	0	0	1	0	0	0	0	0	0	0	0	0	1	0	2
390	0	0	0	0	0	0	0	0	1	1	0	0	0	0	0	0	0	0	0	0	0	0	0	0	0	0	0	0	0	0	0	0	0	1	0	0	0	0	0	0	0	0	0	0	0	1
391	0	0	0	0	0	0	1	0	2	1	0	0	0	0	0	0	0	0	0	0	0	0	0	0	0	0	0	0	0	0	0	0	0	1	0	0	0	0	0	0	0	0	0	0	1	1
392	0	0	0	0	0	0	1	0	1	1	0	0	0	0	0	0	0	0	0	0	0	0	0	0	0	0	0	0	0	0	0	0	0	1	0	0	0	0	0	0	0	0	0	0	0	1
393	0	0	2	2	1	0	2	0	2	2	0	0	0	0	0	0	0	0	0	0	0	0	0	0	0	0	0	0	0	0	0	0	0	2	0	1	0	0	1	1	0	0	0	0	2	2
394	0	0	0	0	0	0	2	0	2	2	1	2	1	1	1	1	1	0	1	1	0	0	0	0	0	0	0	0	0	0	0	0	0	2	0	0	0	0	0	1	0	0	0	0	0	1
395	0	0	0	0	0	0	2	0	2	2	0	1	0	0	1	1	0	0	1	1	0	0	0	0	1	1	0	1	1	0	1	1	0	2	0	0	0	0	0	0	0	0	0	0	1	2
396	0	0	0	0	0	1	1	0	2	2	1	1	0	1	1	1	1	0	1	2	0	0	0	0	1	1	0	1	1	0	1	1	0	2	0	0	0	0	0	2	0	0	0	0	1	2
397	0	0	0	0	0	0	2	0	2	2	1	2	1	1	1	0	1	0	1	1	0	0	0	0	1	0	0	0	0	0	0	0	0	2	1	1	1	1	1	1	1	1	1	0	1	2
398	0	0	0	0	0	0	2	0	2	2	0	2	1	0	1	1	1	0	1	1	0	0	0	0	1	1	0	0	0	0	1	1	0	2	1	0	0	0	0	0	0	0	0	0	2	2
399	0	0	0	0	0	0	2	0	2	2	2	2	0	1	2	1	2	0	2	2	1	0	0	0	2	2	0	2	2	0	2	2	0	2	0	0	0	0	0	0	0	0	0	0	2	2
400	0	0	0	0	0	0	1	0	1	1	0	0	0	0	0	0	0	0	0	0	0	0	0	0	0	0	0	0	0	0	0	0	0	1	0	0	0	0	0	0	0	0	0	0	0	1
401	0	0	0	0	0	0	1	0	1	1	0	1	0	0	0	0	0	0	0	1	0	0	0	0	0	0	0	0	0	0	0	0	0	1	0	0	0	0	0	0	0	0	0	0	0	1
402	0	1	0	0	0	0	0	0	0	0	0	0	0	0	0	0	0	0	0	0	0	0	0	0	0	0	0	0	0	0	0	0	0	1	0	0	0	0	0	0	0	0	0	0	0	1
403	0	1	0	0	0	0	0	0	1	1	0	0	0	0	1	0	0	0	0	0	0	0	0	0	0	1	0	0	0	0	0	0	0	1	0	0	0	0	0	0	0	0	0	0	1	1
404	0	0	1	0	0	0	0	0	1	1	0	1	0	0	0	0	0	0	0	0	0	0	0	0	0	0	0	0	0	0	1	1	0	1	0	0	0	0	0	0	0	0	0	0	1	1
405	0	0	1	1	0	0	1	0	0	1	0	1	0	0	0	0	0	0	0	0	0	0	0	0	1	1	0	0	0	0	0	0	0	1	0	0	0	0	0	0	0	0	0	0	0	0
406	0	0	0	0	0	0	1	0	1	1	0	0	0	0	0	0	0	0	1	0	0	0	0	0	0	0	0	0	0	0	0	0	0	1	0	0	0	0	0	0	0	0	0	0	0	1
407	0	0	0	0	0	0	2	0	2	1	0	1	0	0	1	0	0	0	0	0	0	0	0	0	1	1	0	1	1	0	1	0	0	0	0	0	1	0	0	0	0	0	0	1	0	2
408	0	0	0	1	0	1	2	0	2	1	1	2	1	0	1	0	0	0	1	1	1	1	0	1	2	1	0	1	1	0	1	1	0	2	1	0	1	1	1	1	1	1	1	1	2	2
409	0	0	0	0	0	0	0	0	1	1	0	0	0	0	0	0	0	0	0	0	0	0	0	0	0	0	0	0	0	0	0	0	0	1	0	0	0	0	0	0	0	0	0	0	1	1
410	0	0	2	2	0	1	2	0	2	2	2	2	0	1	2	2	1	0	1	1	1	0	0	0	2	2	0	0	0	0	1	1	0	2	0	0	0	0	0	0	0	0	1	0	2	2
411	0	0	0	0	1	0	1	0	1	1	0	0	0	0	0	0	0	0	0	0	0	0	1	0	0	0	0	0	0	0	0	0	0	0	0	0	0	0	0	0	0	0	0	0	1	1
412	0	0	1	0	0	0	2	0	2	2	1	1	0	1	1	0	0	0	0	0	0	0	0	0	1	0	0	0	0	0	1	1	0	2	0	0	0	0	0	0	0	0	0	0	2	2
413	1	1	1	1	0	1	1	0	2	2	1	2	0	1	2	2	1	0	2	2	0	0	0	1	2	2	0	2	2	0	2	1	0	2	0	0	0	0	0	1	1	1	1	0	2	2
414	1	1	1	1	1	1	2	0	2	2	2	2	1	0	1	1	1	0	0	1	0	0	0	0	1	1	0	1	1	0	2	1	0	2	0	0	0	0	0	0	0	0	0	0	2	2
415	0	0	0	0	0	0	2	0	2	2	1	1	0	0	1	1	1	0	1	1	1	1	0	0	1	2	0	1	1	0	2	0	0	2	0	0	0	0	0	0	0	0	1	1	2	2
416	0	0	0	0	0	0	2	0	1	1	0	1	0	0	0	0	0	0	0	0	0	0	0	0	0	0	0	0	0	0	0	0	0	2	0	0	0	0	0	0	0	0	0	0	0	2
417	0	0	0	0	0	0	1	0	1	1	0	0	0	0	0	0	0	0	0	0	0	0	0	0	0	0	0	0	0	0	0	0	0	2	0	0	0	0	0	0	0	0	0	1	2	2
418	0	0	0	0	0	0	1	0	1	1	0	0	0	0	0	0	0	0	0	0	0	0	0	0	0	0	0	0	0	0	0	0	0	1	0	0	0	0	0	0	0	0	0	0	0	1
419	0	0	0	0	0	0	1	0	1	1	1	0	0	0	1	1	0	0	0	0	0	0	0	0	0	0	0	0	0	0	0	0	0	1	0	0	0	0	0	0	0	0	0	0	0	1
420	0	0	0	0	0	0	0	0	1	1	0	0	0	0	0	0	0	0	0	0	1	0	0	0	0	0	0	0	0	0	0	0	0	1	0	0	0	0	0	0	0	0	0	0	1	1
421	0	0	0	0	0	1	1	0	1	1	0	0	0	0	0	0	0	0	0	0	0	0	0	0	1	0	0	0	0	0	0	0	0	0	0	0	0	0	0	0	0	0	0	0	0	1
422	0	0	0	0	0	0	1	0	2	2	1	2	0	0	1	1	1	0	2	1	0	0	0	0	2	1	0	1	1	0	1	1	0	2	1	1	1	1	1	1	1	1	0	0	1	2
423	0	1	1	1	0	1	2	0	2	2	1	2	0	1	2	2	2	1	2	1	0	0	0	0	0	0	0	0	0	0	1	1	0	2	0	0	0	0	1	1	0	0	0	0	2	2
424	0	1	1	1	0	1	1	0	1	1	0	0	0	0	0	0	0	0	0	0	0	0	0	0	2	2	0	0	0	0	0	0	0	2	0	1	0	0	1	0	0	0	0	0	2	2
425	0	0	0	0	0	1	2	0	2	2	0	0	0	0	1	0	0	0	0	0	0	0	0	0	0	1	0	0	0	0	0	0	0	0	0	0	1	0	1	1	1	0	0	0	2	2
426	0	0	0	0	0	0	1	0	1	1	0	0	0	0	0	0	0	0	0	0	0	0	0	0	0	0	0	0	0	0	0	0	0	1	0	0	0	0	0	0	0	0	0	0	0	1
427	1	1	1	2	1	2	2	0	2	2	1	2	0	2	2	1	2	0	0	1	2	1	0	1	2	2	0	2	2	1	2	1	1	2	1	1	1	1	2	2	1	1	2	2	2	2
428	0	0	0	1	0	1	1	0	1	1	0	0	0	0	0	0	0	0	0	0	0	0	0	0	0	0	0	0	0	0	0	0	0	1	0	0	0	0	0	0	0	0	0	0	0	0
429	0	0	0	0	0	0	1	0	1	2	0	0	0	0	0	0	0	0	0	1	0	0	0	0	0	0	0	0	0	0	1	1	0	2	0	0	0	0	0	0	0	0	0	0	2	2
430	0	0	1	1	1	1	2	0	2	2	0	2	0	1	1	1	1	0	1	1	0	0	0	1	1	1	1	2	1	0	1	0	0	2	0	0	0	0	0	0	0	0	0	0	0	1
431	0	1	1	1	0	1	2	0	2	2	1	1	0	0	1	1	1	0	1	2	0	0	0	1	1	1	0	0	0	0	1	1	0	2	0	1	0	0	0	0	0	0	0	0	2	2
432	0	0	1	0	0	0	2	0	2	2	0	1	0	0	1	1	1	0	1	1	1	0	0	0	2	2	0	1	1	0	1	1	0	2	0	1	1	1	1	1	1	1	1	0	2	2
433	0	0	0	0	0	0	1	0	1	1	0	0	0	0	0	0	0	0	0	0	0	0	0	0	0	0	0	0	0	0	1	1	0	1	0	0	0	0	0	0	0	0	0	0	0	1
434	2	1	1	2	0	0	2	0	2	2	2	2	0	0	1	1	1	0	0	0	0	0	0	0	1	1	0	1	1	0	1	1	0	2	0	1	0	0	1	0	0	0	0	0	2	2
435	0	1	1	1	1	0	2	0	2	2	1	1	0	1	1	1	1	0	0	0	0	0	0	0	0	1	0	0	0	0	0	0	0	2	0	0	0	0	0	0	0	0	0	0	2	2
436	1	1	1	1	1	0	2	0	2	2	0	2	0	0	1	1	1	0	0	2	0	0	0	0	0	2	0	1	1	0	1	1	0	2	0	1	0	1	0	0	0	0	0	0	2	2
437	0	0	0	0	0	1	2	0	1	2	0	1	0	0	1	0	0	0	0	0	0	0	0	0	0	0	0	0	0	0	0	0	0	2	0	1	0	0	0	0	0	0	0	0	2	2
438	0	0	0	0	0	0	2	0	2	2	1	1	0	1	1	0	1	0	0	0	0	0	0	0	1	1	0	0	1	0	1	1	1	2	0	1	0	0	0	0	0	0	0	0	1	2
439	0	0	0	0	0	0	1	0	1	1	0	0	0	0	0	1	0	0	0	0	0	0	0	0	1	0	0	1	0	0	0	0	0	1	0	0	0	0	0	0	0	0	0	0	1	1
440	0	1	0	1	0	1	1	0	0	0	0	0	0	0	0	0	0	0	2	0	0	0	0	0	2	1	0	0	0	0	1	1	0	2	0	0	0	0	0	0	0	0	0	0	2	2
441	0	0	1	1	0	1	2	0	1	1	0	1	0	0	0	0	0	0	0	1	0	0	0	0	1	1	0	0	0	0	1	1	0	2	0	0	0	0	0	0	0	0	0	0	2	2
442	0	0	1	1	1	2	2	0	2	2	1	2	0	2	2	2	0	0	0	0	0	1	0	0	0	1	0	0	0	0	0	0	0	0	0	0	1	0	1	1	1	1	0	0	1	1
443	1	1	1	1	1	2	2	0	2	2	1	2	0	1	1	0	1	0	1	1	0	0	0	0	1	1	0	1	1	0	1	0	0	2	1	1	1	1	1	1	1	1	1	1	2	2
444	0	0	0	0	0	1	1	0	1	2	0	1	0	1	1	1	1	0	1	2	0	0	0	1	2	1	0	0	0	0	1	1	0	1	0	0	1	0	1	1	0	0	0	0	2	2
445	1	1	1	1	1	0	2	0	2	2	0	2	0	0	2	2	0	0	0	1	1	0	0	1	2	2	0	2	2	0	2	2	0	2	0	1	1	1	1	1	0	0	0	0	2	2
446	0	0	0	0	0	0	1	0	1	1	1	0	0	0	1	0	0	0	0	0	0	0	0	0	0	0	0	0	0	0	0	0	0	1	0	0	0	0	0	0	0	0	0	0	0	1
447	0	0	2	2	2	1	2	0	2	2	1	2	0	1	2	0	1	0	2	2	2	0	0	0	1	1	0	0	0	0	1	1	0	2	0	2	0	0	2	1	1	1	1	1	2	2
448	0	0	1	1	1	0	0	0	1	1	0	0	0	0	0	0	0	0	0	0	0	0	0	0	0	0	0	0	0	0	0	0	0	1	0	1	0	0	0	0	0	0	0	0	0	1
449	0	0	1	0	0	1	2	0	1	2	1	2	0	0	1	1	1	0	1	1	0	0	0	0	2	1	0	0	0	0	0	0	0	2	0	1	0	1	1	1	0	0	0	0	2	2
450	1	0	1	1	1	0	1	0	1	1	0	0	0	0	0	0	0	0	0	0	0	0	0	0	0	0	0	0	0	0	0	0	0	1	0	0	0	0	0	0	0	0	0	0	0	1
451	0	0	0	0	0	0	0	0	1	1	0	0	0	0	0	0	0	0	0	1	0	0	1	0	0	0	0	0	0	0	0	0	0	1	0	0	0	0	0	0	0	0	0	0	0	1
452	0	1	1	1	0	2	2	0	2	2	2	2	1	1	2	2	2	0	0	1	0	0	0	0	1	2	0	1	1	0	1	1	1	2	0	0	1	1	1	1	0	1	0	0	2	2
453	0	0	0	0	0	0	2	0	2	2	1	1	0	0	1	0	1	0	0	0	0	0	0	0	0	0	0	0	0	0	1	1	0	2	0	1	0	0	1	1	1	1	0	0	2	2
454	1	1	1	1	1	0	2	0	2	2	0	1	0	0	1	0	0	0	0	0	0	0	0	0	0	0	0	0	0	0	1	1	0	2	0	0	0	0	0	0	0	0	0	0	2	2
455	0	1	1	0	0	1	2	1	2	1	2	2	1	0	2	1	1	0	1	1	2	2	0	2	2	2	0	1	1	0	2	2	0	2	1	0	1	1	2	1	1	1	1	1	2	2
456	0	0	0	0	0	0	0	0	1	1	0	0	0	0	1	0	0	0	0	0	0	0	0	1	0	0	0	0	0	0	0	0	0	1	0	0	0	0	0	0	0	0	0	0	0	1
457	0	0	1	1	0	1	2	0	2	2	1	1	0	1	1	1	1	0	0	0	0	0	0	0	0	0	0	0	0	0	0	0	0	2	1	1	1	1	1	1	0	0	1	0	1	1
458	0	0	0	0	0	2	2	0	2	2	2	2	0	2	2	2	2	0	1	2	1	0	0	0	1	2	0	1	1	0	1	1	0	2	0	0	0	1	1	0	0	0	0	0	2	2
459	0	0	1	0	1	0	2	0	2	2	1	1	0	1	2	2	1	0	2	2	1	0	1	0	2	1	0	0	0	0	2	1	0	1	0	0	1	0	1	1	1	0	0	0	1	2
460	0	0	0	0	0	1	1	0	1	1	0	0	0	0	0	0	0	0	0	0	0	0	0	0	0	1	0	0	0	0	0	0	0	1	0	0	0	0	0	0	0	0	0	0	0	1
461	0	0	0	0	0	0	1	0	1	1	0	1	0	0	0	0	0	0	0	1	0	0	0	0	0	0	0	0	0	0	0	0	0	1	0	0	0	0	0	0	0	0	0	0	0	1
462	0	0	0	0	0	0	1	0	1	1	0	0	0	0	1	0	0	0	0	0	0	0	0	0	0	1	0	1	1	1	1	1	0	1	1	0	0	0	0	0	0	0	0	0	1	1
463	1	1	1	1	1	0	2	0	2	2	1	2	0	0	2	2	1	0	0	0	0	0	0	0	1	1	0	1	1	0	1	1	0	2	0	2	0	0	0	1	0	0	0	0	2	2
464	0	0	0	0	0	0	0	0	1	1	0	0	0	0	1	0	0	0	0	0	0	0	0	0	0	0	0	0	0	0	0	0	0	1	0	0	0	0	0	0	0	0	0	0	0	1
