29	0	-1	-1	-1	0	-1	-1	-1	-1	0	-1	-1	-1	-1	-1	-1	-1	0	0	-1	0	0	0	0	0	0	0	0	0	-1	0	-1	0	0	0	0	0	1	0	-1	-1	-1	-1	0	2	2	2	-1	-1	-1	-1	-1	-1	-1	-1	-1	-1	-1	1	2	-1
30	0	-1	-1	-1	0	-1	-1	-1	-1	0	-1	-1	-1	-1	-1	-1	-1	0	0	-1	0	0	0	0	0	0	0	0	0	-1	0	-1	0	0	0	0	0	0	0	-1	-1	-1	-1	0	1	0	0	-1	-1	-1	-1	-1	-1	-1	-1	-1	-1	-1	0	0	-1
31	0	-1	-1	-1	0	-1	-1	-1	-1	0	-1	-1	-1	-1	-1	-1	-1	0	0	-1	1	1	0	0	1	1	0	0	0	-1	1	-1	0	1	1	0	0	1	1	-1	-1	-1	-1	0	2	1	1	-1	-1	-1	-1	-1	-1	-1	-1	-1	-1	-1	1	1	-1
32	0	-1	-1	-1	1	-1	-1	-1	-1	0	-1	-1	-1	-1	-1	-1	-1	1	0	-1	1	1	0	0	0	2	0	0	0	-1	2	-1	0	1	1	0	0	0	0	-1	-1	-1	-1	0	1	0	0	-1	-1	-1	-1	-1	-1	-1	-1	-1	-1	-1	1	1	-1
33	0	-1	-1	-1	0	-1	-1	-1	-1	0	-1	-1	-1	-1	-1	-1	-1	0	0	-1	0	0	0	0	0	0	0	0	0	-1	0	-1	0	0	0	0	0	0	0	-1	-1	-1	-1	0	1	0	0	-1	-1	-1	-1	-1	-1	-1	-1	-1	-1	-1	1	1	-1
34	0	-1	-1	-1	0	-1	-1	-1	-1	0	-1	-1	-1	-1	-1	-1	-1	0	0	-1	0	0	0	0	0	0	0	0	0	-1	0	-1	0	0	0	0	0	0	0	-1	-1	-1	-1	0	1	0	1	-1	-1	-1	-1	-1	-1	-1	-1	-1	-1	-1	1	2	-1
35	0	-1	-1	-1	1	-1	-1	-1	-1	0	-1	-1	-1	-1	-1	-1	-1	0	0	-1	1	0	0	0	0	0	0	0	0	-1	0	-1	0	0	0	0	0	0	0	-1	-1	-1	-1	0	1	1	0	-1	-1	-1	-1	-1	-1	-1	-1	-1	-1	-1	0	1	-1
36	0	-1	-1	-1	0	-1	-1	-1	-1	0	-1	-1	-1	-1	-1	-1	-1	0	0	-1	1	0	0	0	0	0	0	0	0	-1	1	-1	0	1	1	0	0	0	0	-1	-1	-1	-1	0	1	0	0	-1	-1	-1	-1	-1	-1	-1	-1	-1	-1	-1	0	1	-1
37	1	-1	-1	-1	1	-1	-1	-1	-1	0	-1	-1	-1	-1	-1	-1	-1	1	1	-1	2	0	1	1	1	1	1	1	0	-1	1	-1	1	0	0	0	0	1	1	-1	-1	-1	-1	0	0	0	0	-1	-1	-1	-1	-1	-1	-1	-1	-1	-1	-1	1	0	-1
38	0	-1	-1	-1	0	-1	-1	-1	-1	0	-1	-1	-1	-1	-1	-1	-1	1	0	-1	1	0	0	0	0	0	0	0	0	-1	0	-1	0	0	0	0	0	1	0	-1	-1	-1	-1	1	0	0	0	-1	-1	-1	-1	-1	-1	-1	-1	-1	-1	-1	1	1	-1
39	1	-1	-1	-1	1	-1	-1	-1	-1	0	-1	-1	-1	-1	-1	-1	-1	0	1	-1	2	1	1	1	0	0	1	1	0	-1	1	-1	1	0	0	0	0	0	0	-1	-1	-1	-1	0	2	1	1	-1	-1	-1	-1	-1	-1	-1	-1	-1	-1	-1	1	1	-1
40	1	-1	-1	-1	1	-1	-1	-1	-1	1	-1	-1	-1	-1	-1	-1	-1	0	0	-1	0	1	1	1	0	0	1	1	1	-1	0	-1	0	0	0	1	1	0	1	-1	-1	-1	-1	0	1	1	1	-1	-1	-1	-1	-1	-1	-1	-1	-1	-1	-1	1	1	-1
296	0	0	0	0	1	0	0	2	2	0	2	0	2	2	2	2	0	2	0	2	2	2	0	0	0	2	0	0	0	0	2	0	0	0	0	0	0	0	0	0	0	1	1	0	1	1	1	0	1	0	0	0	0	0	0	0	0	0	0	0	0
297	0	0	0	0	0	0	0	1	1	0	1	2	2	0	2	0	0	1	0	0	1	0	0	0	1	1	0	0	0	0	1	1	0	1	1	0	0	2	2	0	0	1	1	0	1	1	1	0	0	2	0	1	1	0	0	0	0	0	2	0	0
298	1	0	0	0	1	0	0	1	1	1	1	0	1	0	1	1	0	0	0	0	1	0	1	2	0	0	1	0	1	0	0	0	0	0	0	0	0	0	0	0	1	1	1	0	0	0	0	0	1	0	0	0	0	0	0	0	0	0	0	0	0
299	0	0	0	0	0	0	0	1	1	0	1	0	1	1	1	1	0	0	0	1	1	1	0	0	1	1	0	0	0	0	0	0	0	0	0	0	0	0	0	0	0	1	1	0	1	0	0	0	0	0	0	0	0	0	0	0	0	0	0	2	0
300	0	0	0	0	1	0	0	1	1	0	1	0	2	1	1	0	0	0	0	1	1	1	1	1	0	0	0	0	0	0	0	0	0	0	0	0	0	0	0	0	0	0	0	2	0	0	0	0	0	2	0	1	1	1	0	0	0	0	1	1	0
301	2	0	0	0	1	0	0	0	0	1	0	0	1	0	1	0	1	1	0	0	1	0	1	1	0	0	0	1	1	0	0	1	0	0	0	0	0	0	0	0	0	1	1	0	1	0	0	1	0	0	0	0	0	0	0	0	0	0	0	0	0
302	0	0	0	0	0	0	0	2	2	0	2	0	2	0	2	1	0	1	0	1	0	1	0	0	0	1	0	0	0	1	2	1	0	0	0	0	0	0	0	0	0	2	2	0	2	2	2	0	1	0	0	0	0	0	0	0	0	0	0	2	1
303	0	0	0	0	1	0	0	2	2	0	2	0	2	1	2	2	0	1	0	1	0	1	0	0	0	0	0	0	0	0	1	0	0	0	0	1	1	0	0	0	0	1	1	0	0	0	0	1	0	1	0	0	0	0	0	0	0	0	0	0	0
304	0	0	0	1	1	0	0	2	1	0	2	0	2	1	1	2	0	0	0	2	2	2	0	0	2	1	1	0	0	1	1	1	0	0	1	0	0	0	0	0	0	2	2	0	2	1	1	0	1	0	0	0	0	0	0	0	0	0	1	2	0
305	0	0	0	1	1	0	0	2	2	0	2	2	2	0	1	1	1	0	1	0	0	0	0	0	0	1	0	0	0	0	1	1	0	0	0	0	0	0	0	0	0	2	2	0	0	0	0	0	0	0	0	0	0	0	0	0	0	0	0	0	0
306	1	0	0	0	1	0	0	2	1	1	1	1	1	0	1	1	0	0	0	0	1	0	1	1	0	0	1	0	1	0	0	0	0	0	0	0	0	0	0	0	0	1	1	0	0	0	0	0	0	0	0	0	0	0	0	0	0	0	0	0	0
307	1	0	0	0	1	0	0	0	0	1	0	0	1	0	0	0	0	0	0	0	0	1	0	1	0	0	0	0	0	0	1	1	0	1	1	1	1	0	0	0	0	0	0	0	0	0	0	0	1	0	0	0	0	0	0	0	0	0	0	0	0
308	1	0	0	0	0	0	0	0	1	1	1	1	1	0	1	0	0	0	1	1	1	0	1	1	0	0	1	1	1	0	0	1	0	0	0	0	1	0	0	0	0	1	1	0	1	1	1	0	1	0	0	0	0	0	0	0	0	0	0	0	0
309	1	0	0	0	1	0	0	1	1	0	1	0	1	0	1	0	0	0	0	0	0	0	0	0	0	0	0	0	0	0	1	0	0	0	0	0	0	0	0	0	0	0	0	0	0	0	0	0	0	0	0	0	0	0	0	0	0	0	0	0	0
310	0	0	0	0	0	0	0	1	2	0	2	1	2	1	0	1	1	0	1	2	2	0	0	0	1	0	0	0	0	0	0	0	0	0	0	0	0	0	0	0	0	2	2	0	2	2	2	0	0	0	0	0	0	0	0	0	0	0	2	2	0
311	0	0	0	1	1	0	1	2	2	0	2	1	2	0	2	0	0	0	0	0	0	0	0	0	0	1	0	0	0	0	0	1	0	0	0	0	0	0	0	0	0	1	1	0	1	0	0	0	0	0	0	0	0	0	0	0	0	0	2	2	0
312	1	0	0	0	1	0	0	0	0	1	0	1	1	0	1	0	0	1	1	1	0	0	1	1	0	0	0	0	0	0	0	1	0	1	1	0	1	0	0	0	0	1	1	0	0	0	0	0	1	0	0	0	0	0	0	0	0	0	0	0	0
313	0	0	0	0	0	0	0	1	1	0	1	1	2	1	1	1	0	1	0	0	1	0	0	0	1	1	0	0	0	0	1	0	0	0	0	0	0	0	0	0	0	0	0	0	0	0	0	0	0	0	0	0	0	0	0	0	0	0	1	1	0
314	2	0	0	0	2	0	1	1	1	2	1	1	1	0	1	0	1	0	0	0	1	0	2	2	0	0	2	0	0	1	0	0	0	0	0	0	0	0	0	0	0	0	0	0	0	0	0	0	0	0	0	0	0	0	0	0	0	0	0	0	0
315	2	0	0	0	1	0	0	2	2	0	2	1	2	0	1	0	0	0	0	0	0	0	0	1	0	0	0	0	0	0	0	1	0	0	0	0	0	0	0	0	0	0	0	0	0	0	0	0	0	0	0	0	0	0	0	0	0	0	0	0	0
316	1	0	0	0	1	0	0	0	1	0	1	1	1	0	1	0	0	1	1	0	1	1	0	0	0	1	0	1	1	0	0	1	1	0	0	1	1	0	0	0	0	0	0	0	0	0	0	0	0	0	0	0	0	0	0	0	0	0	0	0	0
317	0	0	0	0	0	0	0	2	2	0	1	2	2	1	2	1	0	2	0	2	2	1	0	0	1	0	0	0	0	0	1	1	0	0	1	0	0	1	0	0	0	2	2	0	2	1	1	0	0	0	0	0	0	0	0	0	0	0	1	1	0
318	0	0	0	0	0	0	2	2	2	0	2	1	2	1	2	1	0	0	0	2	2	0	0	0	1	1	0	0	0	0	2	2	0	0	0	0	0	0	0	0	0	1	1	0	0	0	0	0	1	1	0	0	0	0	0	0	0	0	0	1	0
319	0	0	0	0	0	0	0	2	2	0	2	2	2	0	2	1	0	0	0	1	1	1	0	0	0	0	0	0	0	0	0	0	0	0	0	0	0	0	0	0	0	0	0	0	0	0	0	0	0	0	0	0	0	0	0	0	0	0	0	0	0
320	0	0	0	0	1	0	0	2	1	0	2	0	2	1	1	1	0	0	0	2	2	0	0	0	0	0	0	0	0	0	1	2	0	0	0	0	0	1	1	0	1	2	2	0	0	0	0	0	0	0	0	0	0	0	0	0	0	0	1	2	0
321	1	0	0	0	1	0	0	1	1	1	1	1	1	0	1	1	0	0	0	1	1	0	1	1	0	0	1	0	0	0	1	0	0	0	0	1	1	0	0	0	0	1	0	0	1	1	1	0	0	0	0	0	0	0	0	0	0	0	0	0	0
322	1	0	0	0	1	0	0	2	2	0	2	2	1	2	2	2	0	2	0	2	2	2	0	0	1	2	1	1	0	1	2	1	0	2	2	1	1	0	0	0	0	0	0	1	0	0	0	0	0	1	0	0	0	0	0	0	0	0	1	1	0
323	1	0	0	0	1	0	0	1	1	1	1	0	1	0	1	0	0	0	0	0	1	0	1	1	0	1	0	0	0	1	0	0	0	1	1	0	0	0	0	0	1	1	1	0	1	1	1	0	0	0	0	0	0	0	0	0	0	0	0	0	0
324	0	0	0	0	1	1	0	2	2	0	2	2	2	0	2	2	0	0	0	2	2	0	0	0	0	2	0	0	0	0	1	2	0	0	0	0	0	0	0	0	0	0	0	1	0	0	0	0	0	1	0	1	1	0	0	0	0	0	0	2	1
325	1	0	0	0	0	0	0	0	0	0	1	1	1	0	1	0	0	0	0	0	0	0	0	0	0	0	0	0	0	0	0	1	1	0	0	0	0	0	0	0	0	1	1	0	1	1	1	0	0	0	0	0	0	0	0	0	0	0	0	0	1
326	0	0	0	0	1	1	0	1	2	0	2	1	2	0	1	0	0	0	0	0	0	0	0	0	0	0	0	0	0	0	1	0	0	0	0	0	0	1	1	1	0	2	2	0	2	1	1	2	0	0	0	1	1	1	1	1	0	1	0	1	0
327	1	0	0	0	0	0	0	2	1	0	1	1	1	0	1	0	0	0	0	0	0	0	0	0	0	0	0	0	1	0	0	0	1	0	0	0	0	0	0	0	0	1	1	0	1	1	0	0	0	1	0	1	1	1	1	1	0	1	0	0	0
328	0	0	0	0	0	0	0	2	1	0	1	2	2	0	2	0	0	0	0	0	0	0	0	0	0	0	0	0	0	0	0	0	0	0	0	0	0	0	0	0	0	0	0	0	0	0	0	0	0	0	0	0	0	0	0	0	0	0	0	1	0
329	0	0	0	0	0	0	0	1	1	0	1	0	1	0	1	1	0	0	0	0	0	0	0	0	0	0	0	0	0	0	0	0	0	0	0	0	0	0	0	0	0	1	1	0	1	0	0	0	0	0	0	0	0	0	0	0	0	0	0	0	0
330	2	0	0	0	1	0	0	0	0	0	0	2	0	0	0	0	0	1	0	0	1	1	0	0	0	0	1	2	0	0	0	1	1	0	0	0	0	0	0	0	0	1	1	0	1	1	1	0	1	0	0	0	0	0	0	0	0	0	0	0	0
331	0	0	0	0	0	0	0	2	1	0	2	1	2	0	2	0	0	0	0	2	0	0	0	0	0	0	0	0	0	0	1	1	0	0	1	0	0	0	0	0	1	1	1	0	0	0	0	0	1	0	0	0	0	0	0	0	0	0	0	0	0
332	0	0	0	0	0	0	0	1	0	0	1	1	1	0	1	0	0	0	0	0	0	0	0	0	0	0	0	0	0	0	1	1	0	0	0	0	0	0	0	0	0	1	1	0	0	0	0	0	0	0	0	0	0	0	0	0	0	0	0	0	0
333	0	0	0	0	0	0	0	2	2	0	2	1	2	0	2	0	0	0	0	0	0	0	0	0	0	0	0	0	0	0	0	0	0	0	0	0	0	0	0	0	0	0	0	0	1	1	1	0	0	0	0	0	0	0	0	0	0	0	1	2	0
334	1	0	0	0	1	0	0	0	0	1	0	0	1	0	1	0	1	0	0	0	1	0	0	1	0	0	0	0	0	0	0	1	0	0	0	0	0	0	0	0	0	1	1	0	1	0	0	0	0	0	0	0	0	0	0	0	0	0	0	1	0
335	0	0	1	0	1	0	0	2	2	0	2	0	2	2	2	2	0	1	0	1	1	1	0	0	0	2	0	0	0	1	2	2	0	0	0	0	0	0	0	0	0	2	2	0	2	2	2	0	2	0	0	0	0	0	0	0	0	0	1	1	0
336	0	0	0	0	0	0	0	2	2	0	2	1	2	0	2	0	0	0	0	1	0	0	0	0	0	0	0	0	0	0	0	0	0	0	0	0	0	0	0	0	1	2	2	0	1	0	1	2	0	0	0	2	2	2	2	1	1	0	0	2	0
337	1	0	0	0	0	0	0	0	0	0	0	1	1	0	1	0	0	0	0	0	0	0	0	0	0	0	0	0	1	0	0	0	0	0	0	0	0	0	0	0	0	1	1	0	1	1	0	0	0	0	0	0	0	1	1	0	0	0	0	0	0
338	1	0	0	0	1	0	0	0	0	0	1	0	1	0	1	0	0	0	0	0	0	0	0	0	0	0	0	0	0	0	0	0	0	0	0	0	0	1	1	0	0	2	2	0	2	2	2	0	2	0	0	0	0	0	0	0	0	0	2	2	0
339	1	0	0	0	1	0	0	0	1	0	0	1	1	0	1	0	0	0	0	0	0	0	0	1	0	0	0	1	0	0	0	1	1	0	0	0	0	0	0	0	0	1	1	0	1	0	0	0	1	0	1	1	1	1	1	1	0	1	0	1	0
340	1	0	0	0	1	0	0	1	1	1	1	0	1	0	1	0	1	0	0	0	1	0	0	1	0	0	1	0	0	0	0	0	0	0	0	0	1	0	0	0	0	1	1	0	0	0	0	0	0	0	0	0	0	0	0	0	0	0	0	0	0
341	1	0	0	0	1	0	0	0	0	0	1	1	1	0	1	0	0	0	0	0	0	0	0	0	0	0	0	1	0	0	0	1	1	0	0	0	1	0	0	0	0	0	0	0	0	0	0	0	0	1	0	0	0	0	0	0	0	0	0	0	2
342	0	0	0	0	0	0	0	0	0	0	0	1	1	0	1	0	0	0	0	0	0	0	0	0	0	0	0	0	0	0	0	0	0	0	0	0	0	0	0	0	0	2	2	0	2	0	0	0	0	0	0	0	0	0	0	0	0	0	0	1	0
343	0	0	0	0	0	0	0	0	0	0	1	1	1	1	1	1	0	0	0	0	0	0	0	0	0	0	0	0	0	0	0	1	0	0	0	0	0	0	0	0	0	2	2	0	2	2	2	0	0	0	0	0	0	0	0	0	0	0	1	2	0
344	1	0	0	0	0	0	0	0	0	0	1	1	1	0	1	0	0	0	0	0	0	0	0	0	0	0	0	0	0	0	1	0	0	0	0	0	0	0	0	0	0	1	1	0	1	0	0	0	1	0	0	0	0	0	0	0	0	0	0	1	1
345	0	0	0	0	0	0	0	0	1	0	1	1	1	0	1	0	0	0	0	0	0	0	0	0	0	0	0	0	0	0	1	0	0	0	0	0	0	1	1	0	1	2	2	0	2	1	2	1	0	1	1	1	1	1	1	0	1	1	1	1	0
346	0	0	0	0	0	0	0	0	0	0	1	1	1	1	1	1	0	0	0	0	0	0	0	0	0	0	0	0	0	0	1	1	0	0	0	0	0	0	0	0	0	1	1	0	0	0	0	0	0	0	0	0	0	0	0	0	0	0	0	1	0
347	0	0	0	0	0	0	0	2	2	0	2	0	2	0	2	0	0	0	0	1	0	0	0	0	0	0	0	0	0	0	0	0	0	0	0	0	0	0	0	0	0	2	2	1	1	0	0	0	1	2	0	2	2	2	2	0	1	0	1	2	0
348	0	0	0	0	0	0	0	1	1	0	1	2	2	0	2	1	0	0	0	1	0	0	0	0	1	1	0	0	0	0	1	1	0	1	1	0	0	1	0	0	0	1	1	1	1	0	1	0	0	1	1	1	1	1	1	0	1	1	1	2	0
349	0	0	0	0	0	0	0	1	2	0	2	1	2	0	2	0	0	0	0	0	0	0	0	0	0	0	0	0	0	0	0	0	0	0	0	0	0	0	0	0	0	1	1	0	1	0	0	0	0	0	0	0	0	0	0	0	0	0	0	1	0
350	0	0	0	1	0	0	0	2	2	0	2	2	2	0	2	0	0	0	0	2	0	0	0	0	0	0	0	0	0	0	0	1	0	0	1	0	0	0	0	0	0	2	2	0	1	1	1	0	0	0	0	0	0	0	0	0	0	0	0	2	0
351	0	0	0	0	0	0	0	0	1	0	0	1	1	0	2	0	0	0	0	1	0	0	0	0	0	0	0	0	0	0	0	0	0	0	0	0	0	0	0	0	0	1	1	0	1	1	1	0	0	0	0	0	0	0	0	0	0	0	0	1	0
352	0	0	0	0	0	0	0	0	0	0	1	1	1	0	1	0	0	0	0	0	0	0	0	0	0	0	0	0	0	1	0	0	0	0	0	1	1	0	0	0	0	0	0	0	0	0	0	0	1	0	0	0	0	0	0	0	0	0	0	0	1
353	1	0	0	0	1	0	0	1	1	1	1	1	1	0	1	0	0	0	0	1	0	1	0	0	0	0	0	0	0	0	0	0	0	0	0	0	1	0	0	0	1	1	1	0	1	1	1	1	0	0	1	1	1	1	1	0	1	0	0	1	0
354	0	0	0	0	0	0	0	1	2	0	2	2	2	0	2	0	0	0	0	0	0	0	0	0	0	0	0	0	0	0	0	0	0	0	0	0	0	0	0	0	0	2	2	1	0	0	0	1	0	2	0	2	2	2	2	0	0	0	0	2	0
355	2	0	0	1	2	0	0	0	1	0	1	2	1	0	1	0	2	0	2	0	0	1	0	0	0	0	1	2	0	0	0	2	2	1	1	0	1	0	0	0	1	1	1	1	0	0	0	0	1	0	0	0	0	0	0	0	0	0	0	0	0
356	0	0	0	0	0	0	1	2	0	0	2	1	2	2	1	2	1	1	0	2	2	1	0	0	2	1	0	0	0	0	1	1	1	0	0	0	0	1	1	0	0	2	2	0	2	1	1	0	0	0	0	0	0	0	0	0	0	0	1	2	0
357	2	0	0	0	2	0	0	0	1	0	1	1	1	0	1	0	1	0	1	1	0	1	0	0	0	0	2	2	0	0	1	2	2	2	2	1	1	0	0	0	1	1	1	1	0	0	0	0	1	0	0	0	0	0	0	0	0	0	0	0	0
358	1	0	0	0	2	0	0	1	1	0	1	0	1	1	1	1	1	1	0	1	2	1	0	0	0	0	2	2	0	0	0	2	2	0	0	0	0	1	1	0	1	1	1	0	1	1	1	0	0	1	0	1	0	0	0	0	0	0	1	1	1
359	0	0	0	0	0	0	0	1	0	0	1	1	2	0	2	0	0	0	0	0	0	0	1	1	0	0	0	0	0	0	0	0	0	0	0	0	0	0	0	0	0	0	0	0	0	0	0	0	0	0	0	0	0	0	0	0	0	1	1	2	0
360	0	0	0	0	1	0	1	2	2	0	2	2	2	1	2	0	0	0	0	0	0	0	0	0	0	0	0	0	0	0	0	0	0	0	0	0	0	0	0	0	0	2	2	0	2	1	1	0	0	0	0	0	0	0	0	0	0	0	0	2	0
361	0	0	0	0	0	0	0	1	1	0	1	1	1	0	1	0	0	0	0	0	0	0	0	0	0	0	0	0	0	0	0	0	0	0	0	0	0	0	0	0	0	0	0	0	0	0	0	0	0	0	0	0	0	0	0	0	0	0	0	0	0
362	0	0	0	0	0	0	0	1	1	0	1	0	1	0	1	0	0	0	0	0	0	0	0	0	0	0	0	0	0	0	1	0	0	0	0	0	0	0	0	0	0	0	0	0	0	0	0	0	0	0	0	0	0	0	0	0	0	0	0	0	0
363	0	0	0	0	0	0	0	2	1	0	2	1	1	0	1	0	0	0	1	1	1	1	0	0	1	2	1	1	0	1	2	2	0	2	2	1	2	2	2	0	0	2	2	1	2	2	2	0	1	0	0	1	1	1	1	1	1	1	2	2	2
364	1	0	0	0	1	0	0	0	0	0	0	2	1	0	1	1	0	0	0	0	1	0	0	0	0	0	1	1	0	0	0	1	1	1	1	0	2	0	0	0	0	1	1	0	1	0	0	0	0	1	0	1	1	1	1	0	0	0	0	0	1
365	0	0	0	0	0	0	1	2	2	0	2	2	2	0	2	2	0	2	0	2	2	2	0	0	2	2	1	0	0	2	2	2	0	1	1	0	0	0	0	0	0	0	0	0	0	0	0	0	0	1	0	0	0	0	0	0	0	0	0	0	1
366	2	0	0	0	2	0	0	1	1	1	1	1	1	0	1	1	1	0	0	1	2	1	1	1	0	0	0	0	0	0	0	0	0	0	0	0	0	0	0	0	0	0	0	0	0	0	0	0	0	0	0	0	0	0	0	0	0	0	0	0	0
367	1	0	0	0	1	0	0	0	1	0	1	1	1	0	1	0	0	1	0	0	1	0	1	1	0	0	0	0	1	0	0	1	0	0	0	1	1	0	0	0	0	0	0	0	0	0	0	0	1	0	0	0	0	0	0	0	0	0	0	1	0
368	0	0	0	0	0	0	1	2	2	0	2	1	2	0	2	0	0	1	0	0	0	0	0	0	0	0	0	0	0	0	2	2	0	0	0	0	0	0	0	0	0	2	2	0	1	1	1	0	1	0	0	0	0	1	0	0	1	0	2	2	0
369	0	0	0	0	1	0	1	2	2	0	2	2	2	0	2	0	0	0	0	1	1	1	0	0	0	0	0	1	0	0	0	1	0	0	0	0	0	0	0	0	0	1	1	0	1	1	1	0	0	0	0	0	0	0	0	0	0	0	1	1	0
370	0	1	1	1	1	1	0	1	1	0	2	2	2	0	2	1	0	0	0	2	2	1	0	0	0	1	0	0	0	1	1	1	0	0	0	0	0	1	1	0	0	1	1	1	1	0	0	0	0	1	0	1	1	0	0	0	0	0	1	2	0
371	0	0	0	0	1	1	2	2	2	0	2	1	2	1	2	1	0	1	0	1	1	1	0	0	1	1	0	0	0	1	1	1	0	0	0	0	0	0	0	0	0	2	2	0	2	2	2	0	1	0	0	0	0	0	0	0	0	0	2	2	0
372	0	0	0	0	0	0	0	0	1	0	1	1	1	0	1	0	0	0	0	0	0	0	0	0	0	0	0	0	0	0	0	0	0	0	0	0	0	0	0	0	0	0	0	0	0	0	0	0	0	0	0	0	0	0	0	0	1	0	0	0	0
