0	0	-1	-1	-1	0	-1	-1	-1	-1	0	-1	-1	-1	-1	-1	-1	-1	0	0	-1	0	0	0	0	0	0	0	0	0	-1	0	-1	0	0	0	0	0	0	0	-1	-1	-1	-1	0	1	1	1	-1	-1	-1	-1	-1	-1	-1	-1	-1	-1	-1	1	1	-1
2	0	-1	-1	-1	0	-1	-1	-1	-1	0	-1	-1	-1	-1	-1	-1	-1	0	0	-1	0	0	0	0	0	1	0	0	0	-1	1	-1	0	1	1	0	0	0	0	-1	-1	-1	-1	0	1	1	1	-1	-1	-1	-1	-1	-1	-1	-1	-1	-1	-1	1	1	-1
3	0	-1	-1	-1	0	-1	-1	-1	-1	0	-1	-1	-1	-1	-1	-1	-1	0	0	-1	0	1	0	0	0	0	0	0	0	-1	0	-1	0	0	0	0	0	0	0	-1	-1	-1	-1	0	2	1	1	-1	-1	-1	-1	-1	-1	-1	-1	-1	-1	-1	2	2	-1
4	0	-1	-1	-1	0	-1	-1	-1	-1	0	-1	-1	-1	-1	-1	-1	-1	0	0	-1	0	0	0	0	0	0	0	0	0	-1	0	-1	0	0	0	0	0	0	0	-1	-1	-1	-1	0	1	1	1	-1	-1	-1	-1	-1	-1	-1	-1	-1	-1	-1	1	1	-1
5	0	-1	-1	-1	1	-1	-1	-1	-1	0	-1	-1	-1	-1	-1	-1	-1	0	0	-1	0	0	0	0	1	1	1	0	0	-1	1	-1	0	0	0	0	0	0	0	-1	-1	-1	-1	0	2	2	2	-1	-1	-1	-1	-1	-1	-1	-1	-1	-1	-1	2	2	-1
6	0	-1	-1	-1	1	-1	-1	-1	-1	0	-1	-1	-1	-1	-1	-1	-1	1	0	-1	1	1	0	0	0	1	0	0	0	-1	2	-1	0	2	2	0	0	1	1	-1	-1	-1	-1	0	2	2	2	-1	-1	-1	-1	-1	-1	-1	-1	-1	-1	-1	2	2	-1
7	0	-1	-1	-1	0	-1	-1	-1	-1	0	-1	-1	-1	-1	-1	-1	-1	0	0	-1	0	0	0	0	0	0	0	0	0	-1	1	-1	0	1	1	0	1	2	2	-1	-1	-1	-1	0	2	2	2	-1	-1	-1	-1	-1	-1	-1	-1	-1	-1	-1	2	2	-1
8	0	-1	-1	-1	0	-1	-1	-1	-1	0	-1	-1	-1	-1	-1	-1	-1	0	0	-1	0	1	0	0	1	2	0	0	0	-1	1	-1	0	2	2	0	0	2	2	-1	-1	-1	-1	0	2	2	2	-1	-1	-1	-1	-1	-1	-1	-1	-1	-1	-1	2	2	-1
9	0	-1	-1	-1	1	-1	-1	-1	-1	0	-1	-1	-1	-1	-1	-1	-1	0	0	-1	0	0	0	0	1	1	0	0	0	-1	1	-1	0	1	1	0	0	1	1	-1	-1	-1	-1	0	1	1	1	-1	-1	-1	-1	-1	-1	-1	-1	-1	-1	-1	2	2	-1
10	0	-1	-1	-1	1	-1	-1	-1	-1	0	-1	-1	-1	-1	-1	-1	-1	0	0	-1	0	1	0	0	2	2	0	1	0	-1	2	-1	0	2	2	0	1	2	2	-1	-1	-1	-1	0	2	2	2	-1	-1	-1	-1	-1	-1	-1	-1	-1	-1	-1	2	2	-1
11	0	-1	-1	-1	0	-1	-1	-1	-1	0	-1	-1	-1	-1	-1	-1	-1	0	0	-1	0	0	0	0	0	0	0	0	1	-1	0	-1	1	0	0	0	0	0	0	-1	-1	-1	-1	0	0	0	0	-1	-1	-1	-1	-1	-1	-1	-1	-1	-1	-1	0	0	-1
12	0	-1	-1	-1	1	-1	-1	-1	-1	0	-1	-1	-1	-1	-1	-1	-1	0	0	-1	0	0	0	0	0	0	0	0	0	-1	1	-1	0	1	1	0	1	1	1	-1	-1	-1	-1	0	2	2	2	-1	-1	-1	-1	-1	-1	-1	-1	-1	-1	-1	2	2	-1
13	0	-1	-1	-1	0	-1	-1	-1	-1	0	-1	-1	-1	-1	-1	-1	-1	0	0	-1	0	1	0	0	0	1	0	0	0	-1	0	-1	0	0	0	0	0	1	1	-1	-1	-1	-1	0	2	2	1	-1	-1	-1	-1	-1	-1	-1	-1	-1	-1	-1	1	2	-1
14	0	-1	-1	-1	0	-1	-1	-1	-1	0	-1	-1	-1	-1	-1	-1	-1	1	0	-1	1	1	0	0	1	1	0	0	0	-1	1	-1	0	1	1	0	0	0	0	-1	-1	-1	-1	0	1	1	1	-1	-1	-1	-1	-1	-1	-1	-1	-1	-1	-1	1	2	-1
15	0	-1	-1	-1	0	-1	-1	-1	-1	0	-1	-1	-1	-1	-1	-1	-1	0	0	-1	0	1	0	0	1	2	1	0	0	-1	2	-1	0	2	2	0	0	2	1	-1	-1	-1	-1	0	2	2	2	-1	-1	-1	-1	-1	-1	-1	-1	-1	-1	-1	1	2	-1
16	0	-1	-1	-1	1	-1	-1	-1	-1	0	-1	-1	-1	-1	-1	-1	-1	0	0	-1	1	0	0	0	0	0	0	0	0	-1	0	-1	0	0	0	0	0	0	0	-1	-1	-1	-1	0	2	1	0	-1	-1	-1	-1	-1	-1	-1	-1	-1	-1	-1	2	2	-1
17	0	-1	-1	-1	0	-1	-1	-1	-1	0	-1	-1	-1	-1	-1	-1	-1	0	0	-1	0	0	0	0	0	0	0	0	0	-1	0	-1	0	0	0	0	0	0	0	-1	-1	-1	-1	0	2	2	2	-1	-1	-1	-1	-1	-1	-1	-1	-1	-1	-1	1	2	-1
18	0	-1	-1	-1	1	-1	-1	-1	-1	0	-1	-1	-1	-1	-1	-1	-1	0	0	-1	0	1	0	0	1	1	0	0	0	-1	1	-1	0	1	1	0	0	1	1	-1	-1	-1	-1	0	2	2	2	-1	-1	-1	-1	-1	-1	-1	-1	-1	-1	-1	2	2	-1
19	0	-1	-1	-1	1	-1	-1	-1	-1	0	-1	-1	-1	-1	-1	-1	-1	1	0	-1	1	1	0	0	1	1	0	0	0	-1	1	-1	0	0	1	0	0	1	1	-1	-1	-1	-1	0	1	1	1	-1	-1	-1	-1	-1	-1	-1	-1	-1	-1	-1	1	1	-1
20	0	-1	-1	-1	0	-1	-1	-1	-1	0	-1	-1	-1	-1	-1	-1	-1	0	0	-1	0	0	0	0	0	0	0	0	0	-1	1	-1	0	1	1	0	0	1	1	-1	-1	-1	-1	0	2	2	2	-1	-1	-1	-1	-1	-1	-1	-1	-1	-1	-1	1	2	-1
21	0	-1	-1	-1	0	-1	-1	-1	-1	0	-1	-1	-1	-1	-1	-1	-1	0	0	-1	0	0	0	0	0	0	0	0	0	-1	1	-1	0	0	0	0	0	1	1	-1	-1	-1	-1	0	1	1	1	-1	-1	-1	-1	-1	-1	-1	-1	-1	-1	-1	1	1	-1
22	0	-1	-1	-1	0	-1	-1	-1	-1	0	-1	-1	-1	-1	-1	-1	-1	0	0	-1	0	0	0	0	0	0	0	0	0	-1	0	-1	0	0	0	0	0	0	0	-1	-1	-1	-1	0	1	1	1	-1	-1	-1	-1	-1	-1	-1	-1	-1	-1	-1	1	1	-1
23	0	-1	-1	-1	0	-1	-1	-1	-1	0	-1	-1	-1	-1	-1	-1	-1	0	0	-1	0	0	0	0	0	0	0	0	0	-1	1	-1	0	0	0	0	0	1	1	-1	-1	-1	-1	0	2	1	1	-1	-1	-1	-1	-1	-1	-1	-1	-1	-1	-1	1	2	-1
24	0	-1	-1	-1	0	-1	-1	-1	-1	0	-1	-1	-1	-1	-1	-1	-1	0	0	-1	0	0	0	0	1	1	0	0	0	-1	1	-1	0	1	1	0	0	1	1	-1	-1	-1	-1	0	2	1	1	-1	-1	-1	-1	-1	-1	-1	-1	-1	-1	-1	1	1	-1
25	0	-1	-1	-1	1	-1	-1	-1	-1	0	-1	-1	-1	-1	-1	-1	-1	1	0	-1	1	1	0	0	1	1	0	0	0	-1	2	-1	0	1	1	0	0	1	1	-1	-1	-1	-1	0	2	1	1	-1	-1	-1	-1	-1	-1	-1	-1	-1	-1	-1	2	2	-1
26	0	-1	-1	-1	1	-1	-1	-1	-1	0	-1	-1	-1	-1	-1	-1	-1	0	0	-1	0	0	0	0	0	1	0	0	0	-1	1	-1	0	0	0	0	0	1	1	-1	-1	-1	-1	0	2	1	1	-1	-1	-1	-1	-1	-1	-1	-1	-1	-1	-1	1	1	-1
27	0	-1	-1	-1	1	-1	-1	-1	-1	0	-1	-1	-1	-1	-1	-1	-1	0	0	-1	1	1	0	0	1	1	0	0	0	-1	1	-1	0	1	1	0	0	1	1	-1	-1	-1	-1	0	2	1	1	-1	-1	-1	-1	-1	-1	-1	-1	-1	-1	-1	1	2	-1
28	0	-1	-1	-1	0	-1	-1	-1	-1	0	-1	-1	-1	-1	-1	-1	-1	1	0	-1	1	1	0	0	2	2	2	1	0	-1	2	-1	0	2	2	0	1	2	2	-1	-1	-1	-1	0	2	2	2	-1	-1	-1	-1	-1	-1	-1	-1	-1	-1	-1	1	1	-1
41	0	-1	-1	-1	0	-1	-1	-1	-1	0	-1	-1	-1	-1	-1	-1	-1	0	0	-1	0	0	0	0	0	1	0	0	0	-1	0	-1	0	0	0	0	0	0	0	-1	-1	-1	-1	0	1	1	1	-1	-1	-1	-1	-1	-1	-1	-1	-1	-1	-1	0	1	-1
42	0	0	1	1	1	1	1	1	1	0	1	1	1	0	0	0	0	1	0	0	0	0	0	0	0	1	0	0	0	0	2	2	0	2	2	0	0	0	0	0	0	1	1	1	1	1	1	0	0	1	0	1	0	0	0	0	0	0	2	2	1
43	0	0	0	0	0	0	0	0	1	0	1	1	1	0	1	0	0	0	0	0	0	0	0	0	0	0	0	0	0	0	0	0	0	0	0	0	0	0	0	0	0	1	1	0	1	0	1	1	0	0	0	1	1	1	1	1	1	0	0	1	0
44	0	0	0	0	0	0	0	1	2	0	2	2	2	0	2	0	0	0	0	0	0	0	0	0	0	0	0	0	0	0	0	0	0	0	0	0	0	1	1	0	0	2	2	0	2	2	2	1	1	2	2	2	2	2	2	1	1	0	1	2	0
45	0	0	0	0	0	0	0	1	1	0	1	1	1	0	1	0	0	0	0	1	0	0	0	0	0	0	0	0	0	0	1	0	0	1	1	0	0	1	1	0	0	0	0	0	0	0	0	0	0	1	0	1	1	0	0	0	1	1	1	1	0
46	0	0	0	0	0	0	0	0	0	0	0	0	1	0	1	0	0	0	0	0	0	0	0	0	0	0	0	0	0	0	0	0	0	0	0	0	0	0	0	0	1	2	2	0	1	1	1	1	0	1	1	1	1	1	1	0	1	0	1	1	1
47	0	0	0	0	0	0	0	2	2	0	1	1	1	0	1	0	0	0	0	0	0	0	0	0	0	0	0	0	0	0	0	0	0	0	0	0	0	0	0	0	0	1	1	0	1	1	1	2	1	1	1	2	2	2	2	0	2	0	1	2	0
48	0	0	0	0	0	0	0	1	1	0	1	0	1	0	1	0	0	0	0	1	0	0	0	0	0	0	0	0	0	0	0	0	0	0	0	0	0	0	0	0	0	2	2	0	1	0	0	0	0	0	0	0	0	0	0	1	0	0	0	2	0
49	0	0	0	0	0	0	0	2	2	0	2	2	2	0	2	1	0	0	0	1	0	0	0	0	0	0	0	0	0	0	0	0	0	0	0	0	0	0	0	0	1	2	2	0	2	2	2	1	0	1	1	1	1	1	1	1	0	0	1	2	0
50	0	0	0	0	0	0	0	2	2	0	2	2	2	0	2	0	0	0	0	0	0	0	0	0	0	0	0	0	0	0	0	0	0	0	0	0	0	0	0	0	0	2	2	0	2	2	2	0	0	0	0	1	1	1	1	1	0	0	2	2	0
51	0	1	1	1	1	1	1	2	2	0	2	2	2	1	2	1	0	0	0	1	0	1	0	0	0	0	0	0	0	0	0	1	0	1	1	0	0	1	1	0	0	2	2	0	2	2	2	0	0	0	0	0	0	0	0	1	0	0	2	2	0
52	0	0	0	0	0	0	0	1	1	0	1	1	1	0	1	0	0	0	0	1	0	0	0	0	0	0	0	0	0	0	1	1	0	0	0	0	0	0	0	0	0	2	2	0	2	2	2	1	1	0	1	1	2	2	1	1	1	1	2	2	0
53	0	0	0	0	0	0	0	0	1	0	1	1	1	0	1	0	0	0	0	0	0	0	0	0	0	0	0	0	0	0	0	0	0	0	0	0	0	0	0	0	0	1	1	0	1	1	1	0	0	0	0	0	0	0	0	0	0	0	0	1	0
54	0	1	1	0	0	0	0	1	1	0	1	1	1	0	1	1	0	0	0	1	1	0	0	0	1	1	0	0	0	0	2	1	0	1	1	0	0	0	0	0	0	2	2	0	2	2	2	0	1	0	0	0	0	0	0	0	0	0	2	2	0
55	0	1	1	1	1	1	0	1	1	0	2	0	2	0	2	0	0	0	0	0	0	0	0	0	1	1	0	0	0	0	1	2	0	2	2	0	2	2	2	1	1	2	2	0	2	2	2	0	0	0	0	0	0	0	0	0	0	0	2	2	0
56	0	0	0	1	0	0	0	1	0	0	0	0	0	0	0	1	0	0	0	1	0	0	0	0	1	0	0	0	0	0	1	1	0	0	0	0	1	1	1	0	0	2	2	0	1	1	1	0	0	0	0	0	0	0	0	0	0	0	1	1	2
57	0	0	0	0	0	0	0	1	2	0	1	0	1	0	1	0	0	0	0	0	0	0	0	0	0	1	0	0	0	0	1	2	1	2	2	0	1	2	2	2	1	2	2	0	2	2	2	0	0	0	0	0	0	1	1	0	1	0	2	2	0
58	0	0	0	0	0	0	0	1	1	0	1	1	1	1	1	1	0	0	0	1	0	0	0	0	1	1	0	0	0	0	1	1	0	1	1	0	0	0	0	0	0	1	1	0	1	1	1	0	0	0	0	0	0	0	0	0	0	0	0	1	1
59	0	0	0	0	0	0	0	1	1	0	1	0	1	0	1	0	0	0	0	0	0	0	0	0	0	0	0	0	0	0	0	0	0	0	0	0	0	1	1	0	0	2	2	0	2	2	2	0	0	0	0	0	0	0	0	0	0	0	2	2	0
60	0	1	1	1	1	1	2	2	2	1	2	0	2	2	2	2	0	0	0	2	1	2	0	0	1	1	1	1	0	0	2	1	1	2	2	0	1	1	0	0	1	2	2	0	2	2	2	1	1	1	1	1	1	1	1	1	2	0	2	2	0
61	0	1	0	0	0	0	0	0	1	0	0	0	0	0	0	0	0	0	0	0	0	0	0	0	0	1	0	0	0	0	1	1	0	1	1	0	0	1	1	1	0	2	2	0	2	2	2	0	0	1	1	1	1	1	1	0	1	0	1	2	0
62	0	0	0	0	0	0	0	0	1	0	1	1	1	0	1	0	0	0	0	0	0	0	0	0	0	0	0	0	0	0	0	0	0	0	0	0	0	1	1	1	0	2	2	0	2	2	2	0	0	0	0	1	1	1	1	0	1	0	1	2	0
63	0	0	0	0	0	0	0	1	1	0	1	1	1	0	1	0	0	0	0	0	0	0	0	0	0	1	0	0	0	0	0	1	0	0	0	0	0	1	1	0	1	2	2	0	2	2	2	1	1	1	1	1	1	1	0	0	1	0	1	2	0
64	0	1	1	1	1	1	1	2	2	0	2	2	2	2	2	2	0	1	0	2	1	1	0	0	1	1	0	0	0	1	2	2	0	2	2	1	0	2	2	0	1	2	2	0	2	2	2	0	0	0	0	0	0	0	0	2	0	0	2	2	0
65	0	0	0	1	1	0	0	2	2	0	2	2	2	2	2	2	0	1	0	1	0	1	0	0	1	2	1	1	0	2	2	2	1	1	1	0	1	2	1	0	0	2	2	0	2	2	2	0	1	1	1	1	1	1	0	0	0	0	2	2	0
66	0	0	0	0	0	0	0	1	1	0	1	1	1	0	1	0	0	0	0	1	0	0	0	0	0	0	0	0	0	0	1	0	0	0	0	0	0	0	0	0	0	2	2	0	2	1	1	0	0	0	0	0	0	0	0	0	0	0	1	2	0
67	0	0	0	0	0	0	0	2	2	0	2	0	2	0	2	0	0	0	0	0	0	0	0	0	0	0	0	0	0	0	1	0	0	0	0	0	0	0	0	0	0	2	2	0	2	2	2	0	0	0	0	0	0	0	0	0	0	0	1	1	0
68	0	0	0	1	1	0	0	1	1	0	1	1	1	0	1	0	0	0	0	0	0	0	0	0	0	0	0	0	0	0	0	0	0	0	0	0	0	0	0	0	0	1	1	0	1	0	0	0	0	0	0	0	0	0	0	1	0	0	1	1	1
69	0	0	0	0	0	0	0	1	0	0	1	1	1	0	2	1	0	0	0	0	0	0	0	0	0	0	1	0	0	0	0	0	0	0	0	0	0	0	0	0	1	1	1	0	1	1	1	1	0	1	0	1	1	1	1	1	1	1	2	2	0
70	0	0	0	0	0	0	0	2	2	0	2	2	2	1	2	2	0	0	0	1	0	0	0	0	0	1	0	0	0	0	0	0	0	1	1	0	1	1	1	1	1	1	1	0	1	1	1	0	0	1	0	1	1	1	1	0	1	1	1	2	0
71	0	0	0	0	0	0	0	0	0	0	0	0	1	0	2	1	0	0	0	0	0	1	0	0	0	0	0	0	0	0	0	0	0	0	0	0	0	0	0	0	0	2	2	0	1	1	1	0	0	0	0	1	1	1	1	1	1	0	0	1	0
72	0	2	1	1	1	1	0	2	2	0	2	2	2	1	2	2	0	0	0	1	1	1	0	0	2	2	0	1	0	1	2	2	0	2	2	0	1	1	1	0	0	2	2	0	2	2	2	0	0	0	0	0	0	0	0	1	0	0	2	2	0
73	0	1	1	0	0	0	0	2	2	0	2	2	2	1	2	1	0	0	0	2	1	0	0	0	1	2	1	1	0	1	2	2	0	1	1	0	1	2	2	1	1	2	2	0	2	2	2	0	0	0	1	1	1	1	1	0	1	0	2	2	0
74	0	0	0	0	0	0	0	1	0	0	0	1	0	0	0	0	0	0	0	0	0	0	0	0	0	0	0	0	0	0	0	0	0	0	0	0	0	0	0	0	0	1	1	0	1	1	1	1	0	1	0	1	1	1	1	0	1	1	0	1	0
75	0	0	0	0	0	0	0	2	2	0	2	2	2	0	2	0	0	0	0	1	0	0	0	0	0	0	0	0	0	0	0	2	0	0	0	0	0	2	1	0	0	2	2	0	2	2	2	2	0	0	0	2	2	2	2	1	2	2	0	2	0
76	0	0	0	0	0	0	0	1	1	0	1	1	1	0	1	0	0	0	0	0	0	0	0	0	0	0	0	0	0	0	0	0	0	0	0	0	0	0	0	0	0	1	1	0	1	1	1	0	0	0	0	0	0	0	0	0	1	0	1	1	0
77	0	1	0	0	0	0	0	1	1	0	1	1	1	0	1	1	1	0	0	0	0	0	0	0	0	0	0	0	0	0	0	0	0	0	0	0	0	0	0	0	0	2	2	0	1	0	0	0	0	0	0	0	0	0	0	0	0	0	0	0	0
78	0	1	1	1	1	0	1	2	2	0	2	1	2	2	2	2	0	0	0	2	1	0	0	0	1	0	0	0	0	0	1	1	0	2	2	0	0	1	1	0	1	2	2	0	2	2	2	0	0	0	0	1	1	1	1	1	1	0	2	2	0
79	0	0	0	0	0	0	0	1	1	0	1	1	1	1	1	0	0	0	0	1	1	0	0	0	0	0	0	0	0	0	1	1	0	0	0	0	0	0	0	0	0	1	1	0	1	1	1	0	0	0	0	0	0	0	0	0	1	0	0	1	0
80	0	0	0	0	0	0	0	2	2	0	2	2	2	0	2	0	0	0	0	0	0	0	0	0	0	0	0	0	0	0	0	0	0	0	0	0	0	0	0	0	0	2	2	0	2	0	0	0	0	0	0	0	0	0	0	0	0	0	0	2	0
81	0	0	0	0	0	0	0	0	1	0	1	1	1	0	1	0	0	0	0	0	0	0	0	0	0	0	0	0	0	0	1	1	0	0	0	0	0	0	0	0	0	1	1	0	1	1	1	0	0	0	0	0	0	0	0	0	0	0	1	1	1
82	0	0	0	0	0	0	0	1	1	0	1	1	1	0	1	0	0	0	0	0	0	0	0	0	0	1	0	0	0	0	1	1	0	0	0	0	0	2	2	1	0	1	1	0	1	0	0	0	0	1	0	1	0	0	0	0	0	0	1	2	1
83	0	0	0	0	0	0	0	0	1	0	1	1	1	0	1	0	0	0	0	0	0	0	0	0	0	0	0	0	0	0	0	0	0	0	0	0	0	0	0	0	0	1	1	0	1	1	1	0	0	0	0	0	0	0	0	0	0	0	0	1	1
84	0	0	0	0	0	0	0	0	1	0	1	1	1	0	1	0	0	0	0	0	0	0	0	0	0	0	0	0	0	0	0	0	0	0	0	0	0	0	0	0	0	1	1	0	1	1	1	0	0	0	0	0	0	0	0	0	0	0	1	1	1
85	0	0	0	0	1	0	1	1	1	0	1	1	1	0	1	0	0	0	0	0	0	0	0	0	0	0	0	0	0	0	0	0	0	0	0	0	0	1	1	0	0	1	1	0	1	0	0	0	0	0	0	0	0	0	0	0	0	0	1	1	1
86	0	0	0	0	0	0	0	2	2	0	2	2	2	0	1	2	0	0	0	1	1	1	0	0	1	1	0	0	0	0	1	1	0	1	1	0	0	1	1	1	1	2	2	0	2	2	2	0	0	0	0	0	0	0	0	0	0	0	1	2	0
87	0	0	0	0	1	0	2	2	2	0	2	2	2	0	2	1	0	1	0	2	1	2	0	0	0	0	0	0	0	0	1	1	0	0	1	0	0	1	1	0	1	2	2	0	2	1	1	0	0	0	0	0	0	0	0	0	0	0	2	2	1
88	0	0	0	0	0	0	0	1	1	0	1	0	1	0	1	0	0	0	0	0	0	0	0	0	0	0	0	0	0	0	1	0	0	0	0	0	0	0	0	0	1	1	1	0	1	0	0	0	0	0	0	0	0	0	0	0	0	0	1	1	1
89	0	0	0	0	0	0	0	1	2	0	2	2	2	0	2	2	0	1	0	1	1	0	0	0	0	1	0	0	0	0	1	1	0	0	0	0	0	0	0	0	0	2	2	0	2	2	2	0	0	0	0	0	0	0	0	0	0	0	2	2	0
90	0	0	0	0	0	0	1	2	2	0	2	2	2	0	2	0	0	0	0	1	0	1	0	0	0	1	0	0	0	0	1	1	0	1	1	0	0	1	1	0	0	2	2	0	2	2	2	0	0	0	0	0	0	0	0	0	0	0	1	2	0
91	0	0	0	0	0	0	0	2	2	0	2	2	2	0	2	0	0	0	0	0	0	0	0	0	0	0	0	0	0	0	0	0	0	0	0	0	0	0	0	0	0	2	2	0	2	2	2	0	0	0	0	0	0	0	0	0	0	0	0	2	0
92	0	0	0	0	0	0	0	1	1	0	1	1	1	0	1	0	0	0	0	0	0	1	0	0	0	2	0	0	0	0	1	1	0	1	1	0	0	2	2	0	0	2	2	0	2	2	2	0	0	0	0	0	1	0	0	1	0	0	2	2	0
93	0	0	0	1	1	0	0	2	2	0	2	0	2	1	2	2	0	0	0	2	0	2	0	0	1	2	0	0	0	1	2	2	0	2	2	0	0	2	2	0	0	2	2	0	2	2	2	0	0	1	1	1	1	1	1	0	1	0	2	2	0
94	0	0	0	0	0	0	0	2	2	0	2	2	2	0	2	2	0	0	0	0	0	0	0	0	0	1	0	0	0	0	0	1	0	1	1	0	0	1	1	0	0	2	2	0	2	2	2	0	2	1	1	1	1	0	0	0	0	0	2	2	0
95	0	1	1	1	2	1	1	2	2	0	2	0	2	2	1	2	1	0	0	2	1	1	0	0	1	1	0	1	0	0	2	2	0	2	2	2	2	2	2	2	0	2	2	0	2	2	2	0	1	0	0	0	1	1	1	0	0	0	2	2	0
96	0	0	0	0	0	0	1	1	1	0	1	0	1	0	1	0	0	0	0	0	0	0	0	0	0	0	0	0	0	0	0	0	0	0	0	0	0	0	0	0	0	2	2	0	2	1	1	0	0	0	0	0	0	0	0	1	0	1	2	2	0
97	0	0	0	0	0	0	0	1	1	0	1	1	1	0	1	0	0	0	0	1	0	0	0	0	0	1	0	0	0	0	2	2	0	2	2	0	1	2	2	2	0	2	2	0	2	2	2	1	0	0	0	1	1	0	0	0	0	0	2	2	0
98	0	0	0	0	0	0	1	2	1	0	2	0	2	0	1	0	0	1	0	1	1	1	0	0	0	1	0	0	0	0	1	1	0	0	0	0	0	0	0	0	0	1	1	0	1	0	0	0	0	0	0	0	0	0	0	0	0	0	0	1	0
99	0	0	0	0	0	0	1	2	2	0	2	0	2	1	2	1	0	1	0	1	0	1	0	0	0	1	0	0	0	0	0	1	0	0	0	0	0	0	0	0	0	2	2	0	2	2	2	0	0	0	0	0	0	0	0	0	0	0	0	2	0
100	0	0	0	0	1	0	1	2	2	0	2	2	2	1	2	1	0	0	0	2	1	0	0	0	1	2	0	0	0	0	1	1	0	1	1	0	0	1	1	0	0	2	2	0	2	2	2	0	0	0	0	0	0	0	0	0	1	0	2	2	0
101	0	0	0	0	0	0	0	2	2	0	2	1	2	0	2	0	0	0	0	0	0	0	0	0	0	0	0	0	0	0	2	1	0	0	0	0	0	1	1	0	0	2	2	0	2	2	2	0	0	0	0	0	0	0	0	0	0	0	1	2	0
102	0	0	0	0	0	0	0	2	2	0	2	1	2	0	2	0	0	0	0	0	0	0	0	0	0	0	0	0	0	0	0	0	0	0	0	0	0	1	1	0	0	2	2	0	2	1	1	0	0	0	0	0	0	0	0	1	0	0	2	2	0
103	0	1	1	0	0	0	0	2	2	0	2	1	2	1	2	2	0	0	1	1	1	0	0	0	2	2	0	0	0	1	2	2	0	1	1	0	0	1	1	0	0	2	2	0	2	2	2	0	0	0	0	0	1	0	1	1	0	0	2	2	0
104	0	0	0	0	1	0	0	2	2	0	2	2	2	1	1	1	0	0	0	0	0	1	0	0	2	2	0	0	0	0	2	2	0	1	1	0	0	2	2	0	0	2	2	0	2	2	2	0	0	0	0	0	0	0	0	0	0	0	2	2	0
105	0	2	2	2	2	2	2	2	2	0	2	2	2	1	2	2	0	0	0	1	1	0	0	0	1	1	0	0	0	0	1	1	0	1	1	0	0	1	1	0	0	2	2	0	2	2	2	0	0	0	0	0	0	0	0	0	0	0	1	2	1
106	0	1	1	0	1	1	1	2	2	0	2	2	2	2	2	2	1	1	0	2	2	1	0	0	2	2	0	1	0	2	2	1	0	2	2	0	0	2	2	2	2	2	2	0	2	2	2	0	0	0	0	0	0	0	0	0	0	0	2	2	0
107	0	1	1	1	2	1	0	2	2	0	2	2	2	0	1	2	0	0	0	1	0	0	0	0	2	2	0	0	0	0	2	1	0	2	2	1	1	2	2	0	0	1	1	0	1	1	1	0	0	1	0	1	1	1	1	0	1	0	1	2	0
108	0	1	1	1	1	1	1	2	2	0	2	0	2	1	2	2	0	1	0	1	1	0	0	0	1	1	0	0	0	0	1	1	0	2	2	0	0	2	2	0	0	2	2	0	2	2	2	0	0	0	0	0	0	0	0	0	0	0	2	2	0
109	0	0	0	0	1	0	0	0	0	0	0	0	0	0	0	0	0	0	0	0	0	0	0	0	0	0	0	0	0	0	0	0	0	0	0	0	0	0	0	0	0	1	1	0	1	1	1	0	0	0	0	0	0	1	0	0	0	0	1	1	0
110	0	0	0	0	0	0	1	2	2	0	2	2	2	0	2	1	0	1	0	2	1	1	0	0	1	1	0	0	0	1	1	2	0	2	2	0	1	2	1	1	0	2	2	0	2	2	2	0	1	0	0	0	1	0	0	1	0	0	1	2	0
111	0	0	0	0	0	0	0	1	1	0	1	2	2	0	2	0	0	0	0	0	0	0	0	0	1	1	0	0	0	0	2	2	0	0	0	0	0	1	1	0	0	2	2	0	2	2	2	0	1	0	0	0	0	0	0	0	0	0	2	2	0
112	0	0	0	0	0	0	0	1	1	0	1	1	1	1	1	1	0	0	0	1	0	0	0	0	0	0	1	0	0	0	0	0	0	0	0	0	0	0	0	0	0	1	1	0	0	0	0	0	1	0	0	0	0	0	0	0	0	0	1	1	0
113	0	0	0	0	0	0	0	0	1	0	1	1	1	0	1	0	0	0	0	0	0	0	0	0	0	0	0	0	0	0	0	0	0	0	0	1	1	1	1	0	1	2	2	0	2	2	2	0	0	0	0	1	0	0	0	1	0	0	2	2	0
114	0	0	1	0	1	0	0	2	2	0	2	2	2	0	2	1	0	1	0	1	1	1	0	0	0	0	0	0	0	0	0	0	0	0	0	0	0	0	0	0	0	1	1	0	1	1	1	2	0	2	0	2	2	2	2	1	2	2	1	2	0
115	0	0	0	0	0	0	0	0	1	0	1	0	0	0	0	0	0	0	0	0	0	0	0	0	0	1	0	0	0	0	0	0	0	0	0	0	0	0	0	0	0	1	1	0	0	0	0	0	0	0	0	0	0	0	0	0	0	0	0	1	0
117	0	0	0	0	0	0	0	1	1	0	1	1	1	1	1	1	0	0	0	0	0	0	0	0	1	0	0	0	0	0	1	1	0	1	1	0	0	2	2	1	0	2	2	0	2	2	2	2	0	1	2	2	2	2	2	0	2	1	1	2	0
118	0	0	1	1	1	0	1	2	2	0	2	1	2	1	2	1	0	1	0	1	0	0	0	0	0	0	1	0	0	0	1	1	0	0	1	0	1	1	0	0	0	2	2	0	2	2	2	0	1	0	0	0	0	0	0	1	0	0	2	2	1
119	0	0	0	0	0	0	0	0	0	0	1	0	1	0	1	0	0	0	0	1	0	0	0	0	1	1	1	0	0	0	2	0	0	1	1	0	0	2	2	1	0	1	2	0	2	2	2	1	1	1	1	2	2	2	2	0	0	1	1	2	0
120	0	0	1	1	1	1	0	2	2	0	2	2	2	0	2	1	0	1	0	1	1	1	0	0	0	1	0	0	0	1	2	2	0	2	2	0	0	2	2	0	0	2	2	0	2	2	2	0	0	0	0	0	1	1	1	0	0	0	2	2	0
121	0	0	0	0	1	1	1	2	2	0	2	2	2	2	2	2	0	0	0	1	0	0	0	0	1	1	0	0	0	0	1	2	0	2	2	0	0	2	2	1	0	2	2	0	2	2	2	0	1	0	0	0	0	0	0	0	0	0	1	2	0
122	0	0	0	0	1	1	0	2	2	0	2	1	2	0	2	1	0	0	0	0	0	0	0	0	0	0	0	0	0	0	0	0	0	0	0	0	0	0	0	0	0	1	1	0	1	1	1	0	0	0	0	0	0	0	0	0	0	0	1	1	0
123	0	0	0	0	0	0	1	2	2	0	1	1	2	0	2	1	0	0	0	1	1	1	0	0	1	2	1	0	0	1	2	2	0	2	2	0	1	1	1	1	0	2	2	0	2	2	2	0	0	0	0	0	0	1	1	1	1	0	2	2	0
124	0	0	0	0	0	0	0	2	2	0	2	2	2	0	2	0	0	0	0	0	0	0	0	0	0	0	0	0	0	0	0	0	0	0	0	0	0	0	0	0	0	2	2	0	2	0	0	0	0	0	0	0	0	0	0	0	0	0	0	2	0
125	0	0	1	1	1	1	0	2	2	0	2	2	2	1	2	1	0	0	0	1	0	0	0	0	0	2	0	0	0	1	2	1	0	1	1	0	1	1	0	0	0	2	2	0	2	2	2	0	0	1	1	1	1	0	0	1	0	0	2	2	0
126	0	1	0	0	0	0	0	1	1	0	1	1	1	0	1	0	1	0	0	0	0	0	0	0	0	0	0	0	0	0	0	0	0	0	0	0	0	0	0	0	0	2	2	0	1	0	0	0	0	0	0	0	0	0	0	0	0	0	0	1	0
127	0	0	0	0	0	0	0	1	1	0	1	0	1	0	1	0	0	0	0	0	0	0	0	0	0	0	0	0	0	0	0	0	0	0	0	0	0	0	0	0	0	0	0	0	0	0	0	0	0	0	0	0	0	0	0	0	0	0	1	1	1
128	0	0	0	0	0	0	0	1	1	0	1	1	1	0	1	1	0	0	0	0	0	0	0	0	0	0	0	0	0	0	0	0	0	0	0	0	0	0	0	0	0	1	1	0	1	1	1	0	0	0	0	0	0	0	0	0	0	0	1	2	0
129	0	0	0	0	0	0	0	2	2	0	2	2	2	0	2	0	0	0	0	0	0	0	0	0	0	0	0	0	0	0	0	1	0	0	0	0	0	0	0	0	0	2	2	0	1	2	2	1	0	0	0	1	1	1	1	0	1	0	1	2	0
130	0	0	0	0	0	0	0	0	1	0	0	1	1	1	1	0	0	0	0	0	0	0	0	0	0	1	0	0	0	0	1	1	0	0	0	0	0	0	0	0	0	2	2	0	1	1	1	0	0	0	0	0	0	0	0	0	0	0	0	1	0
131	0	0	0	0	0	0	0	2	2	0	2	2	2	0	2	0	0	0	0	0	0	0	0	0	0	0	0	0	0	0	0	1	0	1	1	0	0	1	1	1	1	2	2	0	2	2	2	2	2	2	2	2	2	2	2	0	2	1	2	2	0
132	0	0	0	0	0	0	0	1	1	0	1	1	1	0	1	0	0	0	0	0	0	0	0	0	0	1	0	0	0	0	2	2	0	0	0	0	0	0	0	0	0	2	2	0	1	1	1	0	0	0	0	0	0	0	0	1	0	0	1	1	0
133	0	0	0	1	0	0	0	1	1	0	1	1	1	0	1	0	0	0	0	0	0	0	0	0	0	0	0	0	0	0	0	0	0	0	0	0	0	0	0	0	0	1	1	0	1	1	1	0	0	0	0	0	0	0	0	0	0	0	2	2	0
134	0	0	0	0	0	0	0	1	1	0	1	1	1	0	1	0	0	0	0	1	0	0	0	0	0	0	0	0	0	1	1	1	0	0	0	0	0	1	1	0	1	1	1	0	1	1	1	0	1	0	0	0	0	0	0	0	0	0	1	1	1
135	0	0	0	1	1	0	0	2	2	0	2	1	2	1	2	2	0	0	0	2	1	1	0	0	1	1	1	1	0	1	1	1	0	1	1	0	0	1	1	1	0	2	2	0	2	2	2	1	1	0	0	1	1	1	1	0	0	0	2	2	0
136	0	0	0	0	0	0	1	2	1	0	1	1	1	0	1	0	0	0	0	0	0	0	0	0	0	0	0	0	0	0	0	0	0	0	0	0	0	0	0	0	0	2	2	0	1	1	0	0	0	0	0	0	0	0	0	0	0	0	0	0	0
137	0	0	0	0	0	0	0	0	1	0	1	1	1	0	1	0	0	0	0	0	0	0	0	0	0	0	0	0	0	0	1	0	0	0	0	0	0	0	0	0	0	0	0	0	1	1	1	0	0	0	0	0	0	0	0	0	0	0	0	1	0
138	0	0	0	0	0	0	1	1	1	0	1	1	1	0	1	0	0	0	0	0	0	0	0	0	0	0	0	0	0	0	0	1	0	0	0	0	0	0	0	0	0	2	2	0	2	2	2	0	1	1	1	1	1	1	1	1	1	0	2	2	0
139	0	0	0	0	0	0	2	2	2	0	2	2	2	1	2	2	0	1	0	2	1	2	0	0	1	1	0	0	0	1	1	1	0	1	1	0	0	0	0	0	0	2	2	0	2	2	2	0	0	0	0	0	0	0	0	0	0	0	2	2	0
140	0	0	0	0	0	0	0	2	2	0	2	2	2	1	2	2	0	1	0	2	0	1	0	0	0	1	0	0	0	0	2	0	0	0	0	0	0	2	2	0	0	2	2	1	2	2	2	1	1	1	1	1	1	1	1	2	1	1	2	2	0
141	0	0	0	0	0	0	0	0	0	0	0	0	0	0	0	0	0	0	0	0	0	0	0	0	0	0	1	0	0	0	0	1	0	0	0	0	0	0	0	0	0	0	0	0	0	0	0	0	0	1	0	1	0	0	0	0	0	0	1	1	0
142	0	0	0	0	0	0	0	2	2	0	2	2	2	0	2	0	0	0	0	0	0	0	0	0	0	0	0	0	0	0	0	0	0	0	0	0	0	1	0	0	0	1	1	0	1	0	0	0	0	0	0	0	0	0	0	1	0	0	2	2	0
143	0	0	0	0	0	0	1	2	2	0	2	1	2	0	2	1	0	0	0	2	1	1	0	0	1	1	0	0	0	0	1	1	0	1	1	0	0	1	1	0	0	2	2	0	2	2	2	1	0	1	1	1	1	1	1	1	1	1	2	2	0
144	0	0	0	0	0	0	0	0	0	0	0	0	0	0	1	0	0	0	0	0	1	0	0	0	0	0	0	0	0	0	0	0	0	0	0	0	0	0	0	0	0	1	1	0	1	0	0	0	0	0	0	0	0	0	0	0	0	0	0	1	1
145	0	0	0	0	1	1	0	2	2	0	2	0	2	0	2	1	0	0	0	1	1	1	0	0	1	2	0	1	0	0	1	1	0	1	1	0	1	1	1	1	0	2	2	0	2	2	2	0	0	1	1	1	1	1	0	0	0	0	1	2	0
146	0	0	0	0	0	0	1	1	2	0	1	2	1	1	0	0	0	0	0	0	0	0	0	0	0	2	0	0	0	0	2	1	0	1	1	0	0	0	0	0	0	2	2	0	2	2	2	0	0	0	0	0	0	2	2	2	1	0	2	2	0
147	0	0	0	0	0	0	0	2	1	0	2	2	2	2	1	1	0	0	0	1	1	1	0	0	2	2	0	1	0	0	2	2	0	2	2	0	0	2	2	0	1	2	2	0	2	2	2	0	0	0	0	0	0	0	0	0	0	0	2	2	0
148	0	0	0	0	0	0	0	1	1	0	1	1	1	0	1	0	0	0	0	0	0	0	0	0	0	0	0	0	0	0	0	0	0	0	0	0	0	0	0	0	0	1	1	0	1	1	1	0	0	0	0	0	0	0	0	0	1	1	0	1	0
149	0	0	1	0	0	0	0	1	1	0	1	1	1	0	1	1	0	0	0	1	0	0	0	0	0	1	0	0	0	0	0	0	0	0	0	0	0	0	0	0	1	1	1	0	1	1	1	0	0	0	0	0	0	0	0	1	0	0	1	1	1
150	0	0	0	0	0	0	0	1	1	0	1	0	0	0	0	0	0	0	0	0	0	0	0	0	0	0	0	0	0	0	1	0	0	1	1	0	0	1	1	0	0	1	1	0	1	1	1	0	0	0	0	0	0	0	0	0	0	0	1	1	2
151	0	0	0	0	0	0	0	2	2	0	2	2	2	1	2	1	0	0	0	1	1	0	0	0	2	2	0	0	0	0	2	2	0	1	1	0	0	2	2	0	0	2	2	0	2	2	2	0	0	0	0	0	0	0	0	0	0	0	2	2	0
152	0	0	0	0	0	0	0	0	1	0	1	1	0	0	0	0	0	0	0	0	0	0	0	0	0	0	0	0	0	0	0	0	0	0	0	0	0	0	0	0	0	1	1	0	1	1	1	0	0	0	0	0	0	0	0	0	0	0	0	1	0
153	0	1	1	1	1	1	1	2	2	0	2	1	2	0	2	0	0	0	0	0	0	0	0	0	0	0	0	0	0	0	1	0	0	0	0	0	0	0	0	1	0	2	2	0	2	2	2	0	0	0	0	1	0	0	0	1	0	1	2	2	0
154	0	0	0	0	0	0	1	2	2	0	1	2	1	0	1	0	0	0	0	0	0	0	0	0	0	1	0	0	0	0	0	0	0	0	0	0	0	0	0	0	0	1	1	0	1	1	1	0	0	0	0	0	0	0	0	0	0	0	0	1	0
155	0	0	0	0	0	0	0	2	2	0	1	1	1	0	1	0	0	0	0	0	0	0	0	0	0	0	0	0	0	0	0	0	0	1	1	0	1	1	1	0	0	2	2	0	2	2	2	0	0	0	0	0	0	0	0	0	0	0	2	2	0
156	0	1	1	0	1	0	0	2	2	0	2	2	2	2	2	2	0	0	0	1	1	1	0	0	0	0	0	0	0	0	0	2	0	2	2	0	0	2	1	1	0	2	2	0	2	2	2	0	0	0	0	1	0	1	0	0	0	0	2	2	0
157	0	0	0	1	0	0	0	2	2	0	2	1	2	0	2	2	0	0	0	0	0	0	0	0	0	0	0	0	0	0	1	0	0	0	0	0	0	0	0	0	0	2	2	0	2	2	2	1	0	0	0	1	1	1	1	0	1	0	1	2	0
158	0	0	0	0	0	0	0	2	2	0	2	2	2	1	2	1	0	0	0	0	0	0	0	0	0	1	0	0	0	0	0	1	0	0	0	0	0	0	0	0	1	2	2	0	2	2	1	0	0	0	0	0	0	0	0	0	0	0	1	2	0
159	0	1	1	2	2	0	0	2	2	0	2	1	2	2	2	2	0	2	0	2	2	2	0	0	1	1	0	0	0	0	1	0	0	0	0	0	0	2	2	0	0	2	2	0	2	2	2	0	0	0	0	0	0	0	0	0	0	0	2	2	0
160	0	0	0	0	1	0	0	2	2	0	2	2	2	1	2	1	0	1	0	1	1	1	0	0	1	1	0	0	0	1	1	2	0	0	1	0	0	1	1	0	0	2	2	0	2	2	2	0	0	0	0	0	0	0	0	0	0	0	1	2	0
161	0	0	0	0	0	0	1	1	1	0	1	0	1	1	1	1	0	0	0	0	0	0	0	0	0	0	0	0	0	0	0	0	0	0	0	0	0	0	0	0	0	1	1	0	1	1	1	0	0	0	0	0	0	0	1	0	0	0	0	1	1
162	0	0	0	1	1	1	1	2	1	0	2	1	1	0	1	1	0	0	0	1	0	0	0	0	0	1	0	0	0	0	1	1	0	0	0	0	0	0	0	0	0	1	1	0	0	0	0	0	0	1	0	0	0	0	0	1	0	0	1	1	0
163	0	0	0	1	1	1	0	1	1	0	1	1	1	0	1	0	0	0	0	0	0	0	0	0	0	0	1	0	0	1	1	1	1	2	2	0	1	2	1	0	0	2	2	0	2	2	2	0	0	0	0	0	0	0	0	0	1	0	2	2	0
164	0	0	1	0	0	0	1	2	2	0	2	0	2	1	1	1	0	1	0	1	1	1	0	0	1	1	0	0	0	0	1	1	0	0	0	0	0	0	0	0	0	0	0	0	0	0	0	0	0	0	0	0	0	0	0	0	0	0	2	2	0
165	0	0	0	0	0	0	2	2	2	0	2	2	2	1	2	2	0	0	0	2	0	2	0	0	0	1	1	0	0	0	1	2	0	1	1	0	0	1	0	0	0	2	2	0	2	2	2	0	0	0	0	0	0	0	0	0	0	0	2	2	0
166	0	0	0	0	0	0	1	1	1	0	1	1	1	0	1	0	0	0	0	0	0	0	0	0	0	0	0	0	0	0	0	0	0	0	0	0	0	0	0	0	0	1	1	0	1	1	1	0	0	0	0	0	0	0	0	1	0	0	1	1	1
167	0	0	0	0	0	0	0	1	1	0	1	0	1	0	1	0	0	0	0	0	0	0	0	0	1	0	0	0	0	0	1	1	0	0	0	0	0	0	0	0	0	0	0	0	1	0	0	0	0	0	0	0	0	0	0	0	0	0	1	2	2
168	0	1	0	1	1	0	2	2	2	0	2	2	2	0	2	1	0	0	0	1	1	1	0	0	1	2	0	0	0	0	1	2	0	2	2	0	0	2	2	0	0	2	2	0	2	2	2	1	0	1	1	1	1	1	1	1	1	0	2	2	0
169	0	0	0	0	0	0	0	2	2	0	2	1	2	1	2	1	0	0	0	1	1	1	0	0	0	1	0	0	0	1	1	1	0	1	1	0	0	1	0	0	0	1	1	0	1	1	1	0	0	0	0	0	0	1	1	0	1	0	1	2	0
170	0	0	0	0	0	0	0	1	1	0	1	1	1	0	1	0	0	0	0	0	1	0	0	0	0	0	0	0	0	0	1	1	0	2	2	0	0	1	1	0	2	2	2	0	2	2	2	0	0	0	0	0	0	0	0	0	0	0	2	2	1
171	0	0	0	1	1	0	1	1	1	0	1	1	1	0	1	0	0	0	0	0	0	0	0	0	1	1	0	0	0	0	1	1	0	1	1	0	0	1	1	0	0	1	1	0	1	0	0	0	0	1	0	0	1	0	0	1	0	1	1	2	0
172	0	1	2	1	1	1	1	2	2	0	2	2	2	0	2	2	0	1	0	2	1	1	0	0	1	1	0	1	0	1	1	1	0	1	1	0	1	2	1	1	0	2	2	0	2	2	2	0	1	1	1	1	1	0	0	1	0	0	2	2	0
173	0	0	0	0	0	0	0	1	1	0	1	1	1	0	1	0	1	0	0	0	0	0	0	0	0	0	0	0	0	0	1	1	0	1	1	0	0	0	0	0	1	2	1	0	1	0	0	0	0	0	0	0	0	0	0	0	1	0	1	1	1
174	0	1	1	1	1	1	0	1	1	0	1	1	1	0	1	0	0	0	0	0	0	0	0	0	0	1	0	0	0	1	1	1	0	0	0	0	0	0	0	0	0	2	2	0	2	2	2	0	0	0	0	0	0	0	0	0	0	0	2	2	0
175	0	0	0	0	1	1	0	2	2	0	2	2	2	1	2	1	0	0	0	1	1	2	0	0	1	1	0	0	0	0	2	2	0	1	1	0	0	1	1	0	0	2	2	0	2	2	2	0	0	1	1	1	1	0	1	0	0	0	2	2	0
176	0	0	0	0	0	0	0	0	1	0	1	0	1	0	1	0	0	0	0	0	0	0	0	0	0	0	0	0	0	0	0	0	0	0	0	0	0	0	0	0	0	0	0	0	0	0	0	0	0	0	0	0	0	0	0	1	0	0	1	1	0
177	0	0	0	0	0	0	0	2	2	0	2	1	2	0	2	2	0	0	0	2	1	1	0	0	1	0	0	0	0	0	1	2	0	1	1	0	0	2	2	0	0	2	2	0	2	2	2	0	0	0	0	0	0	0	0	0	0	0	2	2	0
178	0	0	0	0	0	0	0	2	2	0	2	2	2	1	2	2	0	0	0	1	0	1	0	0	1	1	0	0	0	0	1	2	0	0	0	0	0	1	1	1	0	2	2	0	2	2	2	1	0	2	2	2	2	2	2	0	1	0	2	2	0
179	0	0	0	0	1	0	0	1	1	0	1	1	1	0	1	0	0	0	0	0	0	0	0	0	0	0	0	0	0	0	0	0	0	0	0	0	0	0	0	0	0	1	1	0	1	1	1	0	0	0	0	0	0	0	0	0	0	0	1	1	1
180	0	0	0	0	0	0	0	0	0	0	1	1	1	0	1	0	0	0	0	0	0	0	0	0	0	1	0	0	0	0	0	0	0	0	0	0	0	0	0	0	0	1	1	0	1	1	1	0	0	0	0	0	0	0	0	0	0	0	0	1	0
181	0	0	0	0	0	0	0	1	1	0	1	0	1	0	1	0	0	0	0	0	0	0	0	0	0	0	0	0	0	0	0	0	0	0	0	0	0	1	1	0	0	1	1	0	1	1	1	0	0	0	0	0	0	0	0	0	0	0	1	2	0
182	0	0	0	0	0	0	0	0	1	0	1	1	1	0	1	0	0	0	0	0	0	0	0	0	0	0	0	0	0	0	0	0	0	0	0	0	0	0	0	0	0	1	1	0	1	1	1	0	0	0	0	0	0	0	0	0	0	0	0	1	0
183	0	0	0	1	1	1	0	2	2	0	2	1	2	2	2	2	0	1	0	1	0	2	0	1	2	2	0	0	0	0	2	1	0	1	1	0	1	2	2	0	1	2	2	0	2	2	2	0	0	0	0	1	1	0	1	1	0	0	2	2	0
184	0	0	0	0	0	0	0	1	1	0	1	1	1	0	1	0	1	0	0	1	0	0	0	0	0	0	0	0	0	0	0	0	0	1	0	0	0	0	0	0	0	1	1	0	1	1	1	1	0	0	0	0	0	0	0	0	0	0	2	2	0
185	0	0	0	1	1	0	0	2	2	0	2	2	2	0	2	1	0	0	0	2	0	0	0	0	0	0	0	0	0	0	1	1	0	0	0	0	0	2	1	1	0	2	2	0	2	2	2	1	1	2	1	2	1	2	2	1	1	1	2	2	0
186	0	0	0	0	0	0	0	1	1	0	1	1	1	0	1	0	0	0	0	1	0	1	0	0	2	2	0	0	0	0	2	2	0	2	2	0	0	1	1	0	0	2	2	0	2	2	2	0	0	0	0	0	0	0	0	0	0	0	2	2	0
187	0	0	1	0	0	0	2	1	1	0	0	0	0	0	1	0	0	0	0	1	0	0	0	0	0	0	0	0	0	0	0	0	0	0	0	0	0	0	0	0	0	1	1	0	1	0	0	0	0	0	0	0	0	0	0	0	0	0	0	1	0
188	0	0	0	0	0	0	0	0	1	0	1	1	1	0	1	0	0	0	0	0	0	0	0	0	0	0	0	0	0	0	0	0	0	0	0	0	0	0	0	0	0	0	0	0	0	0	0	0	0	0	0	0	0	0	0	0	0	0	0	0	0
189	0	1	1	1	1	0	1	2	2	0	2	1	1	0	2	0	0	0	0	0	0	0	0	0	0	1	0	0	0	0	1	1	0	0	0	0	0	1	1	0	0	2	2	0	2	2	2	0	0	0	0	0	0	0	0	0	0	0	2	2	0
190	0	1	1	1	1	1	1	0	1	0	0	0	0	0	0	0	0	0	0	0	0	0	0	0	0	0	0	0	0	0	2	0	0	0	0	0	0	1	1	0	0	2	2	0	2	2	2	0	0	0	0	0	1	0	0	1	0	0	2	2	0
191	0	0	0	0	0	0	0	2	2	0	2	2	2	0	2	2	0	1	0	0	0	0	0	0	1	0	0	0	0	0	1	1	0	1	1	0	0	1	1	1	0	2	2	0	2	2	2	2	1	2	2	2	2	2	1	1	2	0	2	2	0
192	0	0	0	0	0	0	0	0	1	0	1	1	1	0	1	0	0	0	0	0	0	0	0	0	0	0	0	0	0	0	0	0	0	0	0	0	0	0	0	0	0	1	1	0	1	0	0	0	0	0	0	1	0	0	0	0	1	0	1	2	0
193	0	0	0	0	0	0	0	1	1	0	1	1	1	0	1	0	0	0	0	0	0	0	0	0	0	0	0	0	0	0	0	0	0	0	0	0	0	0	0	0	0	1	1	0	1	0	0	1	0	0	1	1	1	0	0	0	0	0	1	1	0
194	0	0	0	0	0	0	0	0	1	0	1	1	1	0	1	0	0	0	0	0	0	0	0	0	0	0	0	0	0	0	0	1	0	0	0	0	0	0	0	0	0	1	1	0	1	1	1	0	0	0	0	0	0	0	0	0	0	0	0	1	1
195	0	0	0	0	0	0	0	1	2	0	2	1	2	0	2	0	0	0	0	1	1	0	0	0	0	0	0	0	0	0	0	0	0	0	0	0	0	0	0	0	1	2	2	0	2	2	2	2	0	2	1	2	2	2	2	1	2	0	1	2	0
196	0	0	0	0	0	0	0	2	1	0	2	2	2	0	2	0	0	0	0	0	0	0	0	0	0	0	0	0	0	0	0	0	0	1	1	0	0	0	0	0	0	2	2	0	2	2	2	2	2	2	2	2	2	2	2	1	2	1	2	2	0
197	0	0	0	0	0	0	1	2	2	0	2	1	2	0	2	0	0	0	0	1	0	0	0	0	0	0	0	0	0	0	1	0	0	1	1	0	0	1	1	0	0	2	2	0	2	2	2	2	0	2	1	2	2	2	2	1	2	0	2	2	0
198	0	0	0	0	0	0	0	2	2	0	2	2	2	0	2	0	0	0	0	0	0	0	0	0	0	0	0	0	0	0	0	1	0	0	0	0	0	1	1	0	0	2	2	0	2	2	2	1	0	2	2	2	2	2	2	1	2	1	1	2	0
199	0	0	0	0	0	0	0	0	2	0	2	2	1	0	2	0	0	0	0	0	0	0	0	0	0	0	0	0	0	0	0	0	0	0	0	0	0	0	0	0	0	1	1	0	1	0	0	0	0	0	0	0	0	1	1	1	1	0	0	2	0
200	0	1	1	2	2	1	2	2	2	0	2	0	2	2	2	2	0	2	0	2	2	2	0	0	0	0	0	0	0	0	1	1	0	0	1	0	0	1	1	0	0	2	2	0	2	2	2	0	0	0	0	0	0	0	0	1	0	0	2	2	2
201	0	0	0	0	0	0	0	2	2	0	2	1	2	0	1	0	0	0	0	0	0	0	0	0	0	0	0	0	0	0	1	0	0	1	1	1	1	2	1	2	1	2	2	0	2	2	2	2	0	2	2	2	2	2	2	2	2	1	2	2	0
202	0	0	0	0	0	0	0	2	2	0	2	2	2	0	2	2	0	0	0	1	0	0	0	0	0	0	0	0	0	0	0	1	0	0	0	0	0	1	1	0	0	2	2	0	2	2	2	1	0	1	1	2	2	2	2	2	2	1	1	2	0
203	0	1	1	1	1	1	0	2	2	0	2	0	2	0	2	2	0	0	0	1	0	0	0	0	0	0	0	0	0	0	0	1	0	0	0	0	0	1	0	0	0	2	2	0	2	1	1	0	0	0	0	0	0	0	0	1	0	0	2	2	0
204	0	0	0	0	0	0	1	0	1	0	1	1	1	1	1	0	0	0	0	1	0	0	0	0	0	0	0	0	0	0	1	0	0	0	0	0	0	0	0	0	0	1	1	0	1	1	1	0	0	0	0	0	0	0	0	1	0	0	0	1	1
205	0	0	0	0	0	0	2	2	2	0	2	1	2	2	2	2	0	1	0	2	1	1	0	0	2	1	1	0	0	2	2	2	0	2	2	0	1	2	2	0	1	2	2	1	2	2	2	0	0	0	0	0	0	1	1	1	1	0	2	2	0
206	0	0	0	0	0	0	1	2	2	0	2	2	2	2	2	2	0	1	0	2	0	1	0	0	1	2	0	0	0	0	2	1	0	0	0	0	0	2	2	0	1	2	2	0	2	2	2	0	2	1	1	0	2	1	1	1	1	0	2	2	0
207	0	0	0	1	0	0	0	0	1	0	1	1	1	0	1	0	0	0	0	0	0	0	0	0	0	0	0	0	0	0	0	0	0	1	1	0	0	0	0	0	1	1	1	0	1	1	1	0	0	0	0	0	0	0	0	0	0	0	1	1	1
208	0	1	1	1	1	1	1	2	2	0	2	2	2	0	2	1	0	1	0	1	1	1	0	0	1	1	0	0	0	0	2	2	0	2	2	0	0	2	2	0	0	2	2	0	1	1	1	0	1	0	0	0	0	0	0	0	0	0	2	2	0
209	0	0	0	0	0	0	0	0	0	0	0	0	0	0	0	0	0	0	0	0	0	0	0	0	0	0	0	0	0	0	0	0	0	0	0	0	0	0	0	0	0	1	1	0	1	1	1	1	1	1	1	1	1	2	2	1	1	0	1	2	0
210	0	0	0	0	0	0	1	2	2	0	2	2	2	1	2	2	0	1	0	2	1	1	0	0	2	1	0	0	0	1	1	2	0	2	2	0	0	2	2	0	0	2	2	0	2	2	2	0	0	0	0	0	0	0	0	1	0	0	2	2	0
211	0	0	0	0	0	0	0	1	1	0	1	1	1	0	1	0	0	0	0	1	0	0	0	0	0	0	1	0	0	0	0	0	0	0	0	0	0	0	0	0	0	1	1	0	1	1	1	1	0	0	0	1	1	1	1	1	1	1	1	1	0
212	0	0	0	0	0	0	0	2	2	0	2	2	2	1	2	1	0	0	0	2	0	0	0	0	0	0	0	0	0	0	0	0	0	0	0	0	0	0	0	0	0	2	2	0	2	1	1	1	1	1	1	1	1	1	1	0	1	0	1	2	0
213	0	0	1	0	0	0	0	2	2	0	2	2	2	0	2	0	0	0	0	0	0	0	0	0	0	0	0	0	0	0	0	1	0	0	0	0	0	0	0	0	0	2	2	0	1	1	1	0	0	0	0	1	1	1	1	1	2	1	1	2	0
214	0	0	0	0	0	0	0	1	1	0	2	0	2	0	2	0	0	0	0	0	0	0	0	0	0	1	0	0	0	0	0	0	0	0	0	0	0	0	0	0	0	1	1	0	1	1	1	1	0	1	1	1	1	1	1	0	1	0	2	2	0
215	0	0	0	1	1	1	0	2	2	0	2	2	2	0	2	2	0	1	0	1	1	1	0	0	1	1	0	0	1	0	0	2	0	0	0	0	0	1	1	1	0	2	2	0	2	2	2	1	0	2	2	2	2	2	2	1	2	2	2	2	0
216	0	0	0	0	0	0	0	2	2	0	1	1	1	0	0	0	0	0	0	0	0	0	0	0	0	0	0	0	0	0	1	0	0	1	1	0	0	0	0	0	0	2	2	0	1	1	1	0	0	0	0	0	0	0	0	0	0	0	0	1	0
217	0	0	0	0	0	0	1	2	2	0	1	1	1	0	1	0	0	0	0	0	0	0	0	0	0	0	0	0	0	0	0	1	0	0	0	0	0	0	0	0	0	2	2	0	2	2	2	0	0	0	0	0	0	1	0	0	0	0	1	2	0
218	0	0	0	0	0	0	0	0	1	0	1	1	1	0	1	0	0	0	0	0	0	0	0	0	0	0	0	0	0	0	0	0	0	0	0	0	0	0	0	0	1	1	1	0	1	1	1	0	0	0	0	0	0	0	0	2	0	0	1	1	0
219	0	0	1	0	0	0	0	1	1	0	1	1	1	0	1	0	0	0	0	1	0	0	0	0	0	1	0	0	0	0	0	0	0	0	0	0	0	0	0	0	0	1	1	0	1	1	1	0	0	0	0	0	0	0	0	1	0	0	1	1	1
220	0	1	1	2	0	0	0	2	2	0	2	2	2	0	2	1	0	0	0	1	1	0	0	0	0	0	0	0	0	0	0	0	0	0	0	0	0	0	0	0	0	0	0	0	0	0	0	0	0	0	0	0	0	0	0	0	0	0	1	2	0
222	0	0	0	0	0	0	0	2	2	0	2	2	2	0	2	1	0	0	0	1	0	0	0	0	0	0	0	0	0	0	0	1	0	1	1	0	0	0	0	0	2	2	2	0	2	2	2	0	1	0	0	0	0	0	0	1	0	0	2	2	0
223	0	0	0	0	1	1	0	2	2	0	2	1	2	1	2	2	0	0	0	1	1	1	0	0	0	0	0	0	0	0	1	1	0	1	1	0	0	1	1	0	0	2	2	0	2	2	2	0	0	1	0	0	1	0	0	2	0	0	2	2	0
224	0	0	0	1	1	0	1	2	2	0	2	1	2	1	2	2	0	1	0	1	0	2	0	0	0	0	0	0	0	0	0	1	0	2	2	0	2	2	2	2	2	2	2	0	2	2	2	1	1	0	0	0	0	1	0	0	0	0	2	2	0
225	0	0	0	0	0	0	0	1	1	0	1	1	1	0	1	0	0	0	0	0	0	0	0	0	0	0	0	0	0	0	0	0	0	0	0	0	0	1	1	0	0	1	1	0	1	1	1	0	0	0	0	0	0	0	0	1	0	0	1	1	0
226	1	0	0	1	1	0	2	2	2	0	2	2	2	1	2	2	0	2	0	2	0	2	0	0	0	0	0	0	0	0	0	1	0	0	0	0	0	2	2	1	1	2	2	0	2	2	2	0	0	0	0	0	1	0	0	1	1	0	1	2	0
227	0	0	0	0	0	0	0	1	1	0	1	0	1	0	1	0	0	0	0	0	0	0	0	0	0	0	0	0	0	0	0	0	0	0	0	0	0	0	0	0	0	1	1	0	1	0	0	0	0	0	0	0	0	0	0	0	0	0	0	1	0
228	0	0	0	0	0	0	0	1	1	0	1	1	1	0	1	0	0	0	0	0	0	0	0	0	1	1	0	0	0	0	2	1	0	1	1	0	0	1	1	0	1	2	2	0	2	2	2	0	0	0	0	1	1	0	0	0	0	0	1	2	0
229	0	0	0	0	0	0	0	0	1	0	1	1	1	0	1	1	0	0	0	0	0	0	0	0	0	0	0	0	0	0	0	1	0	0	0	0	0	0	0	0	0	1	1	0	1	1	1	0	0	0	0	0	0	0	0	0	0	0	0	1	1
230	0	0	0	0	1	0	1	2	2	0	2	2	2	0	2	1	0	1	0	1	0	1	0	0	0	1	0	0	0	0	1	1	0	1	1	0	0	1	1	0	0	1	1	0	1	1	1	0	0	1	0	1	1	0	0	0	0	0	0	1	0
231	0	0	0	0	0	0	0	2	2	0	2	2	2	0	2	2	1	1	0	1	1	1	0	0	0	0	0	0	0	0	0	0	0	1	1	0	0	1	1	0	0	2	2	0	2	2	2	1	1	1	1	1	1	2	2	2	2	1	2	2	0
232	0	0	0	0	0	0	0	1	1	0	1	0	1	0	1	0	0	0	0	1	0	0	0	0	0	0	0	0	0	0	0	0	0	0	0	0	0	0	0	0	0	1	1	0	1	0	0	0	0	0	0	0	0	0	0	0	0	0	0	1	0
233	0	0	0	0	0	0	0	2	2	0	2	0	2	2	2	2	0	0	0	1	0	1	0	1	1	1	0	0	0	0	1	0	0	0	0	0	0	0	0	0	0	2	2	0	2	2	2	0	0	1	1	1	0	0	1	1	0	0	2	2	0
234	0	0	0	0	0	0	0	1	2	0	1	1	1	0	1	0	0	0	0	0	0	0	0	0	0	1	1	0	0	0	1	1	0	0	1	0	0	0	0	0	0	1	1	0	1	0	0	0	0	1	0	0	0	0	0	0	0	0	2	2	1
235	0	0	0	0	1	1	0	2	2	0	2	0	2	1	2	2	0	0	0	2	0	1	0	0	0	2	0	1	0	1	2	1	0	0	0	0	0	1	1	0	0	2	2	0	2	2	2	1	0	1	1	1	1	1	1	1	0	0	2	2	1
236	0	2	0	0	2	0	1	2	2	0	2	1	2	0	2	1	0	1	0	0	1	2	0	0	0	1	0	0	0	0	0	1	0	0	0	0	0	2	2	0	0	2	2	0	2	2	2	0	0	0	0	0	0	0	0	0	0	0	1	2	0
237	0	0	0	1	0	0	1	1	1	0	1	1	1	0	1	0	0	0	0	0	0	0	0	0	0	0	0	0	0	0	0	0	0	0	0	0	0	0	0	0	0	1	1	0	1	0	0	0	1	0	0	0	0	0	0	1	0	0	0	1	1
238	0	0	0	2	2	1	0	2	2	0	2	1	2	0	2	2	0	0	0	1	0	1	0	0	1	1	0	0	0	0	0	1	0	1	1	0	0	2	2	1	0	2	2	0	2	2	2	0	1	0	1	1	1	0	1	0	1	0	2	2	0
239	0	0	0	0	0	0	0	1	1	0	1	1	1	0	1	1	0	0	0	0	0	0	0	0	0	0	0	0	0	0	0	0	0	0	0	0	0	0	0	0	0	2	2	0	2	1	1	0	0	0	0	0	0	0	0	0	0	0	0	1	0
240	0	0	0	0	0	0	0	2	2	0	2	2	2	0	2	1	0	0	0	1	1	1	0	0	0	1	0	0	0	0	1	1	0	0	0	0	0	0	0	0	0	2	2	0	2	2	2	0	0	0	0	1	1	1	1	0	1	0	2	2	0
241	0	0	0	0	0	0	0	1	1	0	1	1	1	0	1	0	0	0	0	0	0	0	0	0	0	0	0	0	0	0	0	0	0	0	0	0	0	0	0	0	0	2	2	0	2	2	2	0	0	0	0	0	0	0	0	0	0	0	2	2	0
242	0	0	0	0	1	0	1	2	2	0	2	1	2	1	2	1	0	1	0	1	1	1	0	0	0	0	0	0	0	0	0	0	0	0	0	0	0	0	0	0	1	2	2	0	2	2	2	0	0	0	0	0	0	0	0	0	0	0	2	2	0
243	0	0	0	0	0	0	0	1	1	0	1	1	1	0	1	1	0	0	0	0	0	0	0	0	0	0	0	0	0	0	0	0	0	0	0	0	0	0	0	0	0	0	0	0	1	0	0	0	0	0	0	0	0	0	0	0	0	0	0	1	0
244	0	0	0	0	0	0	0	1	1	0	1	1	1	0	1	0	0	0	0	0	0	0	0	0	0	0	0	0	0	0	0	0	0	0	0	0	0	0	0	0	0	2	2	0	2	2	1	1	0	1	1	1	1	1	1	1	1	1	2	2	0
245	0	1	1	0	1	1	0	2	2	0	2	1	2	1	2	1	0	1	0	1	0	1	0	0	0	0	0	0	0	0	0	1	0	1	1	0	0	1	1	0	0	2	2	0	2	2	2	1	0	1	1	1	1	1	1	0	0	0	0	2	0
246	0	0	0	0	0	0	1	1	1	0	1	1	1	0	1	0	0	0	0	0	0	0	0	0	0	0	0	0	0	0	0	0	0	0	0	0	0	0	0	0	0	1	1	0	1	1	1	0	0	0	0	0	0	0	0	0	0	0	0	1	0
247	0	0	0	0	0	0	0	1	0	0	2	0	1	0	1	0	0	0	0	0	0	0	0	0	1	1	0	0	0	0	1	1	0	0	0	0	0	0	0	0	0	2	2	0	2	2	2	0	0	0	0	0	0	0	0	0	0	0	1	2	0
248	0	0	0	0	0	0	0	2	2	0	2	2	2	0	2	2	0	0	0	0	0	0	0	0	0	0	1	0	0	0	0	0	0	0	0	0	0	1	1	0	0	2	2	0	2	2	2	0	0	0	0	0	0	0	0	0	0	0	1	2	0
249	0	0	0	0	0	0	0	1	1	0	1	1	1	0	0	0	0	0	0	0	0	0	0	0	1	1	0	0	0	0	1	1	0	1	1	0	0	0	0	0	1	1	1	0	1	1	1	0	0	0	0	0	0	0	0	0	0	0	1	1	0
250	0	0	0	0	0	0	0	1	1	0	1	0	1	0	1	0	0	0	0	0	0	0	0	0	0	0	0	0	0	0	0	0	0	0	0	0	0	0	0	0	0	1	1	0	1	0	0	0	0	0	0	0	0	0	0	0	0	0	0	1	0
251	0	0	0	0	0	0	0	2	2	0	1	2	2	0	2	1	0	1	0	1	1	1	0	0	0	0	0	0	0	0	2	1	0	0	0	0	0	0	0	0	0	2	2	0	2	2	2	0	0	0	0	0	0	0	0	0	0	0	1	2	0
252	0	1	1	1	1	0	1	2	2	0	2	0	2	0	2	1	1	1	0	1	1	1	0	0	1	1	0	0	1	0	0	1	0	0	0	0	0	1	1	1	0	2	2	0	2	2	2	1	1	1	1	1	1	1	1	1	0	1	2	2	0
253	0	0	0	0	0	0	0	0	0	0	0	0	0	0	0	0	0	0	0	0	0	0	0	0	0	0	0	0	0	0	0	0	0	0	0	0	0	0	0	0	0	1	1	0	1	0	0	0	0	0	0	0	0	0	0	0	0	0	0	2	0
254	0	0	0	0	0	0	0	0	1	0	1	1	1	0	1	0	0	0	0	0	0	0	0	0	0	1	0	0	0	0	0	0	0	0	0	0	0	0	0	0	0	2	2	0	1	1	1	0	0	0	0	0	0	0	0	0	0	0	0	1	0
255	0	0	0	1	0	0	0	0	1	0	1	1	1	0	1	0	0	0	0	1	0	0	0	0	0	0	0	0	0	0	0	1	0	0	0	0	0	0	0	0	0	0	0	0	0	0	0	0	1	0	0	0	0	0	0	0	0	0	1	1	1
256	0	0	0	0	0	0	0	1	0	0	0	0	0	0	1	1	0	0	0	0	0	0	0	0	0	0	0	0	0	0	0	0	0	0	0	0	0	0	0	0	0	1	1	0	1	1	1	0	0	0	0	0	0	0	0	0	0	0	1	1	1
257	0	0	0	1	1	0	0	2	2	0	2	1	2	1	2	1	0	0	0	1	1	1	0	0	1	1	1	0	0	0	0	1	0	1	1	0	0	1	1	0	0	2	2	0	2	2	2	0	0	0	0	0	0	0	0	0	0	0	2	2	0
258	0	0	0	1	1	1	1	2	2	0	2	1	2	1	2	2	0	1	0	1	1	1	0	0	0	1	1	0	0	0	2	1	0	1	1	0	0	1	1	0	1	2	2	0	2	2	2	0	1	0	1	1	1	0	0	1	0	0	2	2	0
259	0	0	0	0	0	0	0	2	2	0	1	1	1	0	1	0	1	0	0	0	0	0	0	1	1	1	1	1	0	1	1	1	0	1	1	0	0	1	1	0	1	2	2	0	2	2	2	0	0	0	0	0	0	0	0	1	0	0	0	1	0
260	0	0	0	0	0	0	0	1	1	0	1	1	1	1	1	1	0	0	0	0	0	0	0	0	0	0	0	0	0	0	0	0	0	0	0	0	1	0	0	0	0	2	2	0	1	1	1	0	0	0	0	0	0	0	0	0	0	0	1	2	0
261	0	0	0	0	0	0	0	2	2	0	2	1	2	0	1	0	0	0	0	0	0	0	0	0	0	0	0	0	0	0	0	0	0	0	0	0	0	0	0	0	0	1	1	0	1	0	0	0	0	0	0	0	0	0	0	0	0	0	0	1	0
262	0	2	2	1	1	1	0	2	2	0	2	0	2	2	2	2	0	0	0	1	0	1	0	0	1	1	0	0	0	0	1	1	0	1	1	0	0	1	1	1	0	2	2	0	2	2	2	0	0	0	0	0	0	0	0	0	0	0	2	2	0
263	0	0	0	0	0	0	0	2	2	0	2	2	2	0	2	2	0	2	0	2	1	2	0	0	1	2	1	0	0	2	2	2	1	2	2	0	1	2	0	0	0	0	0	0	0	0	0	0	0	1	0	1	1	0	0	0	0	0	1	1	0
264	0	0	0	0	0	0	0	0	1	0	1	1	1	0	1	1	0	0	0	0	0	1	0	0	0	1	0	0	0	1	0	0	0	1	0	0	0	0	0	0	0	1	1	0	1	0	0	0	0	0	0	0	0	0	0	1	0	0	0	1	1
265	0	0	1	1	1	0	1	2	2	0	2	2	2	1	2	2	1	1	0	2	2	2	0	0	0	2	0	0	0	0	2	2	0	0	0	0	0	0	0	0	0	2	2	0	2	2	2	0	0	0	0	0	0	0	0	0	0	0	1	2	1
266	0	0	0	0	0	0	0	1	1	0	1	1	1	0	1	0	0	0	0	0	0	0	0	0	0	0	0	0	0	0	0	0	0	0	0	0	0	0	0	0	0	1	1	0	1	1	1	0	0	0	0	0	0	0	0	0	0	0	1	1	1
267	0	0	0	1	1	1	2	2	2	0	2	2	2	0	1	2	0	0	0	0	0	0	0	0	2	2	0	1	0	1	2	2	0	1	1	0	0	2	1	0	1	2	2	1	2	2	2	1	1	1	1	1	1	1	1	0	1	0	2	2	0
268	0	0	0	1	1	0	0	2	2	0	2	2	2	2	2	2	0	0	0	1	1	0	0	0	0	2	0	0	0	0	2	1	0	2	2	0	0	2	2	0	0	2	2	0	2	2	2	0	1	0	0	0	0	0	0	0	0	0	2	2	0
269	0	0	0	0	0	0	0	1	1	0	0	0	0	0	0	0	0	0	0	0	0	0	0	0	0	0	0	0	0	0	0	0	0	0	0	0	0	0	0	0	0	1	1	0	0	0	0	0	0	0	0	0	0	0	0	0	0	0	0	0	1
270	0	0	0	0	0	0	0	2	2	0	2	2	2	0	2	0	0	0	0	0	0	0	0	0	0	0	0	0	0	0	1	1	0	0	0	0	0	0	0	0	0	2	2	0	2	2	2	0	0	0	0	0	0	0	0	0	0	0	2	2	0
271	0	0	0	0	0	0	0	0	1	0	1	1	1	0	1	0	0	0	0	0	0	0	0	0	0	0	0	0	0	0	0	0	0	0	0	0	0	0	0	0	0	1	1	0	1	0	0	0	0	0	0	0	0	0	0	0	0	0	0	1	0
272	0	0	0	0	0	0	0	2	2	0	2	2	2	0	2	0	0	0	0	1	0	0	0	0	0	0	0	0	0	0	0	0	0	0	0	0	0	0	0	0	0	1	1	0	1	0	0	0	0	0	0	0	0	0	0	0	0	0	0	1	0
273	0	0	0	0	0	0	0	1	1	0	1	1	1	0	1	0	0	0	0	0	0	0	0	0	0	0	0	0	0	0	1	1	0	1	1	0	0	1	1	0	1	2	2	0	2	2	2	1	1	1	1	1	1	1	0	0	0	0	2	2	0
274	0	2	1	2	2	2	0	2	2	0	2	0	2	2	1	2	1	1	0	2	1	2	0	0	2	2	0	0	0	0	2	2	0	2	2	0	0	1	1	0	1	2	2	0	2	2	2	0	0	1	1	0	1	1	1	0	1	0	2	2	0
275	0	0	0	0	0	0	0	2	2	0	2	1	2	1	2	2	0	0	0	2	1	1	0	0	0	0	0	0	0	0	2	2	0	0	0	0	0	2	0	0	0	2	2	0	2	2	2	0	0	0	0	0	1	1	1	1	0	0	2	2	0
276	0	0	0	1	1	1	0	2	2	0	2	1	2	2	2	1	0	0	0	2	0	0	0	0	0	0	0	0	0	0	1	2	0	0	0	0	0	0	0	0	0	2	2	0	2	2	2	0	1	0	0	0	0	0	0	0	0	0	1	2	0
277	0	0	0	0	0	0	0	2	2	0	1	1	1	0	1	0	0	0	0	0	0	1	0	0	0	0	0	0	0	1	0	0	0	0	0	0	0	0	0	0	1	1	1	0	1	0	0	0	0	0	0	0	0	0	0	0	0	0	0	1	0
278	0	0	1	1	1	0	1	2	2	0	2	2	2	1	2	0	0	0	0	1	1	1	0	0	0	0	0	0	0	0	1	1	0	1	1	0	0	1	1	0	0	2	2	0	2	2	2	0	0	1	1	0	1	1	1	0	0	0	2	2	0
279	0	0	0	0	0	0	0	0	0	0	0	0	1	0	1	0	0	0	0	0	0	1	0	0	0	0	0	0	0	0	0	0	0	0	0	0	0	0	0	0	0	2	2	0	2	0	0	0	0	0	0	0	0	0	0	0	0	0	0	2	0
280	0	0	0	0	0	0	0	2	2	0	2	2	2	0	2	1	0	0	0	2	1	0	0	0	1	0	0	0	0	0	0	0	0	1	1	0	0	2	2	1	0	2	2	0	2	2	2	1	0	1	1	1	1	1	1	2	2	1	2	2	0
281	0	0	0	0	0	0	0	2	2	0	2	1	2	2	2	2	0	0	0	1	0	0	0	0	0	2	0	0	0	0	2	1	0	0	0	0	0	0	0	0	0	2	2	0	2	2	2	0	0	0	0	0	0	0	0	0	0	0	2	2	0
282	0	1	1	1	1	1	0	2	2	0	2	1	2	2	2	2	0	1	0	1	1	2	0	0	2	2	0	0	0	0	1	1	0	0	0	0	0	1	0	0	0	1	1	0	1	0	0	0	0	1	0	1	1	0	0	0	0	0	2	2	0
283	0	0	0	0	0	0	1	1	0	0	1	0	1	0	1	0	0	0	0	0	0	0	0	0	0	0	0	0	0	0	0	0	0	0	0	0	0	0	0	0	0	1	1	0	1	1	1	0	0	0	0	0	0	0	0	0	0	0	0	1	0
284	0	0	0	0	0	0	1	2	2	0	2	2	2	0	1	0	0	0	0	1	0	0	0	0	0	0	0	0	0	0	0	1	0	1	1	0	0	0	0	0	0	2	2	0	2	2	2	0	0	0	0	0	0	0	0	0	0	0	1	2	0
285	0	0	0	0	0	0	0	0	0	0	1	0	1	0	1	1	0	0	0	0	0	0	0	0	0	0	0	0	0	0	0	0	0	0	0	0	0	0	0	0	0	1	1	0	1	1	1	0	0	0	0	0	0	0	0	1	0	0	0	1	0
286	0	0	0	1	1	1	0	2	2	0	2	2	2	0	2	1	0	0	0	1	0	0	0	0	1	1	0	0	0	0	2	1	0	1	1	0	0	1	1	0	0	2	2	0	2	2	2	0	0	0	0	0	0	0	0	0	0	0	2	2	0
287	0	0	0	0	0	0	0	0	1	0	1	1	1	0	1	0	0	0	0	1	0	0	0	0	0	0	0	0	0	0	0	0	0	0	0	0	0	0	0	0	0	1	1	0	1	0	0	0	0	0	0	0	0	0	0	0	0	0	0	1	0
288	0	0	0	0	1	0	1	2	2	0	2	0	2	2	2	2	0	0	0	1	0	1	0	0	0	1	1	1	0	0	2	1	0	2	1	0	0	2	2	0	0	2	2	0	2	2	2	0	1	0	0	1	0	0	0	0	0	0	2	2	0
289	0	1	2	2	2	2	0	2	2	0	2	2	2	0	2	1	0	1	0	2	1	2	0	0	1	1	0	0	0	1	1	1	0	1	1	0	0	1	1	0	0	2	2	0	2	2	2	0	0	0	0	0	0	0	0	0	0	0	2	2	0
290	0	0	0	0	1	1	0	2	2	0	2	0	2	0	2	2	0	1	0	1	0	0	0	0	0	2	1	0	0	0	2	2	0	1	1	0	0	2	1	0	2	2	2	0	2	2	2	0	0	0	0	1	0	0	0	1	1	0	2	2	0
291	0	0	0	0	0	0	1	1	1	0	1	1	1	0	1	0	0	0	0	0	0	0	0	0	0	0	0	0	0	0	0	0	0	0	0	0	0	0	0	0	0	1	1	0	1	0	0	0	0	0	0	0	0	0	0	0	0	0	0	1	0
292	0	0	0	1	0	0	0	2	2	0	2	1	2	0	1	1	0	1	0	1	0	0	0	0	0	0	0	0	0	0	0	0	0	0	0	0	0	2	1	1	0	2	2	0	2	2	2	1	0	1	1	1	1	1	1	0	0	0	2	2	0
293	0	0	0	0	0	0	1	0	1	0	1	1	1	0	1	0	0	0	0	0	0	0	0	0	0	0	0	0	0	0	0	0	0	0	0	0	1	0	0	0	0	1	1	0	1	0	0	1	0	0	0	0	0	0	0	0	0	0	0	1	0
294	0	0	0	0	0	0	0	2	2	0	2	2	2	0	2	0	0	0	0	1	1	0	0	0	0	1	1	0	0	0	1	1	0	0	0	0	0	0	0	0	0	2	2	0	2	2	2	0	1	0	0	0	0	0	0	0	0	0	2	2	0
295	0	0	0	0	0	0	0	0	1	0	1	1	1	0	1	0	0	0	0	0	0	0	0	0	0	0	0	0	0	0	0	0	0	0	0	0	0	0	0	0	0	1	1	0	1	0	0	0	0	0	0	0	0	0	0	0	0	0	0	1	0
373	0	0	1	0	0	0	1	2	2	0	2	2	2	0	2	2	0	1	0	2	1	1	0	0	2	1	1	0	0	1	0	2	0	0	0	0	0	1	1	0	1	2	2	0	2	2	2	0	1	1	1	1	1	1	1	1	1	1	2	2	0
374	0	0	0	0	0	0	0	2	1	0	2	2	2	1	1	1	0	1	0	1	1	1	0	0	1	1	0	0	1	0	0	0	0	0	0	0	0	0	0	0	0	2	2	0	2	2	2	1	0	1	1	1	1	1	1	1	0	0	2	2	0
375	0	0	0	0	0	0	1	2	1	0	1	1	1	0	1	0	0	0	0	0	0	0	0	0	0	0	0	0	0	0	0	0	0	0	0	0	0	0	0	0	0	1	1	0	1	0	0	0	0	0	0	0	0	0	0	1	0	0	0	1	0
376	0	0	0	1	1	1	0	1	0	0	0	0	0	0	0	0	0	0	0	0	0	0	0	0	1	1	1	0	0	0	2	1	0	1	1	0	0	2	2	0	0	2	2	0	2	2	2	1	0	1	1	1	1	0	0	0	0	0	2	2	0
377	0	0	0	0	0	0	0	1	1	0	1	0	1	0	1	1	0	0	0	0	0	0	0	0	0	0	0	0	0	0	0	0	0	0	0	0	0	0	0	0	0	1	1	0	1	1	1	0	0	0	0	0	0	0	0	0	0	0	1	1	1
378	0	0	0	0	0	0	0	0	1	0	1	1	1	0	1	0	0	0	0	0	0	0	0	0	0	0	0	0	0	0	0	0	0	0	0	0	0	1	1	0	0	2	2	0	2	2	2	0	0	0	0	0	1	1	1	0	1	0	1	2	0
379	0	0	0	0	0	0	0	2	2	0	2	2	2	0	2	0	0	0	0	0	0	0	0	0	0	0	0	0	0	0	0	0	0	0	0	0	0	0	0	0	0	2	2	0	2	0	0	0	0	0	0	0	0	0	0	1	0	0	0	1	0
380	0	0	0	0	0	0	0	1	1	0	1	1	1	0	1	1	0	0	0	0	0	0	0	0	0	0	0	0	0	0	0	0	0	0	0	0	0	0	0	0	0	1	1	0	1	1	1	0	0	0	0	0	0	0	0	0	0	0	1	1	0
381	0	0	0	0	0	0	0	1	1	0	1	1	1	0	1	0	0	0	0	0	0	0	0	0	0	0	0	0	0	0	0	1	0	0	0	0	0	0	0	0	1	1	1	0	1	0	0	0	0	0	0	0	0	0	0	0	0	0	0	1	0
382	0	0	1	1	1	0	0	2	2	0	2	1	2	1	2	1	0	1	0	1	0	1	0	0	0	0	1	0	0	0	0	1	0	1	1	0	0	1	1	0	1	2	2	0	1	1	1	0	1	0	0	0	0	0	0	2	1	0	2	2	0
383	0	0	0	0	0	0	0	2	2	0	2	2	2	0	2	1	0	1	0	2	1	1	0	0	0	1	0	0	0	0	0	0	0	0	0	0	0	0	0	0	1	2	2	0	2	1	1	0	0	0	0	0	0	0	0	0	0	0	1	2	0
384	0	0	0	0	0	0	0	1	1	0	1	2	1	0	1	0	0	0	0	0	0	0	0	0	0	0	0	0	0	0	1	0	0	0	0	0	0	0	0	0	0	1	1	0	1	0	0	0	0	0	0	0	0	0	0	0	0	0	0	1	0
385	0	0	0	2	2	2	1	2	2	0	2	1	2	1	2	2	0	1	0	2	0	1	0	0	0	0	0	0	0	0	0	1	0	0	0	0	0	1	1	0	0	2	2	0	2	2	2	1	0	1	1	1	1	1	1	0	1	1	2	2	0
386	0	0	0	0	0	0	0	1	1	0	1	0	1	0	1	0	0	1	0	0	0	0	0	0	0	0	0	0	0	0	0	0	0	0	0	0	0	0	0	0	0	1	1	0	1	1	1	0	0	0	0	0	0	0	0	0	0	0	0	1	0
387	0	0	0	0	0	0	0	0	1	0	1	1	1	0	1	1	0	0	0	0	0	0	0	0	0	0	0	0	0	0	0	0	0	1	1	0	0	0	0	0	0	1	1	0	1	1	1	0	0	0	0	0	0	0	0	1	0	0	0	1	0
388	0	0	0	0	0	0	1	1	1	0	1	1	2	1	1	1	0	0	0	1	1	1	0	0	1	1	1	0	0	0	1	1	0	0	0	0	0	1	1	0	0	1	1	0	1	1	1	0	0	0	0	0	1	0	0	1	0	0	0	1	0
389	0	0	0	0	0	0	0	2	2	0	1	1	1	0	1	1	0	0	0	0	0	0	0	0	0	0	0	0	0	0	0	0	0	0	0	0	0	0	0	0	0	1	1	0	1	1	1	0	0	0	0	0	0	0	0	0	0	1	0	2	0
390	0	0	0	0	0	0	0	0	1	0	1	1	1	0	1	0	0	0	0	0	0	0	0	0	0	0	0	0	0	0	0	0	0	0	0	0	0	0	0	0	0	1	1	0	1	0	0	0	0	0	0	0	0	0	0	1	0	0	0	1	1
391	0	0	0	0	0	0	0	1	1	0	2	1	1	0	2	0	0	0	0	0	0	0	0	0	0	0	0	0	0	0	0	0	0	0	0	0	0	0	0	0	0	1	1	0	1	0	0	0	0	0	0	0	0	0	0	1	0	0	1	1	1
392	0	0	0	0	0	0	0	1	1	0	1	1	1	0	1	0	0	0	0	0	0	0	0	0	0	0	0	0	0	0	0	0	0	0	0	0	0	0	0	0	0	1	1	0	1	0	0	0	0	0	0	0	0	0	0	0	0	0	0	1	0
393	0	0	0	2	2	1	0	2	2	0	2	1	2	0	2	0	0	0	0	0	0	0	0	0	0	0	0	0	0	0	0	0	0	0	0	0	0	0	0	0	0	2	2	0	2	2	2	0	1	0	0	1	1	0	0	0	0	0	2	2	0
394	0	0	0	0	0	0	0	2	1	0	2	2	2	1	1	2	1	1	0	1	1	1	0	0	1	1	0	0	0	0	0	0	0	0	0	0	0	0	0	0	1	2	2	0	2	2	2	0	0	0	0	0	1	0	0	0	0	0	0	1	0
395	0	0	0	0	0	0	0	2	2	0	2	2	2	0	2	1	0	0	0	1	1	0	0	0	1	1	0	0	0	0	1	1	0	1	1	0	0	1	1	0	0	2	2	0	2	1	1	0	0	0	0	0	0	0	0	1	0	0	1	2	0
396	0	0	0	0	0	0	1	1	1	0	2	1	2	1	2	1	0	1	0	1	1	1	0	0	1	2	0	0	0	0	1	1	0	1	1	0	0	1	1	0	0	2	2	0	2	2	2	0	0	0	0	0	2	0	0	1	0	0	1	2	0
397	0	0	0	0	0	0	0	2	2	0	2	2	2	1	1	2	1	1	0	1	0	1	0	0	1	1	0	0	0	0	1	0	0	0	0	0	0	0	0	0	0	2	2	0	2	2	2	1	1	1	1	1	1	1	1	1	1	0	1	2	0
398	0	0	0	0	0	0	0	2	1	0	2	1	2	0	0	2	1	0	0	1	1	1	0	0	1	1	0	0	0	0	1	1	0	0	0	0	0	1	1	0	0	2	2	0	2	2	2	1	0	0	0	0	0	0	0	0	0	0	2	2	0
399	0	0	0	0	0	0	0	2	1	0	2	2	2	2	1	2	0	1	0	2	1	2	0	0	2	2	1	0	0	0	2	2	0	2	2	0	1	2	2	0	0	2	2	0	2	2	2	0	0	0	0	0	0	0	0	0	0	0	2	2	0
400	0	0	0	0	0	0	0	1	1	0	1	1	1	0	1	0	0	0	0	0	0	0	0	0	0	0	0	0	0	0	0	0	0	0	0	0	0	0	0	0	0	1	1	0	1	0	0	0	0	0	0	0	0	0	0	1	0	0	0	1	0
401	0	0	0	0	0	0	0	1	1	0	1	1	1	0	1	1	0	0	0	0	0	0	0	0	0	1	0	0	0	0	0	0	0	0	0	0	0	0	0	0	0	1	1	0	1	1	1	0	0	0	0	0	0	0	0	1	0	0	0	1	1
402	0	0	1	0	0	0	0	0	1	0	0	1	0	0	0	0	0	0	0	0	0	0	0	0	0	0	0	0	0	0	0	0	0	0	0	0	0	0	0	0	0	1	1	0	1	0	0	0	0	0	0	0	0	0	0	0	0	0	0	1	0
403	0	0	1	0	0	0	0	0	1	0	1	1	1	0	1	0	0	0	0	1	0	0	0	0	0	0	0	0	0	0	0	1	0	0	0	0	0	0	0	0	0	1	1	0	1	0	0	0	0	0	0	0	0	0	0	0	0	0	1	1	0
404	0	0	0	1	0	0	0	0	2	0	1	1	1	0	1	1	0	0	0	0	0	0	0	0	0	0	0	0	0	0	0	0	0	0	0	0	0	1	1	0	0	1	1	0	1	1	1	0	0	0	0	0	0	0	0	0	0	0	1	1	0
405	0	0	0	1	1	0	0	1	1	0	0	1	1	0	1	1	0	0	0	0	0	0	0	0	0	0	0	0	0	0	1	1	0	0	0	0	0	0	0	0	0	1	1	0	1	1	1	0	0	0	0	0	0	0	0	0	0	0	0	0	0
406	0	0	0	0	0	0	0	1	1	0	1	1	1	0	1	0	0	0	0	0	0	0	0	0	1	0	0	0	0	0	0	0	0	0	0	0	0	0	0	0	0	1	1	0	1	0	0	0	0	0	0	0	0	0	0	0	0	0	0	1	0
407	0	0	0	0	0	0	0	2	2	0	2	2	1	0	2	1	0	0	0	1	0	0	0	0	0	0	0	0	0	0	1	1	0	1	1	0	1	1	0	0	0	0	0	0	0	0	0	0	0	1	0	0	0	0	0	1	0	1	0	2	1
408	0	0	0	0	1	0	1	2	1	0	2	2	1	1	1	2	1	0	0	1	0	0	0	0	1	1	1	1	0	1	2	1	0	1	1	0	0	1	1	0	2	2	2	0	2	1	2	1	0	1	1	1	1	1	1	2	1	1	2	2	0
409	0	0	0	0	0	0	0	0	1	0	1	1	1	0	1	0	0	0	0	0	0	0	0	0	0	0	0	0	0	0	0	0	0	0	0	0	0	0	0	0	0	1	1	0	1	1	1	0	0	0	0	0	0	0	0	0	0	0	1	1	1
410	0	0	0	2	2	0	1	2	2	0	2	1	2	2	2	2	0	1	0	2	2	1	0	0	1	1	1	0	0	0	2	2	0	0	0	0	0	1	1	0	0	2	2	0	2	2	2	0	0	0	0	0	0	0	0	1	1	0	2	2	0
411	0	0	0	0	0	1	0	1	1	0	1	0	1	0	1	0	0	0	0	0	0	0	0	0	0	0	0	0	1	0	0	0	0	0	0	0	0	0	0	0	0	1	1	0	0	0	0	0	0	0	0	0	0	0	0	0	0	0	1	1	0
412	0	0	0	1	0	0	0	2	2	0	2	2	2	1	2	1	0	1	0	1	0	0	0	0	0	0	0	0	0	0	1	0	0	0	0	0	0	1	1	0	0	2	2	0	2	2	2	0	0	0	0	0	0	0	0	1	0	0	2	2	0
413	0	1	1	1	1	0	1	1	2	0	2	0	2	1	2	2	0	1	0	2	2	1	0	0	2	2	0	0	0	1	2	2	0	2	2	0	0	2	1	0	0	2	2	0	2	2	2	0	0	0	0	0	1	1	1	1	1	0	2	2	0
414	0	1	1	1	1	1	1	2	2	0	2	1	2	2	1	2	1	0	0	1	1	1	0	0	0	1	0	0	0	0	1	1	0	1	1	0	0	2	1	0	0	2	2	0	2	2	2	0	0	0	0	0	0	0	0	0	0	0	2	2	0
415	0	0	0	0	0	0	0	2	1	0	2	0	2	1	2	1	0	0	0	1	1	1	0	0	1	1	1	1	0	0	1	2	0	1	1	0	0	2	0	0	1	2	2	0	2	2	2	0	0	0	0	0	0	0	0	0	1	1	2	2	0
416	0	0	0	0	0	0	0	2	2	0	1	1	1	0	1	1	0	0	0	0	0	0	0	0	0	0	0	0	0	0	0	0	0	0	0	0	0	0	0	0	0	2	2	0	2	2	2	0	0	0	0	0	0	0	0	0	0	0	0	2	0
417	0	0	0	0	0	0	0	1	1	0	1	1	1	0	1	0	0	0	0	0	0	0	0	0	0	0	0	0	0	0	0	0	0	0	0	0	0	0	0	0	0	2	2	0	2	1	1	0	0	0	0	0	0	0	0	0	0	1	2	2	0
418	0	0	0	0	0	0	0	1	1	0	1	2	1	0	1	0	0	0	0	0	0	0	0	0	0	0	0	0	0	0	0	0	0	0	0	0	0	0	0	0	0	0	0	0	1	0	0	0	0	0	0	0	0	0	0	0	0	0	0	1	2
419	0	0	0	0	0	0	0	1	1	0	1	1	1	1	1	0	0	0	0	1	1	0	0	0	0	0	0	0	0	0	0	0	0	0	0	0	0	0	0	0	0	1	1	0	1	0	0	0	0	0	0	0	0	0	0	1	0	0	0	1	1
420	0	0	0	0	0	0	0	0	0	0	1	1	1	0	1	0	0	0	0	0	0	0	0	0	0	0	1	0	0	0	0	0	0	0	0	0	0	0	0	0	0	1	1	0	1	0	0	0	0	0	0	0	0	0	0	0	0	0	1	1	1
421	0	0	0	0	0	0	1	1	1	0	1	0	1	0	1	0	0	0	0	0	0	0	0	0	0	0	0	0	0	0	1	0	0	0	0	0	0	0	0	0	0	1	1	0	0	0	0	0	0	0	0	0	0	0	0	0	0	0	0	1	1
422	0	0	0	0	0	0	0	1	1	0	2	1	2	1	1	2	0	0	0	1	1	1	0	0	2	1	0	0	0	0	2	1	0	1	1	0	1	1	1	0	2	2	2	0	2	2	2	1	1	1	1	1	1	1	1	1	0	0	1	2	0
423	0	0	1	1	1	0	1	2	2	0	2	1	2	1	2	2	0	1	0	2	2	2	0	1	2	1	0	0	0	0	0	0	0	0	0	0	0	1	1	0	1	2	2	0	2	2	2	0	0	0	0	1	1	0	0	2	0	0	2	2	0
424	0	0	1	1	1	0	1	1	1	0	1	1	1	0	1	0	0	0	0	0	0	0	0	0	0	0	0	0	0	0	2	2	0	0	0	0	0	0	0	0	0	2	2	0	2	2	2	0	1	0	0	1	0	0	0	0	0	0	2	2	0
425	0	0	0	0	0	0	1	2	2	0	2	0	2	0	2	0	0	0	0	1	0	0	0	0	0	0	0	0	0	0	0	1	0	0	0	0	0	0	0	0	0	0	0	0	0	0	0	0	0	1	0	1	1	1	0	0	0	0	2	2	0
426	0	0	0	0	0	0	0	1	1	0	1	1	1	0	1	0	0	0	0	0	0	0	0	0	0	0	0	0	0	0	0	0	0	0	0	0	0	0	0	0	0	1	1	0	1	1	1	0	0	0	0	0	0	0	0	0	0	0	0	1	0
427	0	1	1	1	2	1	2	2	2	0	2	0	2	1	2	2	0	2	0	2	1	2	0	0	0	1	2	1	0	1	2	2	0	2	2	1	0	2	1	1	1	2	2	0	2	2	2	1	1	1	1	2	2	1	1	2	2	2	2	2	1
428	0	0	0	0	1	0	1	1	1	0	1	1	1	0	1	0	0	0	0	0	0	0	0	0	0	0	0	0	0	0	0	0	0	0	0	0	0	0	0	0	0	1	1	0	1	0	0	0	0	0	0	0	0	0	0	1	0	0	0	0	0
429	0	0	0	0	0	0	0	1	1	0	1	1	2	0	1	0	0	0	0	0	0	0	0	0	0	1	0	0	0	0	0	0	0	0	0	0	0	1	1	0	0	2	2	0	2	2	2	0	0	0	0	0	0	0	0	1	0	0	2	2	0
430	0	0	0	1	1	1	1	2	1	0	2	1	2	0	2	2	0	1	0	1	1	1	0	0	1	1	0	0	0	1	1	1	1	2	1	0	1	1	0	0	0	2	2	0	2	2	2	0	0	0	0	0	0	0	0	1	0	0	0	1	0
431	0	0	1	1	1	0	1	2	2	0	2	1	2	1	2	1	0	0	0	1	1	1	0	0	1	2	0	0	0	1	1	1	0	0	0	0	0	1	1	0	0	2	2	0	2	2	2	0	1	0	0	0	0	0	0	0	0	0	2	2	0
432	0	0	0	1	0	0	0	2	2	0	2	2	2	0	2	1	0	0	0	1	1	1	0	0	1	1	1	0	0	0	2	2	0	1	1	0	0	1	1	0	1	2	2	0	2	2	2	0	1	1	1	1	1	1	1	0	1	0	2	2	0
433	0	0	0	0	0	0	0	1	1	0	1	0	1	0	1	0	0	0	0	0	0	0	0	0	0	0	0	0	0	0	0	0	0	0	0	0	0	1	1	0	0	1	1	0	1	0	0	0	0	0	0	0	0	0	0	0	0	0	0	1	2
434	0	2	1	1	2	0	0	2	2	0	2	2	2	2	2	2	0	0	0	1	1	1	0	0	0	0	0	0	0	0	1	1	0	1	1	0	0	1	1	0	0	2	2	0	2	2	2	0	1	0	0	1	0	0	0	2	0	0	2	2	0
435	0	0	1	1	1	1	0	2	2	0	2	2	2	1	2	1	0	1	0	1	1	1	0	0	0	0	0	0	0	0	0	1	0	0	0	0	0	0	0	0	0	2	2	0	2	2	2	0	0	0	0	0	0	0	0	0	0	0	2	2	0
436	0	1	1	1	1	1	0	2	2	0	2	2	2	0	2	2	0	0	0	1	1	1	0	0	0	2	0	0	0	0	0	2	0	1	1	0	0	1	1	0	1	2	2	0	2	2	2	0	1	0	1	0	0	0	0	2	0	0	2	2	0
437	0	0	0	0	0	0	1	2	2	0	1	1	2	0	2	1	0	0	0	1	0	0	0	0	0	0	0	0	0	0	0	0	0	0	0	0	0	0	0	0	0	2	2	0	2	2	2	0	1	0	0	0	0	0	0	1	0	0	2	2	0
438	0	0	0	0	0	0	0	2	2	0	2	2	2	1	2	1	0	1	0	1	0	1	0	0	0	0	0	0	0	0	1	1	0	0	1	0	0	1	1	1	0	2	2	0	2	2	2	0	1	0	0	0	0	0	0	1	0	0	1	2	0
439	0	0	0	0	0	0	0	1	1	0	1	1	1	0	1	0	0	0	0	0	1	0	0	0	0	0	0	0	0	0	1	0	0	1	0	0	0	0	0	0	1	1	1	0	1	1	1	0	0	0	0	0	0	0	0	1	0	0	1	1	1
440	0	0	1	0	1	0	1	1	1	0	0	1	0	0	0	0	0	0	0	0	0	0	0	0	2	0	0	0	0	0	2	1	0	0	0	0	0	1	1	0	0	2	2	0	2	2	2	0	0	0	0	0	0	0	0	0	0	0	2	2	0
441	0	0	0	1	1	0	1	2	2	0	1	0	1	0	1	1	0	0	0	0	0	0	0	0	0	1	0	0	0	0	1	1	0	0	0	0	0	1	1	0	1	2	2	0	2	2	2	0	0	0	0	0	0	0	0	0	0	0	2	2	0
442	0	0	0	1	1	1	2	2	2	0	2	2	2	1	2	2	0	2	0	2	2	0	0	0	0	0	0	1	0	0	0	1	0	0	0	0	0	0	0	0	0	0	0	0	0	0	0	0	0	1	0	1	1	1	1	0	0	0	1	1	0
443	0	1	1	1	1	1	2	2	2	0	2	1	2	1	2	2	0	1	0	1	0	1	0	0	1	1	0	0	0	0	1	1	0	1	1	0	0	1	0	0	0	2	2	0	2	2	2	1	1	1	1	1	1	1	1	1	1	1	2	2	0
444	0	0	0	0	0	0	1	1	1	0	1	2	2	0	2	1	0	1	0	1	1	1	0	0	1	2	0	0	0	1	2	1	0	0	0	0	0	1	1	0	0	1	1	0	1	0	0	0	0	1	0	1	1	0	0	1	0	0	2	2	0
445	0	1	1	1	1	1	0	2	2	0	2	2	2	0	2	2	0	0	0	2	2	0	0	0	0	1	1	0	0	1	2	2	0	2	2	0	1	2	2	0	0	2	2	1	2	2	2	0	1	1	1	1	1	0	0	1	0	0	2	2	0
446	0	0	0	0	0	0	0	1	1	0	1	1	1	1	1	0	0	0	0	1	0	0	0	0	0	0	0	0	0	0	0	0	0	0	0	0	0	0	0	0	0	1	1	0	1	0	0	0	0	0	0	0	0	0	0	0	0	0	0	1	0
447	0	0	0	2	2	2	1	2	2	0	2	2	2	1	2	2	0	1	0	2	0	1	0	0	2	2	2	0	0	0	1	1	0	0	0	0	0	1	1	0	2	2	2	0	2	2	2	0	2	0	0	2	1	1	1	2	1	1	2	2	0
448	0	0	0	1	1	1	0	0	1	0	1	1	1	0	1	0	0	0	0	0	0	0	0	0	0	0	0	0	0	0	0	0	0	0	0	0	0	0	0	0	0	0	0	0	1	1	1	0	1	0	0	0	0	0	0	0	0	0	0	1	2
449	0	0	0	1	0	0	1	2	2	0	1	1	2	1	2	2	0	0	0	1	1	1	0	0	1	1	0	0	0	0	2	1	0	0	0	0	0	0	0	0	0	2	2	0	2	2	2	0	1	0	1	1	1	0	0	0	0	0	2	2	0
450	0	1	0	1	1	1	0	1	1	0	1	1	1	0	1	0	0	0	0	0	0	0	0	0	0	0	0	0	0	0	0	0	0	0	0	0	0	0	0	0	0	1	1	0	1	0	0	0	0	0	0	0	0	0	0	1	0	0	0	1	2
451	0	0	0	0	0	0	0	0	1	0	1	1	1	0	1	0	0	0	0	0	0	0	0	0	0	1	0	0	1	0	0	0	0	0	0	0	0	0	0	0	0	1	1	0	1	1	1	0	0	0	0	0	0	0	0	0	0	0	0	1	0
452	0	0	1	1	1	0	2	2	2	0	2	1	2	2	2	2	1	1	0	2	2	2	0	0	0	1	0	0	0	0	1	2	0	1	1	0	0	1	1	1	1	2	2	1	2	2	2	0	0	1	1	1	1	0	1	2	0	0	2	2	0
453	0	0	0	0	0	0	0	2	2	0	2	1	2	1	2	1	0	0	0	1	0	1	0	0	0	0	0	0	0	0	0	0	0	0	0	0	0	1	1	0	0	2	2	0	2	2	2	0	1	0	0	1	1	1	1	1	0	0	2	2	0
454	0	1	1	1	1	1	0	2	2	0	2	0	2	0	2	1	0	0	0	1	0	0	0	0	0	0	0	0	0	0	0	0	0	0	0	0	0	1	1	0	0	2	2	0	2	2	2	0	0	0	0	0	0	0	0	0	0	0	2	2	0
455	0	0	1	1	0	0	1	2	0	1	2	1	1	2	1	2	1	0	0	2	1	1	0	0	1	1	2	2	0	2	2	2	0	1	1	0	0	2	2	0	1	2	2	0	2	2	2	1	0	1	1	2	1	1	1	1	1	1	2	2	0
456	0	0	0	0	0	0	0	0	0	0	1	0	1	0	1	0	0	0	0	1	0	0	0	0	0	0	0	0	0	1	0	0	0	0	0	0	0	0	0	0	0	1	1	0	1	0	0	0	0	0	0	0	0	0	0	0	0	0	0	1	1
457	0	0	0	1	1	0	1	2	2	0	2	2	2	1	2	1	0	1	0	1	1	1	0	0	0	0	0	0	0	0	0	0	0	0	0	0	0	0	0	0	0	2	2	0	2	2	2	1	1	1	1	1	1	0	0	0	1	0	1	1	0
458	0	0	0	0	0	0	2	2	2	0	2	2	2	2	2	2	0	2	0	2	2	2	0	0	1	2	1	0	0	0	1	2	0	1	1	0	0	1	1	0	0	2	2	0	2	2	2	0	0	0	1	1	0	0	0	1	0	0	2	2	0
459	0	0	0	1	0	1	0	2	2	0	2	1	2	1	1	1	0	1	0	2	2	1	0	0	2	2	1	0	1	0	2	1	0	0	0	0	0	2	1	0	0	1	1	0	1	0	0	0	0	1	0	1	1	1	0	0	0	0	1	2	0
460	0	0	0	0	0	0	1	1	1	0	1	0	1	0	1	0	0	0	0	0	0	0	0	0	0	0	0	0	0	0	0	1	0	0	0	0	0	0	0	0	0	1	1	0	1	0	0	0	0	0	0	0	0	0	0	0	0	0	0	1	1
461	0	0	0	0	0	0	0	1	1	0	1	1	1	0	1	1	0	0	0	0	0	0	0	0	0	1	0	0	0	0	0	0	0	0	0	0	0	0	0	0	0	1	1	0	1	0	0	0	0	0	0	0	0	0	0	0	0	0	0	1	1
462	0	0	0	0	0	0	0	1	1	0	1	1	1	0	1	0	0	0	0	1	0	0	0	0	0	0	0	0	0	0	0	1	0	1	1	1	0	1	1	0	0	1	1	0	1	1	1	1	0	0	0	0	0	0	0	0	0	0	1	1	1
463	0	1	1	1	1	1	0	2	2	0	2	2	2	1	2	2	0	0	1	2	2	1	0	0	0	0	0	0	0	0	1	1	0	1	1	0	0	1	1	0	1	2	2	0	2	2	2	0	2	0	0	0	1	0	0	0	0	0	2	2	0
464	0	0	0	0	0	0	0	0	0	0	1	1	1	0	1	0	0	0	0	1	0	0	0	0	0	0	0	0	0	0	0	0	0	0	0	0	0	0	0	0	0	1	1	0	1	0	0	0	0	0	0	0	0	0	0	0	0	0	0	1	2
