0	1
2	0
3	0
4	2
5	1
6	1
7	1
8	0
9	0
10	0
11	0
12	1
13	0
14	1
15	2
16	1
17	0
18	0
19	1
20	1
21	1
22	0
23	1
24	0
25	0
26	1
27	0
28	2
41	1
42	1
43	0
44	1
45	1
46	1
47	0
48	1
49	0
50	0
51	0
52	1
53	0
54	2
55	0
56	1
57	0
58	0
59	0
60	0
61	1
62	0
63	0
64	0
65	1
66	1
67	0
68	0
69	0
70	1
71	0
72	1
73	1
74	0
75	0
76	1
77	1
78	0
79	0
80	1
81	0
82	0
83	1
84	0
85	1
86	0
87	1
88	1
89	2
90	0
91	0
92	0
93	1
94	0
95	0
96	0
97	0
98	0
99	1
100	1
101	0
102	1
103	0
104	0
105	0
106	0
107	1
108	0
109	1
110	0
111	0
112	2
113	1
114	0
115	1
117	1
118	0
119	2
120	0
121	0
122	2
123	1
124	0
125	1
126	1
127	1
128	0
129	2
130	1
131	0
132	0
133	0
134	0
135	1
136	1
137	0
138	0
139	1
140	1
141	1
142	0
143	1
144	0
145	0
146	0
147	0
148	0
149	1
150	1
151	0
152	0
153	0
154	1
155	0
156	2
157	1
158	0
159	0
160	0
161	1
162	0
163	0
164	0
165	0
166	2
167	1
168	0
169	0
170	1
171	0
172	0
173	0
174	0
175	0
176	0
177	0
178	1
179	0
180	0
181	0
182	0
183	0
184	0
185	1
186	1
187	0
188	1
189	0
190	1
191	0
192	0
193	0
194	0
195	1
196	1
197	1
198	0
199	1
200	0
201	1
202	1
203	0
204	0
205	1
206	1
207	1
208	0
209	0
210	0
211	0
212	0
213	1
214	1
215	0
216	1
217	0
218	0
219	1
220	0
222	0
223	0
224	1
225	2
226	1
227	0
228	0
229	1
230	0
231	0
232	1
233	1
234	1
235	0
236	0
237	1
238	1
239	1
240	1
241	0
242	0
243	1
244	1
245	0
246	1
247	1
248	0
249	0
250	0
251	0
252	0
253	0
254	2
255	0
256	0
257	1
258	0
259	0
260	0
261	0
262	1
263	0
264	1
265	0
266	0
267	1
268	1
269	1
270	0
271	1
272	0
273	0
274	1
275	0
276	0
277	1
278	1
279	0
280	1
281	0
282	0
283	1
284	0
285	1
286	0
287	2
288	0
289	0
290	0
291	0
292	1
293	0
294	1
295	0
373	2
374	0
375	0
376	1
377	2
378	0
379	0
380	0
381	1
382	1
383	0
384	1
385	0
386	1
387	0
388	0
389	1
390	2
391	1
392	0
393	0
394	0
395	1
396	0
397	0
398	1
399	0
400	0
401	0
402	1
403	1
404	0
405	0
406	0
407	0
408	1
409	1
410	2
411	0
412	0
413	1
414	0
415	1
416	0
417	1
418	0
419	1
420	1
421	0
422	1
423	0
424	0
425	1
426	0
427	1
428	0
429	1
430	1
431	0
432	1
433	0
434	1
435	1
436	0
437	2
438	0
439	0
440	0
441	1
442	0
443	1
444	0
445	1
446	2
447	0
448	0
449	0
450	1
451	2
452	1
453	0
454	1
455	2
456	1
457	0
458	0
459	0
460	0
461	0
462	1
463	0
464	0
