29	0	0	0	2	0	0	0	0	0	0	0	0	0	0	0	0	2	0	2	2	2	0	0	2	2	2	2	2	2	0	0	1	1	0	0	0	0	0	0	0	0	0	0	0	0	0	0	0	0	1	0	0	0	0	0	0	0	0	0	0	0	0	0
30	1	1	1	2	1	1	1	2	2	2	2	2	2	2	2	2	2	0	2	2	2	2	1	2	2	2	2	2	2	1	1	2	1	0	0	0	0	0	0	0	0	0	0	0	0	0	0	0	0	0	0	0	0	0	0	0	0	0	0	0	0	0	1
31	0	1	1	2	1	1	1	0	0	1	1	1	1	1	1	0	2	0	2	2	2	2	2	2	2	2	2	2	2	1	1	2	0	0	0	0	0	0	0	0	0	0	0	0	0	0	0	0	0	0	0	0	0	0	0	0	0	0	0	0	0	0	0
32	1	2	2	2	2	2	2	0	0	2	2	2	1	2	1	0	2	0	2	2	2	2	2	2	2	2	2	2	2	2	2	2	2	0	0	0	0	0	0	0	0	0	0	0	0	0	0	0	0	0	0	0	0	0	0	0	0	0	0	0	0	0	0
33	2	2	2	2	2	2	1	1	0	2	2	2	0	2	1	0	2	0	1	2	1	1	0	2	2	2	2	2	2	2	2	2	2	0	0	0	0	0	0	0	0	0	0	0	0	0	0	0	0	0	0	0	0	0	0	0	0	0	0	0	0	0	0
34	1	2	2	2	2	2	2	1	1	2	2	2	2	2	2	1	2	0	2	2	2	1	1	2	2	2	2	2	2	2	1	2	1	0	0	0	0	0	0	0	0	0	0	0	0	0	0	0	0	0	0	0	0	0	0	0	0	0	0	0	0	0	0
35	1	1	1	1	1	1	1	1	1	1	1	1	1	1	1	2	2	0	2	2	2	2	0	2	2	2	2	2	2	1	1	2	2	0	0	0	0	0	0	0	0	0	0	0	0	0	0	0	0	0	0	0	0	0	0	0	0	0	0	0	0	0	0
36	0	0	0	1	0	0	0	0	0	0	0	0	0	0	0	0	1	0	2	2	2	1	1	2	2	2	2	2	2	1	1	2	2	0	0	0	0	0	0	0	0	0	1	1	1	1	1	0	1	1	1	1	1	1	0	1	1	1	1	1	1	1	1
37	2	2	2	2	2	2	2	0	0	2	2	2	0	2	0	0	2	0	2	2	2	1	1	2	2	2	2	2	2	2	2	2	2	0	0	0	0	0	0	0	0	0	1	1	1	1	1	0	1	1	1	1	1	1	0	1	1	1	1	1	1	1	1
38	2	2	2	2	2	2	2	0	0	2	2	2	0	2	0	0	2	0	2	2	1	1	0	2	2	2	2	2	2	1	1	2	2	0	0	0	0	0	0	0	0	0	0	0	0	0	0	0	0	0	0	0	0	0	0	0	0	0	0	0	0	0	0
39	2	2	2	2	2	2	2	1	1	2	2	2	1	2	1	1	2	1	2	2	1	1	0	2	2	2	2	2	2	0	0	1	1	0	0	0	0	0	0	0	0	0	0	0	0	0	0	0	0	1	0	0	0	0	0	0	0	0	0	0	0	0	0
40	1	1	1	2	1	1	1	1	1	1	1	1	1	1	1	1	2	1	2	2	2	1	1	2	2	2	2	2	2	1	1	2	1	0	0	0	0	0	0	0	0	0	0	0	0	0	0	0	0	0	0	0	0	0	0	0	0	0	0	0	0	0	0
296	2	2	2	2	2	2	2	1	1	2	2	2	1	2	1	1	2	0	2	2	2	2	2	2	2	2	2	2	2	0	0	2	1	0	0	0	0	0	0	0	0	0	0	0	0	0	0	0	0	0	0	0	0	0	0	0	0	0	0	0	0	0	1
297	1	1	1	1	1	1	1	1	1	1	1	1	1	1	1	1	1	1	2	2	2	2	2	2	2	2	2	2	2	1	1	2	2	0	0	0	0	0	0	0	0	0	1	1	1	1	1	0	1	1	1	1	1	1	0	1	1	1	1	1	1	1	2
298	2	2	2	2	2	2	2	1	1	2	2	2	1	2	1	1	2	1	2	2	2	0	0	2	2	2	2	2	2	1	1	2	2	0	0	0	0	0	0	0	0	0	0	0	0	0	0	0	0	0	0	0	0	0	0	0	0	0	0	0	0	0	0
299	1	1	1	1	1	1	1	1	1	1	1	1	1	1	1	1	1	0	2	2	2	1	1	2	2	2	2	2	2	1	0	2	2	0	0	0	0	0	0	0	0	0	0	0	0	0	0	0	0	0	0	0	0	0	0	0	0	0	0	0	0	0	0
300	1	1	1	2	1	1	1	0	0	1	1	1	0	1	0	0	2	0	2	2	2	1	1	2	2	2	2	2	2	1	1	2	1	0	0	0	0	0	0	0	0	0	0	0	0	0	0	0	0	0	0	0	0	0	0	0	0	0	0	0	0	0	0
301	2	2	2	2	2	2	2	1	1	2	2	2	1	2	1	1	2	1	2	2	2	2	1	2	2	2	2	2	2	1	1	2	1	0	1	1	1	1	1	1	1	1	1	1	1	1	1	1	1	1	1	1	1	1	1	1	1	1	1	1	1	1	2
302	1	1	1	2	1	1	1	0	0	1	1	1	0	1	0	0	1	0	2	2	2	1	1	2	2	2	2	2	2	1	1	1	1	0	1	1	1	1	1	1	1	1	1	1	1	1	1	1	1	2	1	1	1	1	1	1	1	1	1	1	1	1	1
303	1	1	1	2	1	1	1	1	1	2	2	2	1	2	1	1	2	0	2	2	2	2	1	2	2	2	2	2	2	2	2	2	2	0	0	0	0	0	0	0	0	0	0	0	0	0	0	0	0	0	0	0	0	0	0	0	0	0	0	0	0	0	1
304	0	0	0	1	0	0	0	1	1	1	1	1	1	1	1	1	1	1	2	2	1	2	1	2	2	2	2	2	2	1	1	2	2	0	0	0	0	0	0	0	0	0	0	0	0	0	0	0	0	0	0	0	0	0	0	0	0	0	0	0	0	0	0
305	1	1	1	2	1	1	0	2	1	2	2	2	1	2	2	1	2	0	1	2	1	2	0	2	2	2	2	2	2	2	2	2	2	0	0	0	0	0	0	0	0	0	0	0	0	0	0	0	0	0	0	0	0	0	0	0	0	0	0	0	0	0	1
306	0	0	0	0	0	0	0	0	0	0	0	0	0	0	0	0	0	0	1	2	2	1	0	2	2	2	2	2	2	2	2	2	1	0	0	0	0	0	0	0	0	0	1	1	1	1	1	0	1	1	1	1	1	1	0	1	1	1	1	1	1	1	2
307	1	2	2	2	2	2	2	1	1	2	2	2	2	2	2	1	2	0	2	2	2	1	1	1	1	1	1	1	2	1	1	1	1	0	0	0	0	0	0	0	0	0	0	0	0	0	0	0	0	0	0	0	0	0	0	0	0	0	0	0	0	0	0
308	0	0	0	2	0	0	0	2	2	2	2	2	2	2	2	2	2	1	2	2	2	0	0	2	2	2	2	2	2	2	2	2	2	0	0	0	0	0	0	0	0	0	0	0	0	0	0	0	0	0	0	0	0	0	0	0	0	0	0	0	0	0	1
309	2	2	2	2	2	2	2	0	0	2	2	2	0	2	0	0	2	0	2	2	2	2	2	2	2	2	2	2	2	1	1	2	2	0	0	0	0	0	0	0	0	0	0	0	0	0	0	0	0	0	0	0	0	0	0	0	0	0	0	0	0	0	1
310	1	1	1	2	1	1	1	1	1	2	2	2	1	2	1	1	2	0	2	2	2	2	1	2	2	2	2	2	2	1	1	2	2	0	0	0	0	0	0	0	0	0	0	0	0	0	0	0	0	0	0	0	0	0	0	0	0	0	0	0	0	0	2
311	2	2	2	2	2	2	2	1	1	2	2	2	1	2	1	1	2	0	2	2	2	1	0	2	2	2	2	2	2	1	1	2	2	0	0	0	0	1	0	0	1	0	0	0	0	0	0	0	0	0	0	0	0	0	0	0	0	0	0	0	0	0	0
312	2	2	2	2	2	2	2	1	1	2	2	2	1	2	1	1	2	0	2	2	2	0	0	2	2	2	2	2	2	2	2	2	2	0	0	0	0	0	0	0	0	0	1	1	1	1	1	0	1	1	1	1	1	1	0	1	1	1	1	1	1	1	1
313	1	1	1	2	1	1	1	0	0	1	1	1	0	1	0	0	1	0	2	2	2	1	1	2	2	2	2	2	2	2	2	2	2	0	0	0	0	0	0	0	0	0	0	0	0	0	0	0	0	0	0	0	0	0	0	0	0	0	0	0	0	0	0
314	0	0	0	1	0	0	0	1	1	1	1	1	1	1	1	1	1	0	2	2	2	0	0	2	2	2	2	2	2	1	1	1	1	0	0	0	0	0	0	0	0	0	0	0	0	0	0	0	0	1	0	0	0	0	0	0	0	0	0	0	0	0	1
315	1	1	1	2	1	1	1	0	0	1	1	1	0	1	0	0	2	0	2	2	1	1	0	2	2	2	2	2	2	1	1	2	2	0	0	0	0	0	0	0	0	0	0	0	0	0	0	0	0	0	0	0	0	0	0	0	0	0	0	0	0	0	0
316	0	0	0	1	0	0	0	1	1	1	1	1	1	1	1	1	1	0	2	2	2	1	0	2	2	2	2	2	2	1	1	2	2	0	0	0	0	0	0	0	0	0	0	0	0	0	0	0	0	0	0	0	0	0	0	0	0	0	0	0	0	0	1
317	0	0	1	2	0	0	0	1	1	1	1	1	1	1	1	1	1	1	1	2	2	2	2	2	2	2	2	2	2	2	2	2	2	0	1	1	1	1	1	1	1	1	1	1	1	1	1	1	1	1	1	1	1	1	1	1	1	1	1	1	1	1	2
318	1	2	2	2	2	2	2	1	1	2	2	2	2	2	2	1	2	0	2	2	2	2	1	2	2	2	2	2	2	0	1	2	2	0	0	0	0	0	0	0	0	0	1	1	1	1	1	0	1	1	1	1	1	1	0	1	1	1	1	1	1	1	1
319	1	1	1	2	1	1	1	1	1	2	2	2	1	2	1	1	2	0	2	2	1	2	1	2	2	2	2	2	2	1	1	2	1	0	1	1	1	1	1	1	1	1	1	1	1	1	1	1	1	1	1	1	1	1	1	1	1	1	1	1	1	1	1
320	1	1	1	1	1	1	1	0	0	1	1	1	0	1	0	0	1	0	2	2	1	2	0	2	2	2	2	2	2	1	1	2	2	1	0	0	0	0	0	0	0	0	0	0	0	0	0	0	0	0	0	0	0	0	0	0	0	0	0	0	0	0	0
321	1	1	1	2	1	1	1	0	0	1	1	1	0	1	0	0	1	0	1	2	2	1	1	2	2	2	2	2	2	1	1	2	2	0	0	0	0	0	0	0	0	0	0	0	0	0	0	0	0	1	0	0	0	0	0	0	0	0	0	0	0	0	0
322	1	1	1	2	1	1	1	0	0	1	1	1	0	1	0	0	2	0	2	2	1	2	1	2	2	2	2	2	2	1	1	2	1	0	0	0	0	0	0	0	0	0	0	0	0	0	0	0	0	0	0	0	0	0	0	0	0	0	0	0	0	0	0
323	1	1	1	2	1	1	1	1	1	1	1	1	1	1	1	1	2	1	2	2	2	1	1	2	2	2	2	2	2	1	1	2	1	0	0	0	0	0	0	0	0	0	0	0	0	0	0	0	0	0	0	0	0	0	0	0	0	0	0	0	0	0	0
324	1	1	1	2	1	1	1	2	2	2	2	2	2	2	2	1	2	2	2	2	2	0	0	2	2	2	2	2	2	2	2	2	2	0	0	0	0	0	0	0	0	0	0	0	0	0	0	0	0	0	0	0	0	0	0	0	0	0	0	0	0	0	0
325	1	1	1	1	1	1	1	1	1	1	1	1	1	1	1	1	1	1	2	2	2	2	2	2	2	2	2	1	2	0	0	1	0	0	1	1	1	1	1	1	1	1	1	1	1	1	1	1	1	1	1	1	1	1	1	1	1	1	1	1	1	1	1
326	0	0	0	1	0	0	0	1	1	1	1	1	1	1	1	1	1	0	2	2	2	2	1	2	2	2	2	2	2	1	1	2	1	0	0	0	0	0	0	0	0	0	0	0	0	0	0	0	0	0	0	0	0	0	0	0	0	0	0	0	0	0	0
327	1	1	1	1	1	1	1	0	0	1	1	1	0	1	0	0	1	0	2	2	2	1	0	2	2	2	2	2	2	1	1	2	2	1	0	0	0	0	0	0	0	0	0	0	0	0	0	0	0	0	0	0	0	0	0	0	0	0	0	0	0	0	0
328	1	1	1	2	1	1	1	1	1	1	1	1	1	1	1	0	0	0	2	2	2	1	1	2	2	2	2	2	2	0	0	2	1	0	1	0	0	0	0	0	0	0	0	0	0	0	0	0	0	0	0	0	0	0	0	0	0	0	0	0	0	0	0
329	1	1	1	1	1	1	1	0	0	1	1	1	0	1	0	0	1	0	1	2	1	1	0	2	2	2	2	2	2	0	0	2	1	0	0	0	0	0	0	0	0	0	0	0	0	0	0	0	0	0	0	0	0	0	0	0	0	0	0	0	0	0	0
330	1	1	1	1	1	1	1	1	1	1	1	1	1	1	1	1	1	1	2	2	2	2	2	2	2	2	2	2	2	0	0	2	1	0	0	0	0	0	0	0	0	0	0	0	0	0	0	0	0	0	0	0	0	0	0	0	0	0	0	0	0	0	1
331	0	0	0	1	0	0	0	0	0	0	0	0	0	0	0	0	0	0	1	2	2	1	1	2	2	2	2	2	2	0	0	2	1	0	0	0	0	0	0	0	0	0	0	0	0	0	0	0	0	0	0	0	0	0	0	0	0	0	0	0	0	0	0
332	0	0	0	2	0	0	0	2	2	2	2	2	2	2	2	2	2	0	2	2	1	2	1	2	2	2	2	2	2	1	1	2	0	0	2	2	2	2	2	2	2	2	2	2	2	2	2	2	2	2	2	2	2	2	2	2	2	2	2	2	2	2	2
333	1	1	1	2	1	1	1	0	0	1	1	1	0	1	0	0	2	0	2	2	2	2	0	2	2	2	2	2	2	1	1	2	2	0	1	1	1	1	1	1	1	1	1	1	1	1	1	1	1	1	1	1	1	1	1	1	1	1	1	1	1	1	1
334	1	1	1	2	1	1	1	0	0	1	1	1	0	1	0	0	2	0	2	2	2	1	1	2	2	2	2	2	2	0	0	1	1	0	0	0	0	0	0	0	0	0	0	0	0	0	0	0	0	1	0	0	0	0	0	0	0	0	0	0	0	0	1
335	1	1	1	1	1	1	1	1	1	1	1	1	1	1	1	1	1	1	2	2	2	1	1	2	2	2	2	2	2	1	1	2	2	0	0	0	0	0	0	0	0	0	0	0	0	0	0	0	0	0	0	0	0	0	0	0	0	0	0	0	0	0	0
336	1	2	2	2	2	2	2	0	0	2	2	2	1	2	1	0	2	0	2	2	2	0	0	2	2	2	2	2	2	2	2	2	2	0	0	0	0	0	0	0	0	0	0	0	0	0	0	0	0	0	0	0	0	0	0	0	0	0	0	0	0	0	0
337	1	1	1	2	1	1	1	1	1	1	1	1	1	1	1	1	2	1	2	2	2	1	1	2	2	2	2	2	2	1	1	2	2	0	0	0	0	0	0	0	0	0	0	0	0	0	0	0	0	0	0	0	0	0	0	0	0	0	0	0	0	0	1
338	1	1	1	1	1	1	1	1	1	1	1	1	1	1	1	1	1	1	2	2	2	0	0	2	2	2	2	2	2	2	2	2	2	0	0	0	0	0	0	0	0	0	0	0	0	0	0	0	0	0	0	0	0	0	0	0	0	0	0	0	0	0	0
339	1	1	1	2	1	1	1	1	1	2	2	2	1	2	1	1	1	0	2	2	2	2	1	2	2	2	2	2	2	1	0	2	2	0	0	0	0	0	0	0	0	0	0	0	0	0	0	0	0	0	0	0	0	0	0	0	0	0	0	0	0	0	0
340	2	2	2	2	2	2	2	0	0	2	2	2	0	2	0	0	2	0	2	2	2	1	1	2	2	2	2	2	2	1	1	2	2	0	0	0	0	0	0	0	0	0	0	0	0	0	0	0	0	0	0	0	0	0	0	0	0	0	0	0	0	0	0
341	0	0	0	1	0	0	0	1	1	1	1	1	1	1	1	1	1	0	2	2	2	2	1	2	2	2	2	2	2	0	0	2	2	0	0	0	0	0	0	0	0	0	0	0	0	0	0	0	0	0	0	0	0	0	0	0	0	0	0	0	0	0	2
342	1	1	1	2	1	1	1	1	2	2	2	2	2	2	2	2	2	1	2	2	2	1	1	2	2	2	2	2	2	2	2	2	2	0	0	0	0	0	0	0	0	0	0	0	0	0	0	0	0	0	0	0	0	0	0	0	0	0	0	0	0	0	0
343	0	0	0	1	0	0	0	0	0	0	0	0	0	0	0	0	1	0	2	2	2	1	1	2	2	2	2	2	2	0	0	1	1	0	0	0	0	0	0	0	0	0	0	0	0	0	0	0	0	1	0	0	0	0	0	0	0	0	0	0	0	0	1
344	2	2	2	2	2	2	2	0	0	2	2	2	0	2	0	0	2	0	2	2	2	0	0	2	2	2	2	2	2	1	1	2	2	0	0	0	0	0	0	0	0	0	0	0	0	0	0	0	0	0	0	0	0	0	0	0	0	0	0	0	0	0	0
345	1	2	2	2	2	2	2	1	1	2	2	2	1	2	1	1	2	0	2	2	2	0	0	2	2	2	2	2	2	1	1	2	2	0	0	0	0	0	0	0	0	0	0	0	0	0	0	0	0	1	0	0	0	0	0	0	0	0	0	0	0	0	0
346	1	1	1	2	1	1	1	1	1	2	2	2	1	2	1	1	2	0	2	2	2	1	0	2	2	2	2	2	2	1	1	2	2	0	0	0	0	0	0	0	0	0	0	0	0	0	0	0	0	0	0	0	0	0	0	0	0	0	0	0	0	0	1
347	1	1	1	2	1	1	1	1	1	2	2	2	1	2	1	1	2	1	2	2	2	1	1	2	2	2	2	2	2	2	2	2	2	0	0	0	0	0	0	0	0	0	0	0	0	0	0	0	0	0	0	0	0	0	0	0	0	0	0	0	0	0	0
348	1	1	1	2	1	1	1	1	1	1	1	1	1	1	1	1	2	1	2	2	2	2	2	2	2	2	2	2	2	1	1	2	1	0	0	0	0	0	0	0	0	0	0	0	0	0	0	0	0	0	0	0	0	0	0	0	0	0	0	0	0	0	0
349	2	2	2	2	2	2	2	1	1	2	2	2	1	2	1	1	2	1	2	2	2	0	0	2	2	2	2	2	2	2	2	2	2	0	0	0	0	0	0	0	0	0	0	0	0	0	0	0	0	0	0	0	0	0	0	0	0	0	0	0	0	0	0
350	1	1	1	1	1	1	1	0	0	1	1	1	0	1	0	0	1	0	2	2	2	2	1	2	2	2	2	2	2	0	0	2	2	1	0	0	0	0	0	0	0	0	0	0	0	0	0	0	0	0	0	0	0	0	0	0	0	0	0	0	0	0	0
351	1	1	1	2	1	1	1	1	1	2	2	2	1	2	1	1	2	1	2	2	2	1	1	2	2	2	2	2	2	1	1	2	2	0	0	0	0	0	0	0	0	0	0	0	0	0	0	0	0	0	0	0	0	0	0	0	0	0	0	0	0	0	0
352	0	0	0	1	0	0	0	1	1	1	1	1	1	1	1	1	1	0	1	2	2	1	0	2	2	2	2	2	2	2	2	2	1	0	0	0	0	0	0	0	0	0	0	0	0	0	0	0	0	0	0	0	0	0	0	0	0	0	0	0	0	0	0
353	1	1	1	2	1	1	1	1	1	1	1	1	1	1	1	1	2	0	2	2	2	1	1	2	2	2	2	2	2	2	2	2	2	0	1	1	1	1	1	1	1	1	2	2	2	2	2	1	2	1	1	1	1	1	0	1	1	1	1	1	1	1	1
354	1	1	1	2	1	1	1	0	0	1	1	1	0	1	0	0	2	0	2	2	2	0	0	2	2	2	2	2	2	1	1	1	1	0	0	0	0	0	0	0	0	0	0	0	0	0	0	0	0	1	0	0	0	0	0	0	0	0	0	0	0	0	0
355	1	1	1	2	1	1	1	1	1	1	1	1	1	1	1	1	1	0	2	2	2	2	2	2	2	2	2	2	2	2	2	2	2	0	1	1	1	1	1	1	1	1	1	1	1	1	1	1	1	1	1	1	1	1	1	1	1	1	1	1	1	1	1
356	0	0	0	2	0	0	0	1	1	1	1	1	1	1	1	1	2	0	2	2	2	1	0	2	2	2	2	2	2	1	1	2	2	0	0	0	0	0	0	0	0	0	0	0	0	0	0	0	0	0	0	0	0	0	0	0	0	0	0	0	0	0	1
357	2	2	2	2	2	2	2	0	0	2	2	2	0	2	0	0	2	0	2	2	2	2	1	2	2	2	2	2	2	2	2	2	2	0	0	0	0	1	0	0	1	0	0	0	0	0	0	0	0	0	0	0	0	0	0	0	0	0	0	0	0	0	0
358	1	2	2	2	2	2	2	1	1	2	2	2	2	2	2	1	2	1	2	2	2	2	2	2	2	2	2	2	2	2	2	2	1	0	0	0	0	0	0	0	0	0	0	0	0	0	0	0	0	0	0	0	0	0	0	0	0	0	0	0	0	0	0
359	2	2	2	2	2	2	2	1	1	2	2	2	1	2	1	1	2	1	2	2	2	1	1	2	2	2	2	2	2	1	1	2	1	0	0	0	0	0	0	0	0	0	0	0	0	0	0	0	0	0	0	0	0	0	0	0	0	0	0	0	0	0	0
360	2	2	2	2	2	2	2	1	0	2	2	2	1	2	1	1	2	1	1	2	2	2	2	1	1	1	1	1	2	1	1	1	1	0	0	0	0	0	0	0	0	0	0	0	0	0	0	0	0	0	0	0	0	0	0	0	0	0	0	0	0	0	0
361	1	1	1	2	1	1	1	0	0	1	1	1	0	1	0	0	2	0	2	2	2	1	1	2	2	2	2	2	2	2	2	2	2	0	0	0	0	0	0	0	0	0	1	1	1	1	1	0	1	1	1	1	1	1	0	1	1	1	1	1	1	1	1
362	1	2	2	2	2	2	2	1	1	1	1	1	1	1	1	1	2	0	1	2	2	1	1	2	2	2	2	2	2	0	0	2	1	0	1	1	1	1	1	1	1	1	1	1	1	1	1	1	1	2	1	1	1	1	1	1	1	1	1	1	1	1	1
363	2	2	2	2	2	2	2	1	1	2	2	2	1	2	1	1	2	0	2	2	1	1	0	2	2	2	2	2	2	1	1	2	2	0	0	0	0	0	0	0	0	0	0	0	0	0	0	0	0	0	0	0	0	0	0	0	0	0	0	0	0	0	1
364	2	2	2	2	2	2	2	0	0	2	2	2	0	2	0	0	2	0	2	2	2	0	0	2	2	2	2	2	2	2	2	2	2	0	0	0	0	0	0	0	0	0	0	0	0	0	0	0	0	0	0	0	0	0	0	0	0	0	0	0	0	0	0
365	1	1	2	2	1	1	1	1	1	2	2	2	1	2	1	1	2	1	2	2	2	1	1	2	2	2	2	2	2	2	2	2	2	0	1	1	1	1	1	1	1	1	1	1	1	1	1	1	1	1	1	1	1	1	1	1	1	1	1	1	1	1	1
366	2	2	2	2	2	2	2	2	2	2	2	2	2	2	2	2	2	0	2	2	1	1	0	2	2	2	2	2	2	2	2	2	2	0	0	0	0	0	0	0	0	0	0	0	0	0	0	0	0	0	0	0	0	0	0	0	0	0	0	0	0	0	1
367	0	0	0	2	0	0	0	0	0	0	0	0	0	0	0	0	2	0	1	2	2	1	0	2	2	2	2	2	2	1	1	2	2	0	0	0	0	0	0	0	0	0	0	0	0	0	0	0	0	0	0	0	0	0	0	0	0	0	0	0	0	0	0
368	2	2	2	2	2	2	2	1	1	2	2	2	1	2	1	0	1	0	2	2	2	2	2	2	2	2	2	2	2	1	1	2	1	0	0	0	0	0	0	0	0	0	0	0	0	0	0	0	0	0	0	0	0	0	0	0	0	0	0	0	0	0	0
369	2	2	2	2	2	2	2	1	1	2	2	2	1	2	1	1	2	1	2	2	2	2	2	2	2	2	2	2	2	2	2	2	2	0	0	0	0	0	0	0	0	0	0	0	0	0	0	0	0	0	0	0	0	0	0	0	0	0	0	0	0	0	0
370	1	1	1	1	1	1	1	0	0	1	1	1	0	1	0	1	2	0	2	2	1	1	0	2	2	2	2	2	2	2	2	2	2	0	0	0	0	0	0	0	0	0	0	0	0	0	0	0	0	0	0	0	0	0	0	0	0	0	0	0	0	0	0
371	1	1	1	1	1	1	1	0	0	1	1	1	0	1	0	0	1	0	1	2	2	0	0	2	2	2	2	2	2	1	1	2	1	0	0	0	0	0	0	0	0	0	0	0	0	0	0	0	0	0	0	0	0	0	0	0	0	0	0	0	0	0	0
372	0	0	0	1	0	0	0	1	1	1	1	1	1	1	1	1	1	0	2	2	2	2	2	2	2	2	2	2	2	2	2	2	2	0	1	0	0	0	0	0	0	0	0	0	0	0	0	0	0	0	0	0	0	0	0	0	0	0	0	0	0	0	0
