29	0	0	0	1	0	0	0	0	0	0	0	1	1	0	0	0	0	0	0	0	0	0	0	0	0	0	0	0	1	0	0	0	0	0	0	0	0	0	0	0	0	0	0	0	0	0	0	0	0	0	0	0	0	0	0	0	0	0	0	0	0	0	0	0	0	0	0	0	0	0	0	0	0	0	0	0	0	0	0	0	0	0	0	0	0	0	0	0	0	0	0	0	0	0	0	0	0	0	0	0	0	0	0	0	0	0	0	0	0	0	0	0	0	0	0	0	0	0	0	0	0	0	0	0	0	0	0	0	0	0	0	0	0	0	0	0	0	0	0	0	0	0	0	0	0	0	0	0	0	0	0	0	0	0	0	0	0	0	0	0	0	0	0	0	0	0	0	0	0	0	0	0	0	0	0	0	0	0	0	0	0	0	0	0	0	0	0	0	0	0	0	0	0	0	0	0	0	0	0	0	0	0	0	1	0	1	0	0	2	2	0	0	0	0	0	0	0	0	0	0	0	0	0	0	0	0	0	0	0	0	1	0	0	2	0	1	0	0	0	0	0	0	0	1	0	2	1	1	1	1	0	1	0	1	0	0	0	0	0	0	0	0	1	1	1	0	0	1	0	0	1	1	1	1	2	1	0	1	2	2	2	1	2	0
30	0	0	0	2	0	0	0	0	0	0	0	2	2	0	0	0	0	0	0	0	0	0	0	0	0	0	0	0	2	0	0	0	0	0	1	1	0	2	0	0	0	0	0	2	0	0	2	2	2	0	2	2	2	0	2	2	2	2	0	0	2	2	2	0	2	2	2	2	2	2	2	0	2	2	2	2	0	2	2	2	2	2	2	2	2	2	2	2	0	0	1	0	2	2	2	2	0	0	1	1	1	0	1	1	1	1	1	0	0	0	0	0	0	0	1	0	1	0	0	0	0	0	1	1	0	1	1	1	1	1	1	0	0	1	1	1	1	0	1	0	0	1	0	1	1	1	0	1	1	1	1	1	0	1	1	0	0	1	1	1	1	1	1	1	1	1	1	1	0	1	1	1	0	1	1	1	1	0	0	1	1	1	1	0	1	1	0	0	0	1	0	0	2	0	0	0	0	0	0	1	1	0	0	1	0	1	0	1	1	1	0	0	0	0	0	0	0	0	0	0	0	0	0	0	1	0	0	0	0	0	1	0	0	2	0	2	0	0	2	0	0	0	0	2	0	2	2	1	1	0	0	1	0	1	0	1	1	1	0	1	0	1	0	1	0	0	0	0	0	0	1	2	1	1	2	1	0	1	2	2	2	0	2	0
31	0	0	1	1	0	0	0	0	0	0	0	1	1	0	0	0	0	0	0	0	0	0	0	0	0	0	0	0	1	1	0	0	1	0	0	1	1	1	0	0	0	0	0	0	0	0	1	1	1	0	0	0	0	0	0	0	0	0	0	0	0	0	0	1	0	0	0	0	0	0	0	0	0	0	0	0	0	0	0	0	0	0	0	0	0	0	0	0	0	0	0	0	0	0	0	0	0	0	0	0	0	0	0	0	0	0	0	0	0	0	0	0	0	0	0	0	0	0	0	0	0	0	0	0	0	0	0	0	0	0	0	0	0	0	0	1	1	0	0	0	0	0	0	0	0	0	0	0	0	0	0	0	0	0	0	0	0	0	0	0	0	0	0	0	0	0	0	0	0	0	0	0	0	0	0	0	0	0	0	0	0	0	0	0	0	0	0	0	0	0	1	1	0	0	0	0	0	0	0	1	0	0	0	0	0	0	0	1	1	1	1	0	0	0	0	1	1	0	0	1	1	1	0	0	1	0	0	0	0	0	0	0	0	1	1	1	1	0	2	0	0	1	0	2	1	1	1	0	0	0	0	0	0	0	0	0	0	0	0	0	0	0	0	1	0	0	0	0	0	0	0	1	0	0	0	0	0	0	0	0	0	0	1	0
32	0	0	0	0	0	0	0	0	0	0	0	0	0	0	0	0	0	0	0	0	0	0	0	0	0	0	0	0	0	0	0	0	0	0	0	0	0	0	0	0	0	0	0	0	0	0	0	0	0	0	0	0	0	0	0	0	0	0	0	0	0	0	0	0	0	0	0	0	0	0	0	0	0	0	0	0	0	0	0	0	0	0	0	0	0	0	0	0	0	0	0	0	0	0	0	0	0	0	0	0	0	0	0	0	0	0	0	0	0	0	0	0	0	0	0	0	0	0	0	0	0	0	0	0	0	0	0	0	0	0	0	0	0	0	0	0	0	0	0	0	0	0	0	0	0	0	0	0	0	0	0	0	0	0	0	0	0	0	0	0	0	0	0	0	0	0	0	0	0	0	0	0	0	0	0	0	0	0	0	0	0	0	0	0	0	0	0	0	0	0	0	0	0	0	0	0	0	0	0	1	0	0	0	0	0	0	0	0	0	0	0	0	0	0	0	0	0	0	0	0	0	0	0	0	0	0	0	0	0	0	0	0	0	0	0	0	0	0	0	0	0	0	0	0	0	1	1	1	1	0	0	1	0	1	0	0	0	0	0	0	0	0	0	1	0	0	0	1	1	0	1	1	0	0	0	1	0	0	0	0	0	0	1	0
33	0	1	0	1	0	0	0	0	0	0	1	1	2	0	0	1	1	1	1	1	1	1	1	1	0	0	0	0	1	0	0	0	0	1	0	1	0	0	1	0	1	1	1	0	1	1	0	0	0	1	0	0	0	1	0	0	0	0	0	0	0	0	0	1	0	0	0	0	0	0	0	1	0	0	0	0	1	1	1	1	1	1	1	1	1	1	1	1	0	0	1	0	1	1	1	1	1	0	1	1	1	0	1	1	1	0	1	0	0	0	0	0	0	0	1	0	1	0	0	0	0	0	1	1	0	1	1	1	1	1	1	0	0	0	0	0	0	0	1	0	0	1	0	1	1	1	0	0	1	1	1	1	0	0	1	0	0	1	1	0	1	1	1	1	1	1	0	0	0	0	0	0	0	0	0	0	0	0	0	0	0	1	0	0	0	1	0	1	0	0	1	1	0	0	0	0	0	0	0	1	0	0	0	0	0	0	0	0	2	2	1	0	0	0	0	1	1	0	0	1	1	1	0	1	1	0	1	0	0	1	1	0	1	1	0	1	0	0	0	0	0	0	0	1	0	2	1	0	0	0	0	0	0	0	0	0	0	0	0	0	0	1	1	1	0	0	0	0	0	0	0	2	1	1	2	1	0	1	2	2	2	1	2	0
34	0	0	0	2	0	0	0	0	0	0	0	2	2	0	0	0	0	0	0	0	0	0	0	0	0	0	0	0	2	0	0	0	0	0	0	2	0	0	0	0	0	0	0	0	0	0	0	0	0	0	0	0	0	0	0	0	0	0	0	0	0	0	0	0	0	0	0	0	0	0	0	0	0	0	0	0	0	0	0	0	0	0	0	0	0	0	0	0	0	0	0	0	0	0	0	0	0	0	0	0	0	0	0	0	0	0	0	0	0	0	0	0	0	0	0	0	0	0	0	0	0	0	0	0	0	0	0	0	0	0	0	0	0	0	0	0	0	0	0	0	0	0	0	0	0	0	0	0	0	0	0	0	0	0	0	0	0	0	0	0	0	0	0	0	0	0	0	0	0	0	0	0	0	0	0	0	0	0	0	0	0	0	0	0	0	0	0	0	0	0	0	0	0	0	0	0	0	0	0	0	0	0	0	0	0	0	0	0	2	2	0	0	0	0	0	0	0	0	0	0	0	0	0	0	0	0	0	0	0	0	2	0	0	2	0	2	0	0	0	0	0	0	0	1	0	2	1	1	1	1	0	1	0	1	0	0	0	0	0	0	0	0	1	1	1	0	0	1	0	0	1	1	1	1	2	1	0	1	2	2	2	1	2	0
35	0	0	1	1	0	0	0	0	0	0	0	1	1	0	0	0	0	0	0	0	0	0	0	0	0	0	0	0	1	1	0	0	1	0	1	1	1	1	0	0	0	0	0	1	0	0	2	2	2	0	1	1	1	0	1	1	1	1	0	0	1	1	1	1	1	1	1	1	1	1	1	0	1	1	1	1	0	1	1	1	1	1	1	1	1	1	1	1	0	0	0	0	1	1	1	1	0	0	0	0	0	0	0	0	0	0	0	0	1	0	0	0	0	0	0	0	0	0	0	0	0	0	0	0	0	0	0	0	0	0	0	0	0	0	0	2	2	0	0	0	0	0	0	0	0	0	0	0	0	0	0	0	0	1	1	1	1	0	0	0	0	0	0	0	0	0	0	0	0	0	0	0	0	0	0	0	0	0	0	0	0	0	0	0	0	1	0	0	0	0	2	2	0	0	0	0	0	0	0	2	0	0	0	1	0	0	0	2	2	2	2	0	0	0	0	2	2	0	0	2	2	2	0	0	2	0	0	0	0	0	0	0	0	2	1	2	1	0	1	0	0	1	0	2	1	1	0	0	0	0	0	0	0	0	0	0	0	0	0	0	0	0	1	2	0	0	0	0	0	0	0	2	1	1	1	1	0	1	1	1	1	1	1	0
36	0	0	1	1	0	0	0	0	0	0	0	1	1	0	0	0	0	0	0	0	0	0	0	0	0	0	0	0	1	1	0	0	1	0	0	0	1	1	0	0	0	0	0	1	0	0	2	2	2	0	0	0	1	0	1	1	1	1	0	0	1	1	1	1	1	1	1	1	1	1	1	0	1	1	1	1	0	1	1	1	1	1	1	1	1	1	1	1	0	0	1	0	1	1	1	1	0	0	0	0	0	0	0	0	0	0	0	0	1	0	0	0	0	0	0	0	0	0	0	0	0	1	1	1	0	1	1	1	1	1	1	0	0	0	0	1	1	0	1	0	0	1	0	1	1	1	0	0	1	1	1	1	0	0	1	0	0	1	1	1	1	1	1	1	1	1	1	1	0	1	1	1	0	1	1	1	1	0	0	1	1	1	1	1	1	0	0	0	0	1	1	1	1	0	0	0	0	0	0	1	0	0	0	1	0	0	0	2	2	2	2	0	0	0	0	2	2	0	0	2	2	2	0	0	2	0	0	0	0	0	0	0	1	1	1	1	1	0	1	0	0	1	0	1	1	1	1	1	1	1	0	1	0	1	0	1	1	1	0	1	1	1	0	2	0	0	0	0	0	0	1	2	1	1	1	1	0	1	1	1	1	0	1	0
37	0	0	1	0	0	0	0	0	0	0	0	0	0	0	0	0	0	0	0	0	0	0	0	0	0	0	0	0	0	1	0	0	1	0	0	0	1	0	0	0	0	0	0	1	0	0	1	1	1	0	1	1	1	0	1	1	1	1	0	0	1	1	1	0	1	1	1	1	1	1	1	0	1	1	1	1	0	0	0	0	0	0	0	0	0	0	0	0	0	0	1	0	0	0	0	1	0	0	0	0	0	0	0	0	0	0	0	0	0	0	0	0	0	0	0	0	0	0	0	0	0	0	0	0	0	0	0	0	0	0	0	0	0	0	0	0	0	0	0	0	0	0	0	0	0	0	0	0	0	0	0	0	0	0	0	0	0	0	0	0	0	0	0	0	0	0	0	0	0	0	0	0	0	0	0	0	0	0	0	0	0	0	0	0	0	0	0	0	0	0	0	0	0	0	0	0	0	0	0	2	0	0	0	0	0	0	0	0	0	0	0	0	0	0	0	0	0	0	0	0	0	0	0	0	0	0	0	0	0	0	0	0	0	0	0	0	0	0	0	0	0	0	0	0	0	1	0	1	1	0	0	1	0	1	0	0	0	0	0	0	0	0	0	1	0	0	0	1	1	0	1	1	0	0	0	1	0	0	0	0	0	0	1	0
38	0	0	1	1	0	0	0	0	0	0	0	1	1	0	0	0	0	0	0	0	0	0	0	0	0	0	0	0	1	1	0	0	1	0	0	0	1	2	0	0	0	0	0	1	0	0	2	2	2	0	1	1	1	0	1	1	1	1	0	0	1	1	1	1	1	1	1	1	1	1	1	0	1	1	1	1	0	1	1	1	1	1	1	1	1	1	1	1	0	0	0	0	1	1	1	0	0	0	0	0	0	0	0	0	0	0	0	0	0	0	0	0	0	0	0	0	0	0	0	0	0	0	0	0	0	0	0	0	0	0	0	0	0	0	0	1	1	0	0	0	0	0	0	0	0	0	0	0	0	0	0	0	0	0	0	0	0	0	0	0	0	0	0	0	0	0	0	0	0	0	0	0	0	0	0	0	0	0	0	0	0	0	0	0	0	0	0	0	0	0	1	1	0	0	0	0	0	0	0	1	0	0	0	0	0	0	0	1	2	1	1	0	0	0	0	1	1	0	0	1	1	1	0	0	1	0	0	0	0	0	0	0	0	2	1	2	1	0	2	0	0	1	0	2	1	0	0	0	0	0	0	0	0	0	0	0	0	0	0	0	0	0	0	1	0	0	0	0	0	0	0	1	0	0	0	0	0	0	0	0	0	0	1	0
39	0	0	0	1	0	0	0	0	0	0	0	1	1	0	0	0	0	0	0	0	0	0	0	0	0	0	0	0	1	0	0	0	0	0	1	2	0	1	0	0	0	0	0	1	0	0	1	1	1	0	1	1	1	0	1	1	1	1	0	0	1	1	1	0	1	1	1	1	1	1	1	0	1	1	1	1	0	1	1	1	1	1	1	1	1	1	1	1	0	0	0	0	1	1	1	1	1	0	1	0	0	0	0	0	0	0	0	0	1	0	0	0	0	0	0	0	0	0	0	0	0	1	0	0	0	0	0	0	0	0	0	0	0	0	0	2	2	0	0	0	0	0	0	0	0	1	0	0	0	0	0	0	0	1	2	1	1	0	0	0	0	0	0	0	0	0	0	0	0	0	0	0	0	0	0	0	0	0	0	0	0	0	0	0	0	1	0	0	0	0	2	2	0	0	0	0	0	0	0	2	0	0	0	0	0	0	0	2	2	2	2	0	0	0	0	2	2	0	0	2	2	2	0	0	2	0	0	0	0	0	0	0	0	2	0	2	0	0	1	0	0	0	0	2	0	2	0	0	0	0	0	0	0	0	0	0	0	0	0	0	1	1	1	1	0	0	0	0	0	0	0	2	2	2	2	2	0	2	2	2	2	2	2	0
40	0	0	1	0	0	0	0	0	0	0	0	0	0	0	0	0	0	0	0	0	0	0	0	0	0	0	0	0	0	1	0	0	1	0	0	0	1	0	0	0	0	0	0	1	0	0	1	1	1	0	0	0	0	0	0	0	0	0	0	0	0	0	0	1	0	0	0	0	0	0	0	1	0	0	0	0	0	0	0	0	0	0	0	0	0	0	0	0	0	0	0	0	0	0	0	0	0	0	0	0	0	0	0	0	0	0	0	0	0	0	0	0	0	0	0	0	0	0	0	0	0	0	0	0	0	0	0	0	0	0	0	0	0	0	0	0	0	0	0	0	0	0	0	0	0	0	0	0	0	0	0	0	0	0	0	0	0	0	0	0	0	0	0	0	0	0	0	0	0	0	0	0	0	0	0	0	0	0	0	0	0	0	0	0	0	0	0	0	0	0	0	0	0	0	0	0	0	0	0	2	0	0	0	0	0	0	0	0	0	0	0	0	0	0	0	0	0	0	0	0	0	0	0	0	0	0	0	0	0	1	0	0	0	0	0	0	0	0	0	0	0	0	0	0	0	2	2	2	2	0	0	2	0	2	0	0	0	0	0	0	0	0	0	2	0	0	0	2	2	0	2	2	0	0	0	2	0	0	0	0	0	0	0	0
296	0	1	0	1	0	0	0	0	0	0	1	1	2	0	0	1	1	1	1	1	1	1	1	1	0	0	0	0	1	0	0	0	0	1	0	0	0	1	1	0	1	1	1	1	1	1	1	1	1	1	1	1	1	1	1	1	1	1	0	0	1	1	1	1	1	1	1	1	1	1	1	1	1	1	1	1	1	2	2	2	2	2	2	2	2	2	2	2	0	0	2	0	2	2	2	2	2	0	2	1	1	0	1	1	1	1	1	0	0	0	0	0	0	0	1	0	1	0	0	0	0	1	1	1	0	1	1	1	1	1	1	0	0	0	0	1	1	0	1	0	0	1	0	1	1	2	0	0	1	1	1	1	0	0	2	0	0	1	1	0	1	1	1	1	1	1	0	0	0	0	0	0	0	0	0	0	0	0	0	0	0	1	0	0	0	1	0	1	0	0	2	2	0	0	0	0	0	0	0	2	0	0	0	0	0	0	0	1	2	2	2	0	0	0	0	2	2	0	0	2	2	2	0	1	2	0	1	0	0	1	0	0	1	1	0	1	0	0	1	0	0	0	0	1	0	2	1	1	1	0	0	1	0	1	0	0	0	0	0	0	1	1	1	1	0	0	0	0	0	0	0	2	1	1	2	1	0	1	2	2	2	1	2	0
297	0	0	0	1	0	0	0	0	0	0	0	1	1	0	0	0	0	0	0	0	0	0	0	0	0	0	0	0	1	0	0	0	0	0	1	1	0	1	0	0	0	0	0	1	0	0	1	1	1	0	1	1	1	0	1	1	1	1	0	0	1	1	1	0	1	1	1	1	1	1	1	0	1	1	1	1	0	1	1	1	1	1	1	1	1	1	1	1	0	0	1	0	1	1	1	1	0	0	0	0	0	0	0	0	0	0	0	0	1	0	0	0	0	0	0	0	0	0	0	0	0	0	0	0	0	0	0	0	0	0	0	0	0	0	0	1	1	0	0	0	0	0	0	0	0	0	0	0	0	0	0	0	0	1	1	1	1	0	0	0	0	0	0	0	0	0	0	0	0	0	0	0	0	0	0	0	0	0	0	0	0	0	0	0	0	1	0	0	0	0	1	1	1	0	0	0	0	1	0	2	1	0	0	1	0	1	0	1	2	2	2	0	0	0	0	2	2	0	0	2	2	2	0	0	2	0	0	0	0	0	0	0	0	0	0	1	0	0	0	0	0	0	0	0	0	2	2	1	1	0	0	1	0	1	0	1	1	1	1	2	1	1	1	2	1	0	1	1	1	0	2	2	1	1	2	2	0	1	2	2	2	1	2	0
298	0	0	0	2	0	0	0	0	0	0	0	2	2	0	0	0	0	0	0	0	0	0	0	0	0	0	0	0	2	0	0	0	0	0	1	1	0	2	0	0	0	0	0	2	0	0	2	2	2	0	2	2	2	0	2	2	2	2	0	0	2	2	2	0	2	2	2	2	2	2	2	0	2	2	2	2	0	2	2	2	2	2	2	2	2	2	2	2	0	0	2	0	2	2	2	2	1	0	1	1	1	0	1	1	1	1	1	0	1	0	0	0	0	0	1	0	1	0	0	0	0	0	1	1	0	1	1	1	1	1	1	0	0	1	1	1	1	0	1	0	0	1	0	1	1	1	0	1	1	1	1	1	0	1	1	1	1	1	1	1	1	1	1	1	1	1	1	1	0	1	1	1	0	1	1	1	1	0	0	1	1	1	1	0	1	1	0	0	0	1	1	1	1	0	0	0	0	0	0	2	1	0	0	1	0	1	0	1	1	1	1	0	0	0	0	1	1	0	0	1	1	1	0	0	1	0	0	0	0	0	0	0	0	1	0	1	0	0	0	0	0	0	0	1	0	2	2	1	1	1	1	1	1	1	0	1	1	1	1	1	1	2	1	1	1	0	2	1	1	0	1	2	2	2	2	2	0	2	2	2	2	2	2	0
299	0	0	0	2	0	0	0	0	0	0	0	1	1	0	0	0	0	0	0	0	0	0	0	0	0	0	0	0	1	0	0	0	0	0	1	2	0	1	0	0	0	0	0	2	0	0	2	2	2	0	2	2	2	0	2	2	2	2	0	0	2	2	2	0	2	2	2	2	2	2	2	0	2	2	2	2	0	2	2	2	2	2	2	2	2	2	2	2	0	0	0	0	2	2	2	2	0	0	0	0	0	0	0	0	0	0	0	0	1	0	0	0	0	0	0	0	0	0	0	0	0	0	0	0	0	0	0	0	0	0	0	0	0	0	0	2	2	0	0	0	0	0	0	0	0	0	0	0	0	0	0	0	0	1	1	1	1	0	0	0	0	0	0	0	0	0	0	0	0	0	0	0	0	0	0	0	0	0	0	0	0	0	0	0	0	1	0	0	0	0	2	2	0	0	0	0	0	0	0	2	0	0	0	0	0	0	0	2	2	2	2	0	0	0	0	2	2	0	0	2	2	2	0	0	2	0	0	0	0	0	0	0	0	1	0	1	0	0	1	0	0	0	0	2	0	2	1	0	0	0	0	0	0	0	0	0	0	0	0	0	0	0	2	2	0	0	0	0	0	0	0	2	1	1	2	1	0	1	2	2	2	1	2	0
300	0	1	1	1	0	0	0	0	0	0	0	1	1	0	0	0	0	0	0	0	0	0	0	0	0	0	0	0	1	1	0	0	1	0	1	2	0	2	0	0	0	0	0	2	0	0	2	2	2	0	2	2	2	0	2	2	2	2	0	0	2	2	2	0	2	2	2	2	2	2	2	0	2	2	2	2	0	2	2	2	2	2	2	2	2	2	2	2	0	0	2	0	2	2	2	2	1	0	1	1	1	0	1	1	1	1	1	0	1	0	0	0	0	0	1	0	1	0	0	0	0	0	1	1	0	1	1	1	1	1	1	0	0	1	1	2	2	0	1	0	0	1	0	1	1	1	0	1	1	1	1	1	0	1	1	1	1	1	1	1	1	1	1	1	1	1	1	1	0	1	1	1	0	1	1	1	1	0	0	1	1	1	1	0	1	1	0	0	0	1	1	1	0	0	0	0	0	0	0	2	1	0	0	1	0	1	0	1	2	2	1	0	0	0	0	1	1	0	0	1	1	1	0	0	1	0	0	0	0	1	0	0	0	2	0	2	0	0	1	0	0	0	0	2	0	1	0	0	0	0	0	0	0	0	0	0	0	0	0	0	0	0	1	1	1	0	0	1	0	0	1	1	1	1	2	1	0	1	2	2	2	1	2	0
301	0	1	1	0	0	0	0	0	0	0	1	0	1	0	0	1	1	1	1	1	1	1	1	1	0	0	0	0	0	1	0	0	1	1	0	0	1	1	1	0	1	1	1	0	1	1	1	1	1	1	0	0	0	1	0	0	0	0	0	0	0	0	0	2	0	0	0	0	0	0	0	1	0	0	0	0	1	1	1	1	1	1	1	1	1	1	1	1	0	0	2	0	1	1	1	1	1	0	1	1	1	0	1	1	1	0	1	0	0	0	0	0	0	0	1	0	1	0	0	0	0	0	1	1	0	1	1	1	1	1	1	0	0	0	0	1	1	0	1	0	0	1	0	1	1	1	0	0	1	1	1	1	0	0	1	0	0	1	1	0	1	1	1	1	1	1	0	0	0	0	0	0	0	0	0	0	0	0	0	0	0	1	0	0	0	1	0	1	0	0	2	2	0	0	0	0	0	0	0	2	0	0	0	0	0	0	0	1	2	2	2	0	0	0	0	2	2	0	0	2	2	2	0	1	2	0	1	0	0	1	0	0	1	1	1	1	1	0	1	0	0	1	0	1	1	1	1	1	1	0	0	1	0	1	0	0	0	0	0	0	0	0	1	2	0	0	0	0	0	0	0	2	1	1	1	1	0	1	1	0	1	1	1	0
302	0	1	0	0	0	0	0	0	0	0	1	0	1	0	0	1	1	1	1	1	1	1	1	1	0	0	0	0	0	0	0	0	0	1	0	1	0	0	1	0	1	1	1	0	1	1	0	0	0	1	0	0	0	1	0	0	0	0	0	0	0	0	0	1	0	0	0	0	0	0	0	1	0	0	0	0	1	1	1	1	1	1	1	1	1	1	1	1	0	0	1	0	1	1	1	1	1	0	1	1	1	0	1	1	1	0	1	0	0	0	0	0	0	0	1	0	1	0	0	0	0	0	1	1	0	1	1	1	1	1	1	0	0	0	0	0	0	0	1	0	0	1	0	1	1	1	0	0	1	1	1	1	0	0	1	0	0	1	1	0	1	1	1	1	1	1	0	0	0	0	0	0	0	0	0	0	0	0	0	0	0	1	0	0	0	1	0	1	0	0	1	1	0	0	0	0	0	0	0	1	0	0	0	0	0	0	0	0	1	1	1	0	0	0	0	1	1	0	0	1	1	1	0	1	1	0	1	0	0	1	0	0	1	0	0	0	0	0	0	0	0	0	0	0	0	2	1	0	0	0	0	0	0	0	0	0	0	0	0	0	0	0	0	1	0	0	0	0	0	0	1	1	1	1	1	1	0	1	1	1	1	0	1	0
303	0	1	1	0	0	0	0	0	0	0	0	0	0	0	0	0	0	0	0	0	0	0	0	0	0	0	0	0	0	1	0	0	1	0	0	1	0	1	0	0	0	0	0	1	0	0	1	1	1	0	1	1	1	0	1	2	1	1	0	0	1	1	1	0	1	1	1	1	1	1	1	0	1	1	1	1	0	1	1	1	1	1	1	1	1	1	1	1	0	0	1	0	1	1	1	1	0	0	0	0	0	0	0	0	0	0	0	0	0	0	0	0	0	0	0	0	0	0	0	0	0	0	0	0	0	0	0	0	0	0	0	0	0	0	0	1	1	0	0	0	0	0	0	0	0	0	0	0	0	0	0	0	0	0	0	0	0	0	0	0	0	0	0	0	0	0	0	0	0	0	0	0	0	0	0	0	0	0	0	0	0	0	0	0	0	0	0	0	0	0	1	1	0	0	0	0	0	0	0	1	0	0	0	0	0	0	0	1	1	1	1	0	0	0	0	1	1	0	0	1	1	1	0	0	1	0	0	0	0	0	0	0	0	0	0	0	0	0	1	0	0	0	0	1	0	1	1	1	1	0	0	1	0	1	0	0	0	0	0	0	0	0	0	1	0	0	0	0	0	0	0	1	0	0	1	0	0	0	1	1	1	0	1	0
304	0	0	1	1	0	0	0	0	0	0	0	0	0	0	0	0	0	0	0	0	0	0	0	0	0	0	0	0	0	2	0	0	2	0	0	1	1	2	0	0	0	0	0	2	0	0	2	2	2	0	2	2	2	0	2	2	2	2	0	0	2	2	2	0	2	2	2	2	2	2	2	0	2	2	2	2	0	1	1	1	1	1	1	1	1	1	1	1	0	0	0	0	1	1	1	1	0	0	0	0	0	0	0	0	0	0	0	0	0	0	0	0	0	0	0	0	0	0	0	0	0	0	0	0	0	0	0	0	0	0	0	0	0	0	0	1	1	0	0	0	0	0	0	0	0	0	0	0	0	0	0	0	0	0	0	0	0	0	0	0	0	0	0	0	0	0	0	0	0	0	0	0	0	0	0	0	0	0	0	0	0	0	0	0	0	0	0	0	0	0	1	1	0	0	0	0	0	0	0	2	0	0	0	0	0	0	0	1	1	1	1	0	0	0	0	1	1	0	0	1	1	1	0	0	1	0	0	0	0	0	0	0	0	0	0	0	0	0	1	0	0	0	0	1	0	2	1	1	1	0	0	1	0	1	0	0	0	0	0	0	0	0	1	2	0	0	0	1	1	0	1	2	0	0	1	1	0	0	1	1	1	0	1	0
305	0	0	0	1	0	0	0	0	0	0	0	1	1	0	0	0	0	0	0	0	0	0	0	0	0	0	0	0	1	0	0	0	0	0	0	1	0	0	0	0	0	0	0	0	0	0	0	0	0	0	0	0	0	0	0	0	0	0	0	0	0	0	0	0	0	0	0	0	0	0	0	0	0	0	0	0	0	0	0	0	0	0	0	0	0	0	0	0	0	0	0	0	0	0	0	0	0	0	0	0	0	0	0	0	0	0	0	0	0	0	0	0	0	0	0	0	0	0	0	0	0	0	0	0	0	0	0	0	0	0	0	0	0	0	0	0	0	0	0	0	0	0	0	0	0	0	0	0	0	0	0	0	0	0	0	0	0	0	0	0	0	0	0	0	0	0	0	0	0	0	0	0	0	0	0	0	0	0	0	0	0	0	0	0	0	0	0	0	0	0	0	0	0	0	0	0	0	0	0	1	0	0	0	0	0	0	0	0	1	1	0	0	0	0	0	0	0	0	0	0	0	0	0	0	0	0	0	0	0	0	1	0	0	1	0	1	0	0	0	0	0	0	0	1	0	2	1	1	1	0	0	1	0	1	0	0	0	0	0	0	0	0	1	2	0	0	0	1	1	0	1	2	1	1	1	2	0	1	1	1	1	1	1	0
306	0	0	1	1	1	0	0	0	0	0	0	1	1	0	0	0	0	0	0	0	0	0	0	0	0	0	0	0	1	1	0	0	1	0	1	1	1	2	0	0	0	0	0	1	0	0	2	2	2	0	1	1	1	0	1	1	1	1	0	0	1	1	1	1	1	1	1	1	1	1	1	0	1	1	1	1	0	1	1	1	0	0	0	0	0	0	0	0	0	0	0	0	0	0	0	0	0	0	0	0	0	0	0	0	0	0	0	0	0	0	0	0	0	0	0	0	0	0	0	0	0	1	0	0	0	0	0	0	0	0	0	0	0	0	0	2	2	0	0	0	0	0	0	0	0	0	0	0	0	0	0	0	0	0	1	0	0	1	1	1	1	1	1	1	1	1	1	1	0	1	1	1	0	1	1	0	1	0	0	1	0	1	1	0	1	0	0	0	0	0	1	1	0	0	0	0	0	0	0	2	0	0	0	0	0	0	0	1	2	2	2	0	0	0	0	2	2	0	0	2	2	2	0	0	2	0	1	0	0	1	0	0	1	1	1	1	1	0	2	0	0	1	0	1	1	1	1	1	1	0	0	1	0	1	0	0	0	0	0	0	0	0	1	2	0	0	0	0	0	0	0	1	0	0	0	0	0	0	0	0	0	0	1	0
307	0	1	0	1	0	0	0	0	0	0	1	1	2	0	0	1	1	1	1	1	1	1	1	1	0	0	0	0	1	0	0	0	0	1	1	1	0	2	0	0	0	0	0	2	0	0	2	2	2	0	1	1	2	0	2	2	2	2	0	0	2	2	2	0	2	2	2	2	2	2	2	0	2	2	2	2	0	2	2	2	2	2	2	2	2	2	2	2	0	0	1	0	2	2	2	2	1	0	1	1	1	0	1	1	1	1	1	0	0	0	0	0	0	0	2	0	2	0	0	0	0	0	2	2	0	1	2	2	2	2	1	0	0	1	1	1	1	0	1	0	0	1	0	1	1	1	0	1	1	1	1	2	0	0	1	0	0	2	2	2	2	2	2	2	2	2	2	2	0	2	2	2	0	1	2	1	2	0	0	2	1	2	2	0	2	0	0	0	0	2	0	0	1	0	0	0	0	0	0	2	1	0	0	2	0	1	0	0	1	1	0	0	0	0	0	0	0	0	0	0	0	0	0	0	0	0	0	0	0	0	0	0	0	1	0	0	0	0	0	0	0	0	0	0	0	1	1	1	1	0	0	1	0	1	0	1	1	1	1	1	1	1	1	1	1	0	1	1	1	0	1	2	2	2	2	2	0	2	2	2	2	1	2	0
308	0	1	1	1	0	0	0	0	0	0	0	1	1	0	0	0	0	0	0	0	0	0	0	0	0	0	0	0	1	1	0	0	1	0	1	2	0	2	0	0	0	0	0	2	0	0	2	2	2	0	2	2	2	0	2	2	2	2	0	0	2	2	2	0	2	2	2	2	2	2	2	0	2	2	2	2	0	2	2	2	2	2	2	2	2	2	2	2	0	0	1	0	2	2	2	2	0	0	0	0	0	0	0	0	0	0	0	0	1	0	0	0	0	0	0	0	0	0	0	0	0	0	0	0	0	0	0	0	0	0	0	0	0	0	0	2	2	0	0	0	0	0	0	0	0	0	0	0	0	0	0	0	0	1	1	1	1	0	0	0	0	0	0	0	0	0	0	0	0	0	0	0	0	0	0	0	0	0	0	0	0	0	0	0	0	1	0	0	0	0	2	2	0	0	0	0	0	0	0	2	0	0	0	0	0	0	0	2	2	2	2	0	0	0	0	2	2	0	0	2	2	2	0	0	2	0	0	0	0	0	0	0	0	1	0	1	0	0	1	0	0	0	0	2	0	2	2	1	1	0	0	1	0	1	0	0	0	0	0	0	1	1	2	2	0	0	0	0	0	0	1	1	0	0	1	0	0	0	1	1	1	0	2	0
309	0	0	1	1	0	0	0	0	0	0	0	1	1	0	0	0	0	0	0	0	0	0	0	0	0	0	0	0	1	1	0	0	1	0	0	0	1	2	0	0	0	0	0	1	0	0	2	2	2	0	1	1	1	0	0	1	1	1	0	0	1	1	1	1	1	1	1	1	1	1	1	0	1	1	1	1	0	1	1	1	1	1	1	1	1	1	1	1	0	0	0	0	1	1	1	1	0	0	1	1	1	0	1	0	1	0	1	0	0	0	0	0	0	0	1	0	1	0	0	0	0	0	1	1	0	1	1	1	1	1	1	0	0	0	0	1	1	0	1	0	0	1	0	1	1	1	0	1	1	1	1	1	0	0	0	0	0	1	1	1	1	1	1	1	1	1	1	1	0	1	1	1	0	1	1	1	1	0	0	1	1	1	1	0	1	0	0	0	0	1	1	1	1	0	0	0	0	0	0	2	1	0	0	1	0	1	0	1	2	2	1	0	0	0	0	1	1	0	0	1	1	1	0	0	1	0	0	0	0	0	1	0	0	2	1	2	0	0	2	0	0	1	0	2	1	0	0	0	0	0	0	0	0	0	0	0	0	0	0	0	0	0	0	1	0	0	0	0	0	0	0	1	0	0	0	0	0	0	0	0	0	0	1	0
310	0	0	0	0	0	0	0	0	0	0	0	0	0	0	0	0	0	0	0	0	0	0	0	0	0	0	0	0	0	0	0	0	0	0	0	1	0	0	0	0	0	0	0	0	0	0	0	0	0	0	0	0	0	0	0	0	0	0	0	0	0	0	0	0	0	0	0	0	0	0	0	0	0	0	0	0	0	0	0	0	0	0	0	0	0	0	0	0	0	0	0	0	0	0	0	0	0	0	0	0	0	0	0	0	0	0	0	0	0	0	0	0	0	0	0	0	0	0	0	0	0	0	0	0	0	0	0	0	0	0	0	0	0	0	0	0	0	0	0	0	0	0	0	0	0	0	0	0	0	0	0	0	0	0	0	0	0	0	0	0	0	0	0	0	0	0	0	0	0	0	0	0	0	0	0	0	0	0	0	0	0	0	0	0	0	0	0	0	0	0	0	0	0	0	0	0	0	0	0	0	0	0	0	0	0	0	0	0	0	0	0	0	0	0	0	0	0	0	0	0	0	0	0	0	0	0	0	0	0	0	0	0	0	1	0	1	0	0	1	0	0	0	0	1	0	0	0	0	0	0	0	0	0	0	0	0	0	0	0	0	0	0	0	0	0	0	0	0	0	0	0	0	0	0	0	0	0	0	0	0	0	0	1	0
311	0	0	1	1	0	0	0	0	0	0	0	1	1	0	0	0	0	0	0	0	0	0	0	0	0	0	0	0	1	1	0	0	1	0	1	1	1	2	0	0	0	0	0	1	0	0	2	2	2	0	1	1	1	0	1	1	1	1	0	0	1	1	1	1	1	1	1	1	1	1	1	0	1	1	1	1	0	1	1	1	1	1	1	1	1	1	1	1	0	0	1	0	1	1	1	1	0	0	0	0	0	0	0	0	0	0	0	0	1	0	0	0	0	0	0	0	0	0	0	0	0	0	0	0	0	0	0	0	0	0	0	0	0	0	0	2	2	0	0	0	0	0	0	0	0	0	0	0	0	0	0	0	0	1	1	1	1	0	0	0	0	0	0	0	0	0	0	0	0	0	0	0	0	0	0	0	0	0	0	0	0	0	0	0	0	1	0	0	0	0	2	2	0	0	0	0	0	0	0	2	0	0	0	0	0	0	0	2	2	2	2	0	0	0	0	2	2	0	0	2	2	2	0	0	2	0	0	0	0	0	0	0	0	2	1	2	1	0	1	0	0	1	0	2	1	1	0	0	0	0	0	0	0	0	0	0	0	0	0	0	0	0	1	2	0	0	0	0	0	0	0	2	1	1	1	1	0	1	1	1	1	1	1	0
312	0	0	1	0	0	0	0	0	0	0	0	0	0	0	0	0	0	0	0	0	0	0	0	0	0	0	0	0	0	1	0	0	1	0	0	0	1	0	0	0	0	0	0	1	0	0	1	1	1	0	0	0	0	1	0	0	0	0	0	0	0	0	0	1	0	0	0	0	0	0	0	1	0	0	0	0	1	0	0	0	0	0	0	0	0	0	0	0	0	0	0	0	0	0	0	0	0	0	0	0	0	0	0	0	0	0	0	0	1	0	0	0	0	0	0	0	0	0	0	0	0	1	1	1	0	1	1	1	1	1	1	0	0	0	0	0	0	0	0	0	0	1	0	1	1	1	0	0	1	1	1	1	0	0	1	0	0	1	1	1	1	1	1	1	1	1	1	1	0	1	1	1	0	1	1	1	1	0	0	1	1	1	1	1	1	0	0	0	0	1	0	0	2	0	0	0	0	1	0	1	1	0	0	1	0	1	0	1	2	2	2	0	0	0	0	2	2	0	0	2	2	2	0	0	2	0	0	0	0	0	0	0	1	0	0	0	0	0	0	0	0	0	0	0	0	2	2	1	1	1	0	1	0	1	0	1	1	1	0	2	1	1	0	2	0	0	0	0	0	0	2	1	0	0	2	1	0	0	2	2	2	0	2	0
313	0	0	2	0	0	0	0	0	0	0	0	0	0	0	0	0	0	0	0	0	0	0	0	0	0	0	0	0	0	2	0	0	2	0	0	0	2	0	0	0	0	0	0	2	0	0	2	2	2	0	0	0	0	2	0	0	0	0	0	0	0	0	0	2	0	0	0	0	0	0	0	2	0	0	0	0	2	0	0	0	0	0	0	0	0	0	0	0	0	0	0	0	0	0	0	0	0	0	0	0	0	0	0	0	0	0	0	0	2	0	0	0	0	0	0	0	0	0	0	0	0	2	2	2	0	2	2	2	2	2	2	0	0	0	0	0	0	0	0	0	0	2	0	2	2	2	0	0	2	2	2	2	0	0	2	0	0	2	2	2	2	2	2	2	2	2	2	2	0	2	1	2	0	2	2	2	2	0	0	2	2	2	2	2	2	0	0	0	0	2	0	0	2	0	0	0	0	0	0	1	0	0	0	0	0	0	0	2	2	2	2	0	0	0	0	2	2	0	0	2	2	2	0	0	2	0	0	0	0	0	0	0	2	0	0	0	0	0	0	0	0	0	0	0	0	2	2	2	2	2	0	2	0	2	0	2	2	2	0	2	2	2	0	2	0	0	0	0	0	0	2	0	0	0	2	0	0	0	2	2	2	0	2	0
314	0	1	1	1	0	0	0	0	0	0	0	1	1	0	0	0	0	0	0	0	0	0	0	0	0	0	0	0	1	1	0	0	1	0	0	1	0	2	0	0	0	0	0	2	0	0	2	2	2	0	2	2	2	0	2	2	2	2	0	0	2	2	2	0	2	2	2	2	2	2	2	0	2	2	2	2	0	2	2	2	2	2	2	2	2	2	2	2	0	0	1	0	2	2	2	2	1	0	1	1	1	0	1	1	1	1	1	0	0	0	0	0	0	0	1	0	1	0	0	0	0	0	1	1	0	1	1	1	1	1	1	0	0	1	1	1	1	0	1	0	0	1	0	1	1	1	0	1	1	1	1	1	0	0	0	0	0	1	1	1	1	1	1	1	1	1	1	0	0	1	1	1	0	1	1	1	1	0	0	1	1	1	1	0	1	0	0	0	0	1	1	1	1	0	0	0	0	0	0	2	1	0	0	1	0	1	0	1	2	2	1	0	0	0	0	1	1	0	0	1	1	1	0	0	1	0	0	0	0	0	0	0	0	1	0	1	0	0	2	0	0	0	0	2	0	1	1	1	1	0	0	1	0	1	0	0	0	0	0	0	0	0	0	1	0	0	0	0	0	0	0	1	0	0	1	0	0	0	1	1	1	0	2	0
315	0	0	0	2	0	0	0	0	0	0	0	2	2	0	0	0	0	0	0	0	0	0	0	0	0	0	0	0	2	0	0	0	0	0	0	1	0	1	0	0	0	0	0	1	0	0	1	1	1	0	1	1	1	0	1	1	1	1	0	0	1	1	1	0	1	1	1	1	1	1	1	0	1	1	1	1	0	1	1	1	1	1	1	1	1	1	1	1	0	0	1	0	1	1	1	1	0	0	1	1	1	0	1	1	1	1	1	0	0	0	0	0	0	0	1	0	1	0	0	0	0	0	1	1	0	1	1	1	1	1	1	0	0	0	0	1	1	0	1	0	0	1	0	1	1	1	0	1	1	1	1	1	0	0	0	0	0	1	1	1	1	1	1	1	1	1	1	0	0	1	1	1	0	1	1	1	1	0	0	1	1	1	1	0	1	0	0	0	0	1	0	0	1	0	0	0	0	0	0	1	1	0	0	1	0	1	0	0	1	1	0	0	0	0	0	0	0	0	0	0	0	0	0	0	0	0	0	0	0	0	1	0	0	1	0	1	0	0	2	0	0	0	0	2	0	1	1	0	0	0	0	0	0	0	0	0	0	0	0	0	0	1	0	0	0	0	0	0	0	0	0	2	0	0	2	0	0	0	2	2	2	0	2	0
316	0	0	0	1	0	0	0	0	0	0	0	1	1	0	0	0	0	0	0	0	0	0	0	0	0	0	0	0	1	0	0	0	0	0	0	0	0	1	0	0	0	0	0	1	0	0	1	1	1	0	1	1	1	0	1	1	1	1	0	0	1	1	1	0	1	1	1	1	1	1	1	0	1	1	1	1	0	1	1	1	1	1	1	1	1	1	1	1	0	0	1	0	1	1	1	1	0	0	1	1	1	0	1	1	1	1	1	0	0	0	0	0	0	0	1	0	1	0	0	0	0	0	1	1	0	1	1	1	1	1	1	0	0	0	0	0	0	0	1	0	0	1	0	1	1	1	0	1	1	1	1	1	0	0	0	0	0	1	1	1	1	1	1	1	1	1	1	1	0	1	1	1	0	1	1	1	1	0	0	1	1	1	1	0	1	0	0	0	0	1	0	0	1	0	0	0	0	0	0	1	1	0	0	1	0	1	0	0	1	1	0	0	0	0	0	0	0	0	0	0	0	0	0	0	0	0	0	0	0	0	1	0	0	2	0	2	0	0	2	0	0	0	0	2	0	0	0	0	0	0	0	0	0	0	0	0	0	0	0	0	0	0	0	1	0	0	0	0	0	0	1	1	0	0	0	1	0	0	0	0	0	0	2	0
317	0	0	0	1	0	0	0	0	0	0	0	1	1	0	0	0	0	0	0	0	0	0	0	0	0	0	0	0	1	0	0	0	0	0	0	1	1	1	0	0	0	0	0	1	0	0	1	1	1	0	0	0	1	0	1	1	1	1	0	0	1	1	1	0	1	1	1	1	1	1	1	0	1	1	1	1	0	1	1	1	1	1	1	1	1	1	1	1	0	0	1	0	1	1	1	1	2	0	2	1	1	0	1	1	1	1	1	0	0	0	0	0	0	0	1	0	1	0	0	0	0	1	1	1	0	1	1	1	1	1	1	0	0	1	1	1	1	0	1	0	0	1	0	1	1	2	0	1	1	1	1	1	0	0	1	0	0	1	1	1	1	1	1	1	1	1	1	1	0	1	1	1	0	1	1	1	1	0	0	1	1	1	1	0	1	0	0	0	0	1	1	1	1	0	0	0	0	0	0	2	1	0	0	1	0	1	0	1	2	2	1	0	0	0	0	1	1	0	0	1	1	1	0	0	1	0	0	0	0	0	0	0	0	2	0	1	0	0	1	0	0	0	0	1	0	2	1	1	1	1	0	1	0	1	0	0	0	0	0	0	1	1	0	0	1	0	0	0	0	0	1	2	2	2	2	2	0	2	2	2	2	1	2	0
318	0	0	0	1	0	0	0	0	0	0	0	1	1	0	0	0	0	0	0	0	0	0	0	0	0	0	0	0	1	0	0	0	0	0	1	2	0	1	0	0	0	0	0	1	0	0	1	1	1	0	1	1	1	0	1	1	1	1	0	0	1	1	1	0	1	1	1	1	1	1	1	0	1	1	1	1	0	1	1	1	1	1	1	1	1	1	1	1	0	0	0	0	1	1	1	1	0	0	0	0	0	0	0	0	0	0	0	0	1	0	0	0	0	0	0	0	0	0	0	0	0	0	0	0	0	0	0	0	0	0	0	0	0	0	0	1	1	0	0	0	0	0	0	0	0	0	0	0	0	0	0	0	0	1	1	1	1	0	0	0	0	0	0	0	0	0	0	0	0	0	0	0	0	0	0	0	0	0	0	0	0	0	0	0	0	1	0	0	0	0	1	1	0	0	0	0	0	0	0	1	0	0	0	0	0	0	0	1	1	1	1	0	0	0	0	1	1	0	0	1	1	1	0	0	1	0	0	0	0	0	0	0	0	1	0	1	0	0	0	0	0	0	0	1	0	2	0	0	0	0	0	0	0	0	0	0	0	0	0	0	0	0	1	1	0	0	0	0	0	0	0	1	1	1	1	1	0	1	1	1	1	1	1	0
319	0	1	1	1	0	0	0	0	0	0	0	1	1	0	0	0	0	0	0	0	0	0	0	0	0	0	0	0	1	0	0	0	0	0	0	0	0	1	0	0	0	0	0	1	0	0	2	2	2	0	1	1	1	0	1	1	1	1	0	0	1	1	1	1	1	1	1	1	1	1	1	0	1	1	1	1	0	1	1	2	2	2	2	2	2	2	2	2	0	0	2	0	2	2	2	2	1	0	1	1	1	0	1	1	1	1	1	0	0	0	0	0	0	0	1	0	1	0	0	0	0	0	1	1	0	1	1	1	1	1	1	0	0	1	1	1	1	0	1	0	0	1	0	1	1	1	0	1	1	1	1	1	0	0	0	0	0	0	0	0	0	0	0	0	0	0	0	0	0	0	0	0	0	0	0	0	0	0	0	0	0	0	0	0	0	0	0	0	0	0	1	1	0	0	0	0	0	0	0	1	0	0	0	0	0	0	0	1	2	2	1	0	0	0	0	1	1	0	0	1	1	1	0	0	1	0	0	0	0	0	1	0	0	0	0	0	0	0	1	0	0	0	0	1	0	2	2	1	1	1	0	1	0	1	0	1	1	1	0	1	1	1	1	2	0	0	0	0	0	0	1	2	2	2	2	2	0	2	2	2	2	1	2	0
320	0	1	0	0	0	0	0	0	0	0	1	0	1	0	0	1	1	1	1	1	1	1	1	0	0	0	0	0	0	0	0	0	0	0	0	0	0	1	0	0	0	0	0	0	0	0	1	1	1	0	1	0	2	0	0	1	1	1	0	0	1	1	1	0	1	1	1	1	1	1	1	0	1	1	0	1	0	0	0	1	0	1	0	0	1	1	1	1	0	1	1	0	1	1	1	1	1	0	1	0	0	0	0	0	0	0	0	0	1	0	0	0	0	0	0	0	0	0	0	0	0	1	0	0	0	0	0	0	0	0	0	0	0	0	0	2	2	0	0	0	0	0	0	0	0	1	0	0	0	0	0	0	0	1	2	1	1	0	0	0	0	0	0	0	0	0	0	0	0	0	0	0	0	0	0	0	0	0	0	0	0	0	0	0	0	1	0	0	0	0	2	2	0	0	0	0	0	0	0	2	0	0	0	0	0	0	0	2	2	2	2	0	0	0	0	2	2	0	0	2	2	2	0	0	2	0	0	0	0	0	0	0	0	2	0	2	0	0	1	0	0	0	0	2	0	2	0	0	0	0	0	0	0	0	0	0	0	0	0	0	1	1	1	1	0	0	0	0	0	0	0	2	1	1	2	1	0	1	2	2	2	1	2	0
321	0	0	1	0	0	0	0	0	0	0	0	0	0	0	0	0	0	0	0	0	0	0	0	0	0	0	0	0	0	1	0	0	1	0	0	0	1	1	0	0	0	0	0	0	0	0	1	1	1	0	0	0	0	0	0	0	0	0	0	0	0	0	0	1	0	0	0	0	0	0	0	0	0	0	0	0	0	1	1	1	1	1	1	1	1	1	1	1	0	0	1	0	0	1	1	1	0	0	1	1	1	0	1	1	1	1	1	0	0	0	0	0	0	0	1	0	1	0	0	0	0	0	1	1	0	1	1	1	1	1	1	0	0	1	1	1	1	0	1	0	0	1	0	1	1	1	0	1	1	1	1	1	0	0	0	0	0	1	1	1	1	1	1	1	1	1	1	1	0	1	1	1	0	1	1	1	1	0	0	1	1	1	1	0	1	0	0	0	0	1	1	1	1	0	0	0	0	0	0	2	1	0	0	1	0	1	0	1	2	2	1	0	0	0	0	0	0	0	0	0	0	0	0	0	0	0	0	0	0	0	2	0	0	2	0	2	0	0	2	0	0	0	0	2	0	0	0	0	0	0	0	0	0	0	0	0	0	0	0	0	0	0	1	1	0	0	0	0	0	0	0	2	0	0	2	0	0	0	2	2	2	0	2	0
322	0	0	1	1	0	0	0	0	0	0	0	1	1	0	0	0	0	0	0	0	0	0	0	0	0	0	0	0	1	1	0	0	1	0	0	0	1	1	0	0	0	0	0	2	0	0	2	2	2	0	2	2	2	0	2	2	2	2	0	0	2	2	2	0	2	2	2	2	2	2	2	0	2	2	2	2	0	1	1	1	1	1	1	1	1	1	1	1	0	0	1	0	1	1	1	1	0	0	0	0	0	0	0	0	0	0	0	0	0	0	0	0	0	0	0	0	0	0	0	0	0	0	0	0	0	0	0	0	0	0	0	0	0	0	0	0	0	0	0	0	0	0	0	0	0	0	0	0	0	0	0	0	0	0	0	0	0	0	0	0	0	0	0	0	0	0	0	0	0	0	0	0	0	0	0	0	0	0	0	0	0	0	0	0	0	0	0	0	0	0	0	0	0	0	0	0	0	0	0	1	0	0	0	0	0	0	0	0	1	0	0	0	0	0	0	0	0	0	0	0	0	0	0	0	0	0	0	0	0	0	0	0	0	1	0	1	0	0	0	0	0	0	0	1	0	1	0	1	1	0	0	1	0	1	0	0	0	0	0	0	0	0	0	1	0	0	0	1	1	0	1	1	0	0	0	1	0	0	0	0	0	0	1	0
323	0	0	0	2	0	0	0	0	0	0	0	2	2	0	0	0	0	0	0	0	0	0	0	0	0	0	0	0	2	0	0	0	0	0	1	1	0	1	0	0	0	0	0	1	0	0	1	1	1	0	1	1	1	0	1	1	1	1	0	0	1	1	1	0	1	1	1	1	1	1	1	0	1	1	1	1	0	1	1	1	1	1	1	1	1	1	1	1	0	0	1	0	1	1	1	1	0	0	0	0	0	0	0	0	0	0	0	0	1	0	0	0	0	0	0	0	0	0	0	0	0	0	0	0	0	0	0	0	0	0	0	0	0	0	0	1	1	0	0	0	0	0	0	0	0	0	0	0	0	0	0	0	0	1	1	1	1	0	0	0	0	0	0	0	0	0	0	0	0	0	0	0	0	0	0	0	0	0	0	0	0	0	0	0	0	1	0	0	0	0	1	1	0	0	0	0	0	0	0	1	0	0	0	0	0	0	0	1	1	1	1	0	0	0	0	1	1	0	0	1	1	1	0	0	1	0	0	0	0	0	0	0	0	1	0	1	0	0	1	0	0	0	0	2	0	2	1	0	0	0	0	0	0	0	0	0	0	0	0	0	0	1	1	1	0	0	0	0	0	0	0	2	1	1	2	1	0	1	2	2	2	0	2	0
324	0	1	1	0	0	0	0	0	0	0	0	0	0	0	0	0	0	0	0	0	0	0	0	0	0	0	0	0	0	1	0	0	1	0	0	1	0	1	0	0	0	0	0	1	0	0	1	1	1	0	1	1	1	0	1	1	1	1	0	0	1	1	1	0	1	1	1	1	1	1	1	0	1	1	1	1	0	1	1	1	1	1	1	1	1	1	1	1	0	0	1	0	1	1	1	2	0	0	0	0	0	0	0	0	0	0	0	0	0	0	0	0	0	0	0	0	0	0	0	0	0	0	0	0	0	0	0	0	0	0	0	0	0	0	0	1	1	0	0	0	0	0	0	0	0	0	0	0	0	0	0	0	0	0	0	0	0	0	0	0	0	0	0	0	0	0	0	0	0	0	0	0	0	0	0	0	0	0	0	0	0	0	0	0	0	0	0	0	0	0	1	1	0	0	0	0	0	0	0	1	0	0	0	0	0	0	0	1	1	1	1	0	0	0	0	1	1	0	0	1	1	1	0	0	1	0	0	0	0	0	0	0	0	0	0	0	0	0	1	0	0	0	0	1	0	1	1	1	1	0	0	1	0	1	0	0	0	0	0	0	0	0	0	1	0	0	0	0	0	0	0	1	0	0	1	0	0	0	1	1	1	0	1	0
325	0	0	0	2	0	0	0	0	0	0	0	2	2	0	0	0	0	0	0	0	0	0	0	0	0	0	0	0	2	0	0	0	0	0	0	0	0	2	0	0	0	0	0	2	0	0	2	2	2	0	1	1	2	0	2	2	2	2	0	0	2	2	2	0	2	2	2	2	2	2	2	0	2	2	2	2	0	2	2	2	2	2	2	2	2	2	2	2	0	0	2	0	2	2	2	2	1	0	2	2	2	0	2	2	2	2	2	0	0	0	0	0	0	0	2	0	2	0	0	0	0	0	2	2	0	2	2	2	2	2	2	0	0	2	2	0	0	0	2	0	0	2	0	2	2	2	0	2	2	2	2	2	0	0	0	0	0	2	2	2	2	2	2	2	2	2	2	2	0	2	2	2	0	2	2	2	2	0	0	2	2	2	2	0	2	0	0	0	0	2	0	0	2	0	0	0	0	0	0	2	2	0	0	2	0	2	0	0	2	2	0	0	0	0	0	0	0	0	0	0	0	0	0	0	0	0	0	0	0	0	1	0	0	2	0	1	0	0	1	0	0	0	0	1	0	2	2	2	2	1	0	2	0	2	0	1	1	1	0	1	0	0	0	1	1	0	0	1	0	0	2	2	1	1	2	1	0	1	2	2	2	0	2	0
326	0	0	1	1	0	0	0	0	0	0	0	1	1	0	0	0	0	0	0	0	0	0	0	0	0	0	0	0	1	1	0	0	1	0	0	0	1	2	0	0	0	0	0	1	0	0	2	2	2	0	1	1	1	0	0	1	1	1	0	0	1	1	1	1	1	1	1	1	1	1	1	0	1	1	1	1	0	1	1	1	1	1	1	1	1	1	1	1	0	0	1	0	1	1	1	1	0	0	1	1	1	0	1	0	1	0	1	0	0	0	0	0	0	0	1	0	1	0	0	0	0	0	1	1	0	1	1	1	1	1	1	0	0	0	0	1	1	0	1	0	0	1	0	1	1	1	0	1	1	1	1	1	0	0	0	0	0	1	1	1	1	1	1	1	1	1	1	1	0	1	1	1	0	1	1	1	1	0	0	1	1	1	1	0	1	0	0	0	0	1	1	1	1	0	0	0	0	0	0	2	1	0	0	1	0	1	0	1	2	2	1	0	0	0	0	1	1	0	0	1	1	1	0	0	1	0	0	0	0	0	1	0	0	2	1	2	1	0	2	0	0	1	0	2	1	0	0	0	0	0	0	0	0	0	0	0	0	0	0	0	0	0	0	2	0	0	0	0	0	0	1	2	0	0	0	1	0	0	0	0	0	0	1	0
327	0	0	0	2	0	0	0	0	0	0	0	2	2	0	0	0	0	0	0	0	0	0	0	0	0	0	0	0	2	0	0	0	0	0	0	0	0	2	0	0	0	0	0	2	0	0	2	2	2	0	1	1	2	0	2	2	1	2	0	0	2	2	2	0	2	2	2	2	2	2	2	0	2	2	2	2	0	2	2	2	2	2	2	2	2	2	2	2	0	0	2	0	1	2	2	2	0	0	2	2	2	0	2	1	2	1	2	0	0	0	0	0	0	0	2	0	2	0	0	0	0	0	2	2	0	2	2	2	2	2	2	0	0	2	2	0	0	0	2	0	0	2	0	2	2	2	0	2	2	2	2	2	0	0	0	0	0	2	2	2	2	2	2	2	2	2	2	2	0	2	2	2	0	1	2	2	2	0	0	2	2	2	2	0	2	0	0	0	0	2	0	0	2	0	0	0	0	0	0	2	2	0	0	2	0	2	0	0	2	2	0	0	0	0	0	0	0	0	0	0	0	0	0	0	0	0	0	0	0	0	1	0	0	2	0	1	0	0	1	0	0	0	0	1	0	1	1	1	1	0	0	1	0	1	0	1	1	1	0	1	0	0	0	1	0	0	0	0	0	0	1	1	1	1	1	1	0	1	1	1	1	0	2	0
328	0	0	0	0	0	0	0	0	0	0	0	0	0	0	0	0	0	0	0	0	0	0	0	0	0	0	0	0	0	0	0	0	0	0	0	1	0	0	0	0	0	0	0	0	0	0	0	0	0	0	0	0	0	0	0	0	0	0	0	0	0	0	0	0	0	0	0	0	0	0	0	0	0	0	0	0	0	0	0	0	0	0	0	0	0	0	0	0	0	0	0	0	0	0	0	0	0	0	0	0	0	0	0	0	0	0	0	0	0	0	0	0	0	0	0	0	0	0	0	0	0	0	0	0	0	0	0	0	0	0	0	0	0	0	0	0	0	0	0	0	0	0	0	0	0	0	0	0	0	0	0	0	0	0	0	0	0	0	0	0	0	0	0	0	0	0	0	0	0	0	0	0	0	0	0	0	0	0	0	0	0	0	0	0	0	0	0	0	0	0	0	0	0	0	0	0	0	0	0	0	0	0	0	0	0	0	0	0	0	0	0	0	0	0	0	0	0	0	0	0	0	0	0	0	0	0	0	0	0	0	0	0	0	1	0	1	0	0	1	0	0	0	0	1	0	1	0	0	0	0	0	0	0	0	0	0	0	0	0	0	0	0	0	0	0	0	0	0	0	0	0	0	0	0	0	0	0	0	0	0	0	0	1	0
329	0	0	0	1	0	0	0	0	0	0	0	1	1	0	0	0	0	0	0	0	0	0	0	0	0	0	0	0	1	0	0	0	0	0	0	0	0	1	0	0	0	0	0	1	0	0	1	1	1	0	1	1	1	0	1	1	1	1	0	0	1	1	1	0	1	1	1	1	1	1	1	0	1	1	1	1	0	1	1	1	1	1	1	1	1	1	1	1	0	0	1	0	1	1	1	1	0	0	1	1	1	0	1	0	1	0	1	0	0	0	0	0	0	0	1	0	1	0	0	0	0	0	1	1	0	1	1	1	1	1	1	0	0	1	1	0	0	0	1	0	0	1	0	1	1	1	0	1	1	1	1	1	0	0	0	0	0	1	1	1	1	1	1	1	1	1	1	1	0	1	1	1	0	1	1	1	1	0	0	1	1	1	1	0	1	0	0	0	0	1	0	0	1	0	0	0	0	0	0	1	1	0	0	1	0	1	0	0	1	1	0	0	0	0	0	0	0	0	0	0	0	0	0	0	0	0	0	0	0	0	1	0	0	1	0	1	0	0	1	0	0	0	0	1	0	1	1	1	1	0	0	1	0	1	0	1	1	1	0	1	0	0	0	1	0	0	0	0	0	0	1	1	1	1	1	1	0	1	1	1	1	0	1	0
330	0	0	1	1	0	0	0	0	0	0	0	1	1	0	0	0	0	0	0	0	0	0	0	0	0	0	0	0	1	1	0	0	1	0	0	0	1	2	0	0	0	0	0	2	0	0	2	2	2	0	2	2	2	0	2	2	2	2	0	0	2	2	1	0	2	2	2	2	2	2	2	0	2	2	2	2	0	2	2	2	2	2	2	2	2	2	2	2	0	0	0	0	1	2	2	2	2	0	2	2	2	0	2	2	2	2	2	0	0	0	0	0	0	0	2	0	2	0	0	0	0	0	2	2	0	2	2	2	2	2	2	0	0	2	2	1	0	0	2	0	0	2	0	2	2	2	0	2	2	2	2	2	0	1	1	1	1	1	1	1	1	1	1	1	1	1	1	1	0	1	1	1	0	1	1	1	1	0	0	1	1	1	1	0	1	1	0	1	0	1	1	1	1	0	0	0	0	0	0	1	1	0	0	1	0	1	0	0	1	1	0	0	0	0	0	1	1	0	0	1	1	1	0	1	1	0	1	0	0	1	0	0	1	0	0	0	0	0	1	0	0	0	0	0	0	2	2	2	2	0	0	2	0	2	0	1	1	1	1	1	1	1	2	2	1	0	1	1	1	0	1	1	1	1	1	1	0	1	1	1	1	1	1	0
331	0	0	0	1	0	0	0	0	0	0	0	1	1	0	0	0	0	0	0	0	0	0	0	0	0	0	0	0	1	0	0	0	0	0	0	1	0	0	0	0	0	0	0	0	0	0	0	0	0	0	1	1	1	0	1	1	1	1	0	0	1	1	1	0	1	1	1	1	1	1	1	0	1	1	1	1	0	1	1	1	0	0	0	0	0	0	0	0	0	0	0	0	0	0	0	0	0	0	0	0	0	0	0	0	0	0	0	0	0	0	0	0	0	0	0	0	0	0	0	0	0	1	0	0	0	0	0	0	0	0	0	0	0	0	0	1	1	0	0	0	0	0	0	0	0	0	0	0	0	0	0	0	0	0	1	0	0	1	1	1	1	1	1	1	1	1	1	1	0	1	1	1	0	1	1	0	1	0	0	1	0	1	1	0	1	0	0	0	0	0	0	0	0	0	0	0	0	0	0	2	0	0	0	0	0	0	0	0	1	1	1	0	0	0	0	1	1	0	0	1	1	1	0	0	1	0	1	0	0	1	0	0	1	0	0	0	0	0	1	0	0	0	0	0	0	1	1	1	1	0	0	1	0	1	0	1	1	1	1	1	1	1	1	1	0	0	0	0	0	0	0	0	0	0	1	0	0	0	1	1	1	1	2	0
332	0	1	0	1	0	0	0	0	0	0	1	1	2	0	0	1	1	1	1	1	1	1	1	1	0	0	0	0	1	0	0	0	0	1	0	0	0	1	1	0	1	1	1	1	1	1	1	1	1	1	0	0	1	1	1	1	1	1	0	0	1	1	1	1	1	1	1	1	1	1	1	1	1	1	1	1	1	2	2	2	2	2	2	2	2	2	2	2	0	0	2	0	2	2	2	2	2	0	2	2	2	0	2	2	2	2	2	0	0	0	0	0	0	0	2	0	2	0	0	0	0	0	2	2	0	2	2	2	2	2	2	0	0	1	1	0	0	0	2	0	0	2	0	2	2	2	0	1	2	2	2	2	0	0	1	0	0	2	2	1	2	2	2	2	2	2	1	1	0	1	1	1	0	1	1	1	1	0	0	1	1	2	1	0	1	1	0	1	0	1	1	1	1	0	0	0	0	0	0	2	1	0	0	1	0	1	0	0	2	2	1	0	0	0	0	1	1	0	0	1	1	1	0	1	1	0	1	0	0	0	0	0	0	2	1	1	1	0	1	0	0	1	0	1	1	1	1	1	1	1	0	1	0	1	0	0	0	0	0	0	0	0	0	1	2	0	0	1	0	0	1	1	0	0	2	0	0	0	2	2	2	0	2	0
333	0	1	1	0	0	0	0	0	0	0	1	0	1	0	0	1	1	1	1	1	1	1	1	1	0	0	0	0	0	1	0	0	1	1	0	0	1	1	1	0	1	1	1	1	1	1	1	1	1	1	1	1	1	1	1	1	1	1	0	0	1	1	1	1	1	1	1	1	1	1	1	1	1	1	1	1	1	1	1	1	1	1	1	1	1	1	1	1	0	0	1	0	0	1	1	1	1	0	1	1	1	0	1	1	1	0	1	0	0	0	0	0	0	0	1	0	1	0	0	0	0	0	1	1	0	1	1	1	1	1	1	0	0	0	0	0	0	0	1	0	0	1	0	1	1	1	0	0	1	1	1	1	0	0	1	0	0	1	1	0	1	1	1	1	1	1	0	0	0	0	0	0	0	0	0	0	0	0	0	0	0	1	0	0	0	1	0	1	0	0	1	1	1	0	0	0	0	0	0	2	0	0	0	0	0	0	0	0	1	1	1	0	0	0	0	1	1	0	0	1	1	1	0	1	1	0	1	0	0	1	0	0	1	0	0	0	0	0	0	0	0	0	0	0	0	2	1	2	2	0	0	2	0	2	0	0	0	0	0	0	0	0	1	2	0	0	0	1	1	0	1	2	1	1	1	2	0	1	1	1	1	1	1	0
334	0	0	0	0	0	0	0	0	0	0	0	0	0	0	0	0	0	0	0	0	0	0	0	0	0	0	0	0	0	0	0	0	0	0	0	0	0	0	0	0	0	0	0	0	0	0	0	0	0	0	0	0	0	0	0	0	0	0	0	0	0	0	0	0	0	0	0	0	0	0	0	0	0	0	0	0	0	0	0	0	0	0	0	0	0	0	0	0	0	0	0	0	0	0	0	0	0	0	0	0	0	0	0	0	0	0	0	0	0	0	0	0	0	0	0	0	0	0	0	0	0	0	0	0	0	0	0	0	0	0	0	0	0	0	0	0	0	0	0	0	0	0	0	0	0	0	0	0	0	0	0	0	0	0	0	0	0	0	0	0	0	0	0	0	0	0	0	0	0	0	0	0	0	0	0	0	0	0	0	0	0	0	0	0	0	0	0	0	0	0	0	0	0	0	0	0	0	0	0	0	0	0	0	0	0	0	0	0	0	0	0	0	0	0	0	0	0	0	0	0	0	0	0	0	0	0	0	0	0	0	0	0	0	1	0	1	0	0	1	0	0	0	0	1	0	0	0	0	0	0	0	0	0	0	0	0	0	0	0	0	0	0	0	0	0	0	0	0	0	0	0	1	0	0	1	1	0	0	1	1	1	0	2	0
335	0	0	1	0	0	0	0	0	0	0	0	1	1	0	0	0	0	0	0	0	0	0	0	0	0	0	0	0	1	1	0	0	1	0	0	0	1	2	0	0	0	0	0	1	0	0	2	2	2	0	0	0	1	0	1	1	1	0	0	0	0	0	0	1	1	1	1	1	1	1	1	0	1	1	1	1	0	1	1	1	1	1	1	1	1	1	1	1	0	0	1	0	1	1	1	1	1	0	1	1	1	0	1	1	1	1	1	0	0	0	0	0	0	0	1	0	1	0	0	0	0	0	1	1	0	1	1	1	1	1	1	0	0	1	1	1	1	0	1	0	0	1	0	1	1	1	0	1	1	0	1	1	0	0	0	0	0	1	1	1	1	1	1	1	1	1	1	1	0	1	1	1	0	1	1	1	1	0	0	1	1	1	1	0	1	0	0	0	0	1	1	1	1	0	0	0	0	0	0	2	1	0	0	1	0	1	0	1	2	2	1	0	0	0	0	2	2	0	0	2	2	2	0	0	2	0	0	0	0	0	0	0	0	2	1	2	0	0	2	0	0	1	0	2	1	1	0	0	0	0	0	0	0	0	0	0	0	0	0	0	1	1	2	2	0	0	0	0	0	0	0	1	0	0	1	0	0	0	1	1	1	0	1	0
336	0	1	1	0	0	0	0	0	0	0	0	0	0	0	0	0	0	0	0	0	0	0	0	0	0	0	0	0	0	1	0	0	1	0	0	1	0	1	0	0	0	0	0	1	0	0	1	1	1	0	1	1	1	0	1	1	1	1	0	0	1	1	1	0	1	1	1	1	1	1	1	0	1	1	1	1	0	1	1	1	1	1	1	1	1	1	1	1	0	0	1	0	1	1	1	1	0	0	0	0	0	0	0	0	0	0	0	0	0	0	0	0	0	0	0	0	0	0	0	0	0	0	0	0	0	0	0	0	0	0	0	0	0	0	0	1	1	0	0	0	0	0	0	0	0	0	0	0	0	0	0	0	0	0	0	0	0	0	0	0	0	0	0	0	0	0	0	0	0	0	0	0	0	0	0	0	0	0	0	0	0	0	0	0	0	0	0	0	0	0	1	1	1	0	0	0	0	1	0	2	1	0	0	1	0	2	0	1	2	2	2	0	0	0	0	2	2	0	0	2	2	2	0	0	2	0	1	0	1	0	0	0	0	0	0	0	0	0	0	0	0	0	0	0	0	2	2	1	1	0	0	1	0	1	0	0	0	0	0	1	0	0	0	2	0	0	0	1	1	0	2	2	0	0	1	2	0	0	1	1	1	0	1	0
337	0	0	0	1	0	0	0	0	0	0	0	1	1	0	0	0	0	0	0	0	0	0	0	0	0	0	0	0	1	0	0	0	0	0	0	0	0	1	0	0	0	0	0	1	0	0	1	1	1	0	0	0	1	0	1	1	1	1	0	0	1	1	1	0	1	1	1	1	1	1	1	0	1	1	1	1	0	1	1	1	1	1	1	1	1	1	1	1	0	0	1	0	1	1	1	1	1	0	1	1	1	0	1	1	1	0	1	0	0	0	0	0	0	0	1	0	1	0	0	0	0	0	1	1	0	1	1	1	1	1	1	0	0	1	1	0	0	0	1	0	0	1	0	1	1	1	0	1	1	1	1	1	0	0	0	0	0	1	1	1	1	1	1	1	1	1	1	1	0	1	1	1	0	1	1	1	1	0	0	1	1	1	1	0	1	0	0	0	0	1	0	0	1	0	0	0	0	0	0	2	1	0	0	1	0	1	0	0	1	1	0	0	0	0	0	0	0	0	0	0	0	0	0	0	0	0	0	0	0	0	0	0	0	1	0	0	0	0	0	0	0	0	0	0	0	2	2	2	2	1	0	2	0	2	0	0	0	0	0	0	0	0	0	1	1	0	0	2	1	0	2	1	0	0	1	0	0	0	1	1	1	0	1	0
338	0	1	1	2	0	0	0	0	0	0	0	2	2	0	0	0	0	0	0	0	0	0	0	0	0	0	0	0	2	0	0	0	0	0	1	1	0	2	0	0	0	0	0	2	0	0	2	2	2	0	2	2	2	0	2	2	2	2	0	0	2	2	2	0	2	2	2	2	2	2	2	0	2	2	2	2	0	2	2	2	2	2	2	2	2	2	2	2	0	0	2	0	2	2	2	2	0	0	1	1	1	0	1	0	1	1	1	0	1	0	0	0	0	0	1	0	1	0	0	0	0	0	1	1	0	1	1	1	1	1	1	0	0	1	1	1	1	0	1	0	0	1	0	1	1	1	0	1	1	1	1	1	0	1	1	1	1	1	1	1	1	1	1	1	1	1	1	1	0	1	1	1	0	1	1	1	1	0	0	1	1	1	1	0	1	1	0	0	0	1	1	1	1	0	0	0	0	0	0	2	1	0	0	1	0	2	0	1	2	2	1	0	0	0	0	1	1	0	0	1	1	1	0	0	1	0	0	0	0	0	1	0	0	2	0	2	0	0	1	0	0	0	0	2	0	2	2	2	2	0	0	2	0	2	0	0	0	0	0	0	1	1	1	2	1	0	1	1	1	0	1	2	1	1	2	1	0	1	2	2	2	1	2	0
339	0	1	2	0	0	0	0	0	0	0	0	0	0	0	0	0	0	0	0	0	0	0	0	0	0	0	0	0	0	2	0	0	2	0	0	1	1	1	0	0	0	0	0	2	0	0	2	2	2	0	1	1	1	0	1	1	1	1	0	0	1	1	1	1	1	1	1	1	1	1	1	1	1	1	1	1	1	1	1	1	1	1	1	1	1	1	1	1	0	0	1	0	1	1	1	1	1	0	1	1	1	0	1	1	1	0	1	0	1	0	0	0	0	0	1	0	1	0	0	0	0	1	2	2	0	2	2	2	2	2	2	0	0	1	1	0	1	0	2	0	0	2	0	2	2	2	0	1	2	2	2	2	0	0	0	0	0	2	2	2	2	2	2	2	2	2	2	2	0	2	2	2	0	2	2	2	2	0	0	2	2	2	2	1	2	0	0	0	0	2	0	0	1	0	0	0	0	0	0	1	1	0	0	1	0	1	0	0	2	2	1	0	0	0	0	1	1	0	0	1	1	1	0	0	1	0	0	0	0	1	0	0	0	1	0	1	0	0	1	0	0	0	0	1	0	1	1	0	0	0	0	0	0	0	0	0	0	0	0	1	0	0	0	1	1	0	0	1	0	0	2	2	0	0	1	1	0	0	2	2	2	0	2	0
340	0	0	0	2	0	0	0	0	0	0	0	2	2	0	0	0	0	0	0	0	0	0	0	0	0	0	0	0	2	0	0	0	0	0	0	0	0	2	0	0	0	0	0	2	0	0	2	2	2	0	1	1	2	0	2	2	2	2	0	0	2	2	2	0	2	2	2	2	2	2	2	0	2	2	2	2	0	2	2	2	2	2	2	2	2	2	2	2	0	0	2	0	2	2	2	2	2	0	2	2	2	0	2	2	2	2	2	0	0	0	0	0	0	0	2	0	2	0	0	0	0	0	2	2	0	2	2	2	2	2	2	0	0	2	2	0	1	0	2	0	0	2	0	2	2	2	0	2	2	2	2	2	0	0	0	0	0	2	2	2	2	2	2	2	2	2	2	2	0	2	2	2	0	2	2	2	2	0	0	2	2	2	2	0	2	0	0	0	0	2	0	0	2	0	0	0	0	0	0	2	2	0	0	2	0	1	0	0	1	1	1	0	0	0	0	1	1	0	0	1	1	1	0	0	1	0	1	0	0	1	0	0	1	0	0	0	0	0	1	0	0	0	0	0	0	1	1	1	1	0	0	1	0	1	0	1	1	1	1	1	1	1	1	1	0	0	0	0	0	0	0	0	0	0	1	0	0	0	1	1	1	1	1	0
341	0	0	1	0	0	0	0	0	0	0	0	0	0	0	0	0	0	0	0	0	0	0	0	0	0	0	0	0	0	1	0	0	1	0	0	1	0	0	0	0	0	0	0	0	0	0	0	0	0	0	0	0	0	0	0	0	0	0	0	0	0	0	0	0	0	0	0	0	0	0	0	0	0	0	0	0	0	0	0	0	0	0	0	0	0	0	0	0	0	0	0	0	0	0	0	1	1	0	1	0	0	0	0	0	0	0	0	0	0	0	0	0	0	0	0	0	0	0	0	0	0	1	0	0	0	0	0	0	0	0	0	0	0	0	0	1	1	0	0	0	0	0	0	0	0	1	0	0	0	0	0	0	0	0	1	0	0	0	0	0	0	0	0	0	0	0	0	0	0	0	0	0	0	0	0	0	0	0	0	0	0	0	0	0	0	0	0	0	0	0	1	1	0	0	0	0	0	0	0	1	0	0	0	0	0	0	0	1	1	1	1	0	0	0	0	1	1	0	0	1	1	1	0	0	1	0	0	0	0	0	0	0	0	1	0	1	0	0	1	0	0	0	0	1	0	1	0	0	0	0	0	0	0	0	0	0	0	0	0	0	1	1	0	0	0	0	0	0	0	0	0	1	1	1	1	1	0	1	1	1	1	1	1	0
342	0	0	1	1	0	0	0	0	0	0	0	1	1	0	0	0	0	0	0	0	0	0	0	0	0	0	0	0	1	1	0	0	1	0	1	1	1	2	0	0	0	0	0	2	0	0	2	2	2	0	2	2	2	0	2	2	2	2	0	0	2	2	1	0	2	2	2	2	2	2	2	0	2	2	2	2	0	2	2	2	2	2	2	2	2	2	2	2	0	0	0	0	1	2	2	2	1	0	1	1	1	0	1	1	1	1	1	0	0	0	0	0	0	0	2	0	2	0	0	0	0	0	2	2	0	1	2	2	2	2	1	0	0	1	1	2	1	0	1	0	0	1	0	1	1	1	0	1	1	1	1	2	0	1	2	1	1	1	1	1	1	1	1	1	1	1	1	1	0	1	1	1	0	1	1	0	1	0	0	1	0	1	1	0	1	1	0	1	0	1	1	1	0	0	0	0	0	0	0	1	0	0	0	1	0	0	0	0	1	1	0	0	0	0	0	1	1	0	0	1	1	1	0	1	1	0	1	0	0	0	0	0	0	0	0	0	0	0	0	0	0	0	0	0	0	2	1	1	1	0	0	1	0	1	0	1	1	1	1	1	1	1	1	1	2	0	2	1	1	0	2	2	2	2	2	2	0	2	2	2	2	1	2	0
343	0	0	0	1	0	0	0	0	0	0	0	1	1	0	0	0	0	0	0	0	0	0	0	0	0	0	0	0	1	0	0	0	0	0	1	2	0	1	0	0	0	0	0	1	0	0	1	1	1	0	1	1	1	0	1	1	1	1	0	0	1	1	1	0	1	1	1	1	1	1	1	0	1	1	1	1	0	1	1	1	1	1	1	1	1	1	1	1	0	0	1	0	1	1	1	1	1	0	1	0	0	0	0	0	0	0	0	0	1	0	0	0	0	0	0	0	0	0	0	0	0	1	0	0	0	0	0	0	0	0	0	0	0	0	0	2	2	0	0	0	0	0	0	0	0	1	0	0	0	0	1	1	0	0	2	0	0	1	1	0	1	1	1	1	1	1	0	0	0	0	0	0	0	0	0	0	0	0	0	0	0	1	0	0	0	1	0	1	0	0	2	2	0	0	0	0	0	0	0	2	0	0	0	0	0	0	0	1	2	2	2	0	0	0	0	2	2	0	0	2	2	2	0	0	1	0	1	0	0	1	0	0	1	1	0	1	0	0	1	0	0	0	0	1	0	2	1	1	1	1	0	1	0	1	0	1	1	1	1	1	2	2	1	1	0	0	0	0	0	0	0	2	1	1	2	1	0	1	2	2	2	1	2	0
344	0	0	0	0	0	0	0	0	0	0	0	0	0	0	0	0	0	0	0	0	0	0	0	0	0	0	0	0	0	0	0	0	0	0	0	0	0	0	0	0	0	0	0	0	0	0	0	0	0	0	0	0	0	0	0	0	0	0	0	0	0	0	0	0	0	0	0	0	0	0	0	0	0	0	0	0	0	0	0	0	0	0	0	0	0	0	0	0	0	0	0	0	0	0	0	1	0	0	0	0	0	0	0	0	0	0	0	0	0	0	0	0	0	0	0	0	0	0	0	0	0	0	0	0	0	0	0	0	0	0	0	0	0	0	0	0	0	0	0	0	0	0	0	0	0	0	0	0	0	0	0	0	0	0	0	0	0	0	0	0	0	0	0	0	0	0	0	0	0	0	0	0	0	0	0	0	0	0	0	0	0	0	0	0	0	0	0	0	0	0	0	0	0	0	0	0	0	0	0	1	0	0	0	0	0	0	0	0	0	0	0	0	0	0	0	0	0	0	0	0	0	0	0	0	0	0	0	0	0	0	0	0	0	0	0	0	0	0	0	0	0	0	0	0	0	0	0	0	0	0	0	0	0	0	0	0	0	0	0	0	0	0	0	0	0	0	0	0	0	0	0	0	0	0	0	0	0	0	0	0	0	0	1	0
345	0	1	1	0	0	0	0	0	0	0	0	0	0	0	0	0	0	0	0	0	0	0	0	0	0	0	0	0	0	1	0	0	1	0	0	1	0	1	0	0	0	0	0	1	0	0	1	1	1	0	1	1	1	0	1	1	1	1	0	0	1	1	1	0	1	1	1	1	1	1	1	0	1	1	1	1	0	1	1	1	1	1	1	1	1	1	1	1	0	0	1	0	1	1	1	1	0	0	0	0	0	0	0	0	0	0	0	0	0	0	0	0	0	0	0	0	0	0	0	0	0	0	0	0	0	0	0	0	0	0	0	0	0	0	0	1	1	0	0	0	0	0	0	0	0	0	0	0	0	0	0	0	0	0	0	0	0	0	0	0	0	0	0	0	0	0	0	0	0	0	0	0	0	0	0	0	0	0	0	0	0	0	0	0	0	0	0	0	0	0	1	1	0	0	0	0	0	0	0	1	0	0	0	0	0	0	0	1	2	2	1	0	0	0	0	1	1	0	0	1	1	1	0	0	1	0	0	0	0	0	0	0	0	1	0	1	0	0	0	0	0	0	0	2	0	1	1	1	1	0	0	1	0	1	0	0	0	0	0	0	0	0	0	1	0	0	0	0	0	0	0	2	0	0	2	1	0	0	2	2	2	0	2	0
346	0	0	0	2	0	0	0	0	0	0	0	2	2	0	0	0	0	0	0	0	0	0	0	0	0	0	0	0	2	0	0	0	0	0	2	2	0	2	0	0	0	0	0	2	0	0	2	2	2	0	2	2	2	0	2	2	2	2	0	0	2	2	2	0	2	2	2	2	2	2	2	0	2	2	2	2	0	2	2	2	2	2	2	2	2	2	2	2	0	0	2	0	2	2	2	2	0	0	0	0	0	0	0	0	0	0	0	0	2	0	0	0	0	0	0	0	0	0	0	0	0	0	0	0	0	0	0	0	0	0	0	0	0	0	0	2	2	0	0	0	0	0	0	0	0	0	0	0	0	0	0	0	0	2	2	2	2	0	0	0	0	0	0	0	0	0	0	0	0	0	0	0	0	0	0	0	0	0	0	0	0	0	0	0	0	2	0	0	0	0	2	2	0	0	0	0	0	0	0	2	0	0	0	0	0	0	0	2	2	2	2	0	0	0	0	2	2	0	0	2	2	2	0	0	2	0	0	0	0	0	0	0	0	2	0	2	0	0	0	0	0	0	0	2	0	2	0	1	1	0	0	1	0	1	0	0	0	1	0	0	1	1	2	2	1	0	1	1	1	0	1	2	2	2	2	2	0	2	2	2	2	2	2	0
347	0	0	0	1	0	0	0	0	0	0	0	1	1	0	0	0	0	0	0	0	0	0	0	0	0	0	0	0	1	0	0	0	0	0	0	1	0	0	0	0	0	0	0	0	0	0	0	0	0	0	0	0	1	0	0	0	0	0	0	0	0	0	0	0	0	0	0	0	0	0	0	0	0	0	0	0	0	0	0	0	0	0	0	0	0	0	0	0	0	0	0	0	0	0	0	0	0	0	0	0	0	0	0	0	0	0	0	0	0	0	0	0	0	0	0	0	0	0	0	0	0	0	0	0	0	0	0	0	0	0	0	0	0	0	0	0	0	0	0	0	0	0	0	0	0	0	0	0	0	0	0	0	0	0	0	0	0	0	0	0	0	0	0	0	0	0	0	0	0	0	0	0	0	0	0	0	0	0	0	0	0	0	0	0	0	0	0	0	0	0	0	0	0	0	0	0	0	0	0	0	0	0	0	0	0	0	0	0	1	1	0	0	0	0	0	0	0	0	0	0	0	0	0	0	0	0	0	0	0	1	0	0	0	1	0	1	0	0	1	0	0	0	0	2	0	2	1	0	0	0	0	0	0	0	0	0	0	0	0	0	0	1	1	1	0	0	0	1	0	0	1	2	0	0	2	0	0	0	2	2	1	0	2	0
348	0	0	0	1	0	0	0	0	0	0	0	1	1	0	0	0	0	0	0	0	0	0	0	0	0	0	0	0	1	0	0	0	0	0	0	0	0	1	0	0	0	0	0	1	0	0	1	1	1	0	2	1	2	0	1	1	1	1	0	0	1	1	1	0	1	1	1	1	1	1	1	0	1	1	1	1	0	1	1	1	1	1	1	1	1	1	1	1	0	0	0	0	0	0	0	1	1	0	1	1	1	0	1	0	1	0	1	0	0	0	0	0	0	0	1	0	1	0	0	0	0	0	1	1	0	1	1	1	1	1	1	0	0	1	1	0	0	0	1	0	0	1	0	1	1	1	0	1	1	1	1	1	0	0	0	0	0	1	1	1	1	1	1	1	1	1	1	1	0	1	1	1	0	1	1	1	1	0	0	1	1	1	1	0	1	0	0	0	0	1	0	0	1	0	0	0	0	0	0	1	1	0	0	1	0	1	0	0	1	1	0	0	0	0	0	0	0	0	0	0	0	0	0	0	0	0	0	0	0	0	0	0	0	1	0	1	0	0	0	0	0	0	0	1	0	1	0	1	1	0	0	1	0	1	0	0	0	0	0	0	0	0	0	1	0	0	0	1	1	0	1	1	0	0	0	1	0	0	1	1	1	1	1	0
349	0	1	1	0	0	0	0	0	0	0	0	0	0	0	0	0	0	0	0	0	0	0	0	0	0	0	0	0	0	1	0	0	1	0	0	1	0	1	0	0	0	0	0	1	0	0	1	1	1	0	1	1	1	0	1	1	1	1	0	0	1	1	1	0	1	1	1	1	1	1	1	0	1	1	1	1	0	1	1	1	1	1	1	1	1	1	1	1	0	0	1	0	1	1	1	1	1	0	1	1	1	0	1	1	1	1	1	0	0	0	0	0	0	0	1	0	1	0	0	0	0	0	1	1	0	1	1	1	1	1	1	0	0	1	1	0	0	0	1	0	0	1	0	1	1	1	0	1	1	1	1	1	0	0	0	0	0	1	1	1	1	1	1	1	1	1	1	1	0	1	1	1	0	1	1	1	1	0	0	1	1	1	1	0	1	0	0	0	0	1	0	0	0	0	0	0	0	0	0	1	1	0	0	1	0	1	0	0	1	1	0	0	0	0	0	0	0	0	0	0	0	0	0	0	0	0	0	0	0	1	0	0	0	1	0	1	0	0	1	0	0	0	0	1	0	0	0	0	0	0	0	0	0	0	0	0	0	0	0	0	0	0	0	0	1	0	0	1	0	0	1	0	0	0	1	0	0	0	1	1	1	0	1	0
350	0	0	1	1	0	0	0	0	0	0	0	1	1	0	0	0	0	0	0	0	0	0	0	0	0	0	0	0	1	1	0	0	1	0	1	1	1	2	0	0	0	0	0	2	0	0	2	2	2	0	2	2	2	0	2	2	2	2	0	0	2	2	1	0	2	2	2	2	2	2	2	0	2	2	2	2	0	2	2	2	2	2	2	2	2	2	2	2	0	0	1	0	1	2	2	2	1	0	1	1	1	0	1	1	1	1	1	0	1	0	0	0	0	0	1	0	1	0	0	0	0	0	1	1	0	1	1	1	1	1	1	0	0	1	1	2	1	0	1	0	0	1	0	1	1	1	0	1	1	1	1	1	0	2	2	2	2	0	0	0	0	0	0	0	0	0	0	0	0	0	0	0	0	0	0	0	0	0	0	0	0	0	0	0	0	2	0	1	0	0	2	2	0	0	0	0	0	0	0	1	0	0	0	0	0	1	0	1	2	2	2	0	0	0	0	2	2	0	0	2	2	2	0	1	2	0	1	0	0	0	0	0	0	1	0	1	0	0	0	0	0	0	0	1	0	2	2	2	2	1	0	2	0	2	0	1	1	1	1	1	1	1	2	2	1	0	1	1	1	0	1	2	1	1	2	1	0	1	2	2	2	1	2	0
351	0	1	0	1	0	0	0	0	0	0	1	1	2	0	0	1	1	1	1	1	1	1	1	1	0	0	0	0	1	0	0	0	0	1	1	1	0	1	1	0	1	1	1	1	1	1	1	1	1	1	1	1	1	1	1	1	1	1	0	0	1	1	1	1	1	1	1	1	2	1	1	1	1	1	1	1	1	2	2	2	2	2	2	2	2	2	2	2	0	0	2	0	2	2	2	2	1	0	1	1	1	0	1	1	1	1	1	0	1	0	0	0	0	0	1	0	1	0	0	0	0	0	1	1	0	1	1	1	1	1	1	0	0	0	0	1	1	0	1	0	0	1	0	1	1	1	0	0	1	1	1	1	0	1	2	1	1	1	1	0	1	1	1	1	1	1	0	0	0	0	0	0	0	0	0	0	0	0	0	0	0	1	0	0	0	2	0	1	0	0	2	2	0	0	0	0	0	0	0	2	0	0	0	0	0	0	0	1	2	2	2	0	0	0	0	2	2	0	0	2	2	2	0	1	2	0	1	0	0	1	0	0	1	1	0	1	0	0	0	0	0	0	0	1	0	2	1	1	1	0	0	1	0	1	0	0	0	0	0	0	0	0	2	2	0	0	0	0	0	0	0	2	2	2	2	2	0	2	2	2	2	2	2	0
352	0	0	1	1	0	0	0	0	0	0	0	1	1	0	0	0	0	0	0	0	0	0	0	0	0	0	0	0	1	1	0	0	1	0	0	0	1	2	0	0	0	0	0	2	0	0	2	2	2	0	2	2	2	0	2	2	2	2	0	0	2	2	2	0	2	2	2	2	2	2	2	0	2	2	2	2	0	2	2	2	2	2	2	2	2	2	2	2	0	0	1	0	1	2	2	2	1	0	2	2	2	0	2	2	2	2	2	0	0	0	0	0	0	0	2	0	2	0	0	0	0	0	2	2	0	2	2	2	2	2	2	0	0	2	2	1	0	0	2	0	0	2	0	2	2	2	0	2	2	2	2	2	0	1	1	1	1	1	1	1	1	1	1	1	1	1	1	1	0	1	1	1	0	1	1	1	1	0	0	1	1	1	1	0	1	1	0	1	0	1	1	1	1	0	0	0	0	0	0	1	1	0	0	1	0	1	0	0	2	2	1	0	0	0	0	1	1	0	0	1	1	1	0	0	1	0	1	0	0	0	1	0	0	1	0	1	0	0	1	0	0	0	0	1	0	2	1	1	1	0	0	1	0	1	0	1	1	1	0	1	0	0	0	1	1	0	1	0	0	0	2	2	2	2	2	2	0	2	2	2	2	0	2	0
353	0	0	1	0	0	0	0	0	0	0	0	0	0	0	0	0	0	0	0	0	0	0	0	0	0	0	0	0	0	2	0	0	1	0	0	0	1	0	0	0	0	0	0	1	0	0	1	1	1	0	0	0	0	1	0	0	0	0	0	0	0	0	0	1	0	0	0	0	0	0	0	1	0	0	0	0	1	0	0	0	0	0	0	0	0	0	0	0	0	0	0	0	0	0	0	0	0	0	0	0	0	0	0	0	0	0	0	0	1	0	0	0	0	0	0	0	0	0	0	0	0	1	1	1	0	1	1	1	1	1	1	0	0	0	0	0	0	0	0	0	0	1	0	1	1	1	0	0	1	1	1	1	0	0	1	0	0	1	1	1	1	1	1	1	1	1	1	1	0	1	0	1	0	1	1	1	1	0	0	1	1	1	1	1	1	0	0	0	0	1	0	0	1	0	0	0	0	0	0	1	0	0	0	0	0	0	0	1	1	1	1	0	0	0	0	1	1	0	0	1	1	1	0	0	1	0	0	0	0	0	0	0	1	0	0	0	0	0	0	0	0	0	0	0	0	2	2	2	2	1	0	2	0	2	0	1	1	1	0	1	1	1	0	2	0	0	0	1	1	0	2	1	0	0	1	1	0	0	1	1	1	0	1	0
354	0	0	0	2	0	0	0	0	0	0	0	2	2	0	0	0	0	0	0	0	0	0	0	0	0	0	0	0	2	0	0	0	0	0	0	0	0	1	0	0	0	0	0	2	0	0	2	2	2	0	2	2	2	0	2	2	2	2	0	0	2	2	2	0	2	2	2	2	2	2	2	0	2	2	2	2	0	2	2	2	2	2	2	2	2	2	2	2	0	0	0	0	2	2	2	1	0	0	1	1	1	0	1	1	1	0	1	0	0	0	0	0	0	0	1	0	1	0	0	0	0	0	1	1	0	1	1	1	1	1	1	0	0	1	1	0	0	0	1	0	0	1	0	1	1	1	0	1	1	1	1	1	0	0	0	0	0	1	1	1	1	1	1	1	1	1	1	1	0	0	1	1	0	1	1	1	1	0	0	1	1	1	1	0	1	0	0	0	0	1	0	0	1	0	0	0	0	0	0	1	1	0	0	1	0	1	0	0	2	1	0	0	0	0	0	0	0	0	0	0	0	0	0	0	0	0	0	0	0	0	1	0	0	2	0	2	0	0	1	0	0	0	0	2	0	0	0	0	0	0	0	0	0	0	0	0	0	0	0	0	0	0	0	0	0	0	0	0	0	0	0	0	0	0	0	0	0	0	0	0	0	0	2	0
355	0	0	1	0	0	0	0	0	0	0	0	0	0	0	0	0	0	0	0	0	0	0	0	0	0	0	0	0	0	1	0	0	1	0	0	0	1	0	0	0	0	0	0	1	0	0	1	1	1	0	1	0	1	0	0	0	0	0	0	0	0	0	0	1	0	0	0	0	0	0	0	1	0	0	0	0	1	0	0	0	0	0	0	0	0	0	0	0	0	0	0	0	0	0	0	0	0	0	0	0	0	0	0	0	0	0	0	0	1	0	0	0	0	0	0	0	0	0	0	0	0	1	1	1	0	1	1	1	1	1	1	0	0	0	0	0	0	0	1	0	0	1	0	1	1	1	0	0	1	1	1	1	0	0	0	0	0	1	1	1	1	1	1	1	1	1	1	1	0	1	1	1	0	1	1	1	1	0	0	1	1	1	1	1	1	0	0	0	0	1	0	0	1	0	0	0	0	0	0	0	0	0	0	0	0	0	0	0	2	2	1	0	0	0	0	1	1	0	0	1	1	1	0	0	1	0	0	0	0	0	0	0	0	1	0	1	0	0	0	0	0	0	0	1	0	1	1	0	0	0	0	0	0	0	0	0	0	0	0	1	0	0	0	1	0	0	0	0	0	0	1	2	0	0	1	1	0	0	2	2	2	0	2	0
356	0	1	1	0	0	0	0	0	0	0	0	0	0	0	0	0	0	0	0	0	0	0	0	0	0	0	0	0	0	1	0	0	1	0	0	1	0	1	0	0	0	0	0	1	0	0	1	1	1	0	1	1	1	0	1	1	1	1	0	0	1	1	1	0	1	1	1	1	1	1	1	0	1	1	1	1	0	1	1	1	1	1	1	1	1	1	1	1	0	0	0	0	1	1	1	1	0	0	0	0	0	0	0	0	0	0	0	0	0	0	0	0	0	0	0	0	0	0	0	0	0	0	0	0	0	0	0	0	0	0	0	0	0	0	0	1	1	0	0	0	0	0	0	0	0	0	0	0	0	0	0	0	0	0	0	0	0	0	0	0	0	0	0	0	0	0	0	0	0	0	0	0	0	0	0	0	0	0	0	0	0	0	0	0	0	0	0	0	0	0	1	1	0	0	0	0	0	0	0	1	0	0	0	0	0	0	0	1	1	1	1	0	0	0	0	1	1	0	0	1	1	1	0	0	1	0	0	0	0	0	0	0	0	0	0	0	0	0	1	0	0	0	0	1	1	2	2	1	1	1	1	1	1	1	1	1	1	1	1	1	1	1	2	2	0	1	1	1	1	1	1	2	1	1	2	1	0	1	2	2	2	1	2	1
357	0	0	0	2	0	0	0	0	0	0	0	1	1	0	0	0	0	0	0	0	0	0	0	0	0	0	0	0	1	0	0	0	0	1	2	1	0	1	0	0	0	0	0	2	0	0	2	2	2	0	2	2	2	0	2	2	2	2	0	0	2	2	2	0	2	2	2	2	2	2	2	0	2	2	2	2	0	2	2	2	2	2	2	2	2	2	2	2	0	0	1	0	2	2	2	2	1	0	1	1	1	0	1	1	1	1	1	0	1	0	0	0	0	0	1	0	1	0	0	0	0	0	1	1	0	1	1	1	1	1	1	0	0	1	1	1	1	0	1	0	0	1	0	1	1	1	0	1	1	1	1	1	0	1	1	1	1	1	1	1	1	1	1	1	1	1	1	1	0	1	1	1	0	1	1	1	1	0	0	1	1	1	1	0	1	1	0	0	0	1	1	1	1	0	0	0	0	0	0	2	1	0	0	1	0	1	0	1	2	2	1	0	0	0	0	1	1	0	0	1	1	1	0	0	1	0	0	0	0	1	0	0	1	1	0	1	0	0	0	0	0	0	0	1	0	2	1	1	1	1	0	1	0	1	0	1	1	1	1	1	1	1	2	2	1	0	1	1	1	0	1	2	2	2	2	2	0	2	2	2	2	2	2	0
358	0	0	0	1	0	0	0	0	0	0	0	1	1	0	0	0	0	0	0	0	0	0	0	0	0	0	0	0	1	1	0	0	0	0	0	0	0	1	0	0	0	0	0	1	0	0	1	1	1	0	1	1	1	0	1	1	1	1	0	0	1	1	1	0	1	1	1	1	1	1	1	0	1	1	1	1	0	1	1	1	1	1	1	1	1	1	1	1	0	0	0	0	1	1	1	1	0	0	1	1	1	0	1	1	1	1	1	0	0	0	0	0	0	0	1	0	1	0	0	0	0	0	1	1	0	1	1	1	1	1	1	0	0	1	1	0	0	0	1	0	0	1	0	1	1	1	0	1	1	1	1	1	0	0	0	0	0	1	1	1	1	1	1	1	1	1	1	1	0	1	1	1	0	1	1	1	1	0	0	1	1	1	1	0	1	0	0	0	0	1	0	0	1	0	0	0	0	0	0	1	1	0	0	1	0	1	0	0	0	0	0	0	0	0	0	0	0	0	0	0	0	0	0	0	0	0	0	0	0	0	0	0	0	0	0	0	0	0	0	0	0	0	0	0	0	1	1	1	1	0	0	1	0	1	0	0	0	0	0	0	0	0	0	1	0	0	0	1	1	0	1	1	0	0	0	1	0	0	0	0	0	0	0	0
359	0	0	0	2	0	0	0	0	0	0	0	2	2	0	0	0	0	0	0	0	0	0	0	0	0	0	0	0	2	0	0	0	0	0	1	2	0	1	0	0	0	0	0	1	0	0	1	1	1	0	1	1	1	0	1	1	1	1	0	0	1	1	1	0	1	1	1	1	1	1	1	0	1	1	1	1	0	1	1	1	1	1	1	1	1	1	1	1	0	0	0	0	1	1	1	1	0	0	0	0	0	0	0	0	0	0	0	0	0	0	0	0	0	0	1	0	1	0	0	0	0	0	1	1	0	0	1	1	1	1	0	0	0	0	0	1	1	0	0	0	0	0	0	0	0	0	0	0	0	0	0	1	0	0	1	0	0	1	1	1	1	1	1	1	1	1	1	1	0	1	1	1	0	1	1	0	1	0	0	1	0	1	1	0	1	0	0	0	0	1	0	0	0	0	0	0	0	0	0	1	0	0	0	1	0	0	0	0	0	0	0	0	0	0	0	0	0	0	0	0	0	0	0	0	0	0	0	0	0	0	0	0	0	0	0	0	0	0	1	0	0	0	0	1	0	2	2	1	1	0	0	1	0	1	0	1	1	1	1	1	1	2	1	1	1	0	1	1	1	0	1	2	1	1	2	1	0	1	2	2	2	1	2	0
360	0	0	0	2	0	0	0	0	0	0	0	2	2	0	0	0	0	0	0	0	0	0	0	0	0	0	0	0	2	0	0	0	0	0	1	2	0	2	0	0	0	0	0	2	0	0	2	2	2	0	2	2	2	0	2	2	2	2	0	0	2	2	2	0	2	2	2	2	2	2	2	0	2	2	2	2	0	2	2	2	2	2	2	2	2	2	2	2	0	0	1	0	2	2	2	2	0	0	0	0	0	0	0	0	0	0	0	0	2	0	0	0	0	0	0	0	0	0	0	0	0	0	0	0	0	0	0	0	0	0	0	0	0	0	0	2	2	0	0	0	0	0	0	0	0	0	0	0	0	0	0	0	0	2	2	2	2	0	0	0	0	0	0	0	0	0	0	0	0	1	0	0	0	0	0	0	0	0	0	0	0	0	0	0	0	2	0	0	0	0	2	2	0	0	0	0	0	0	0	2	0	0	0	0	0	0	0	2	2	2	2	0	0	0	0	2	2	0	0	2	2	2	0	0	2	0	0	0	0	0	0	0	0	2	0	2	0	0	0	0	0	0	0	2	0	2	1	1	1	0	0	1	0	1	0	0	0	0	0	0	1	1	2	2	1	0	1	1	1	0	1	2	2	2	2	2	0	2	2	2	2	2	2	0
361	0	0	2	0	0	0	0	0	0	0	0	0	0	0	0	0	0	0	0	0	0	0	0	0	0	0	0	0	0	2	0	0	2	0	0	0	2	2	0	0	0	0	0	1	0	0	2	2	2	0	1	1	1	0	1	1	1	1	0	0	1	1	1	1	1	1	1	1	1	1	1	0	1	1	1	1	0	0	0	0	0	0	0	0	0	0	0	0	0	0	0	0	0	0	0	0	0	0	0	0	0	0	0	0	0	0	0	0	0	0	0	0	0	0	0	0	0	0	0	0	0	0	0	0	0	0	0	0	0	0	0	0	0	0	0	1	1	0	0	0	0	0	0	0	0	0	0	0	0	0	0	0	0	0	0	0	0	0	0	0	0	0	0	0	0	0	0	0	0	0	0	0	0	0	0	0	0	0	0	0	0	0	0	0	0	0	0	0	0	0	1	1	0	0	0	0	0	0	0	2	0	0	0	0	0	0	0	1	1	1	1	0	0	0	0	1	1	0	0	1	1	1	0	0	1	0	0	0	0	0	0	0	0	1	1	2	0	0	2	0	0	1	0	2	1	1	0	0	0	0	0	0	0	0	0	0	0	0	0	0	1	1	0	1	1	0	1	1	1	0	1	2	1	1	1	1	0	1	1	1	1	1	1	0
362	0	0	1	1	0	0	0	0	0	0	0	0	0	0	0	0	0	0	0	0	0	0	0	0	0	0	0	0	0	1	0	0	1	0	0	0	1	2	0	0	0	0	0	1	0	0	2	2	2	0	1	1	2	0	1	2	2	2	0	0	2	2	2	0	2	2	2	2	2	2	2	0	2	2	1	2	0	1	1	2	1	2	1	1	2	2	2	2	0	1	1	0	1	2	2	2	2	0	2	1	1	0	1	1	1	1	1	0	0	0	0	0	0	0	1	0	1	0	0	0	0	0	1	1	0	1	1	1	1	1	1	0	0	1	1	2	1	0	1	0	0	1	0	1	1	2	0	1	1	1	1	1	0	1	2	1	1	0	0	0	0	0	0	0	0	0	0	0	0	0	0	0	0	0	0	0	0	0	0	0	0	0	0	0	0	1	0	1	0	0	2	2	0	0	0	0	0	0	0	0	0	0	0	0	0	0	0	0	1	1	1	0	0	0	0	1	1	0	0	1	1	1	0	1	1	0	1	0	0	0	0	0	0	0	0	0	0	0	1	0	0	0	0	1	0	2	2	1	1	1	0	1	0	1	0	1	1	1	1	1	0	1	1	1	0	0	0	0	0	0	0	2	0	0	2	0	0	0	2	2	2	0	2	0
363	0	0	0	2	0	0	0	0	0	0	0	2	2	0	0	0	0	0	0	0	0	0	0	0	0	0	0	0	2	0	0	0	0	0	0	0	0	1	0	0	0	0	0	2	0	0	2	2	2	0	1	1	2	0	2	2	2	2	0	0	2	2	2	0	2	2	2	2	2	2	2	0	2	2	2	2	0	2	2	2	2	2	2	2	2	2	2	2	0	0	1	0	2	2	2	2	1	0	2	2	2	0	2	2	2	2	2	0	0	0	0	0	0	0	2	0	2	0	0	0	0	0	2	2	0	2	2	2	2	2	2	0	0	2	2	0	0	0	2	0	0	2	0	2	2	2	0	2	2	2	2	2	0	0	0	0	0	2	2	2	2	2	2	2	2	2	2	2	0	1	2	2	0	2	2	2	2	0	0	2	2	2	2	0	2	0	0	0	0	2	0	0	2	0	0	0	0	0	0	2	2	0	0	2	0	2	0	0	2	2	0	0	0	0	0	0	0	0	0	0	0	0	0	0	0	0	0	0	0	0	1	0	0	2	0	1	0	0	1	0	0	0	0	1	0	1	1	1	1	1	0	1	0	1	0	0	0	0	0	0	0	0	0	0	1	0	0	0	0	0	1	1	1	1	1	1	0	1	1	1	1	0	2	0
364	0	0	1	1	0	0	0	0	0	0	0	1	1	0	0	0	0	0	0	0	0	0	0	0	0	0	0	0	1	1	0	0	1	0	1	1	1	2	0	0	0	0	0	1	0	0	2	2	2	0	1	1	1	0	1	1	1	1	0	0	1	1	1	1	1	1	1	1	1	1	1	0	1	1	1	1	0	1	1	1	1	1	1	1	1	1	1	1	0	0	1	0	1	1	1	1	0	0	0	0	0	0	0	0	0	0	0	0	0	0	0	0	0	0	1	0	1	0	0	0	0	0	1	1	0	0	1	1	1	1	0	0	0	0	0	2	2	0	0	0	0	0	0	0	0	0	0	0	0	0	0	1	0	0	1	0	0	1	1	1	1	1	2	1	1	1	1	1	0	1	1	1	0	1	1	0	1	0	0	1	0	1	1	0	1	0	0	0	0	1	1	1	0	0	0	0	0	0	0	2	0	0	0	1	0	0	0	1	1	1	1	0	0	0	0	1	1	0	0	1	1	1	0	0	1	0	0	0	0	0	0	0	0	1	0	0	0	0	0	0	0	0	0	0	0	2	2	2	2	0	0	2	0	2	0	1	1	1	1	1	1	1	1	2	1	0	1	2	2	0	2	2	1	1	1	2	0	1	1	1	1	1	1	0
365	0	0	0	1	0	0	0	0	0	0	0	1	1	0	0	0	0	0	0	0	0	0	0	0	0	0	0	0	1	0	0	0	0	0	0	0	0	1	0	0	0	0	0	1	0	0	1	1	1	0	1	1	1	0	1	1	1	1	0	0	1	1	1	0	1	1	1	1	1	1	1	0	1	1	1	1	0	1	1	1	1	1	1	1	1	1	1	1	0	0	0	0	1	1	1	1	0	0	1	1	1	0	1	1	1	1	1	0	0	0	0	0	0	0	1	0	1	0	0	0	0	0	1	1	0	1	1	1	1	1	1	0	0	1	1	0	0	0	1	0	0	1	0	1	1	1	0	1	1	1	1	1	0	0	0	0	0	1	1	1	1	1	1	1	1	1	1	1	0	1	1	1	0	1	1	1	1	0	0	1	1	1	1	0	1	0	0	0	0	1	0	0	0	0	0	0	0	0	0	1	1	0	0	1	0	1	0	0	1	1	0	0	0	0	0	0	0	0	0	0	0	0	0	0	0	0	0	0	0	0	0	0	0	2	0	2	0	0	2	0	0	0	0	2	0	0	1	1	1	0	0	1	0	1	0	0	0	0	0	0	0	0	1	1	0	0	0	0	0	0	0	1	0	0	1	0	0	0	1	1	1	0	2	0
366	0	2	1	0	0	0	0	0	0	0	0	0	1	0	0	1	1	1	1	1	1	1	1	1	0	0	0	0	0	1	0	0	1	1	0	2	0	1	0	0	0	0	0	2	0	0	2	2	2	0	2	2	2	0	2	2	2	2	0	0	2	2	2	0	2	2	2	2	2	2	2	0	2	2	2	2	0	2	2	2	1	1	1	1	1	1	1	1	0	0	0	0	1	1	1	1	0	0	0	0	0	0	0	0	0	0	0	0	0	0	0	0	0	0	0	0	0	0	0	0	0	1	0	0	0	0	0	0	0	0	0	0	0	0	0	2	2	0	0	0	0	0	0	0	0	0	0	0	0	0	0	0	0	0	1	0	0	1	1	1	1	1	1	1	1	1	1	1	0	1	1	1	0	1	1	0	1	0	0	1	0	1	1	0	1	0	0	0	0	0	1	1	0	0	0	0	0	0	0	2	0	0	0	0	0	0	0	1	2	2	2	0	0	0	0	2	2	0	0	2	2	2	0	0	2	0	1	0	0	1	0	0	1	0	0	0	0	0	1	0	0	0	0	0	0	1	1	1	1	0	0	1	0	1	0	0	0	0	0	0	0	0	1	1	0	0	0	0	0	0	0	0	0	0	1	0	0	0	1	1	1	0	1	0
367	0	1	0	1	1	1	1	1	1	1	1	1	1	1	1	1	1	1	1	1	1	1	1	1	1	1	1	1	1	0	1	1	0	1	1	1	0	0	1	0	0	0	0	0	0	0	1	1	1	0	0	0	0	0	0	0	0	0	0	0	0	0	0	1	0	0	0	0	0	0	0	0	0	0	0	0	0	0	0	0	0	0	0	0	0	0	0	0	0	0	0	0	0	0	0	0	1	0	1	0	1	0	0	1	1	1	0	0	1	0	0	0	0	0	0	0	0	0	0	0	0	1	0	0	0	0	0	0	0	0	0	0	0	0	0	1	1	0	0	0	0	0	0	0	0	0	0	0	0	0	0	0	0	0	0	0	0	0	0	0	0	0	0	0	0	0	0	0	0	0	0	0	0	0	0	0	0	0	0	0	0	1	0	0	0	1	0	1	0	0	1	1	1	0	0	0	0	0	0	2	0	0	0	0	0	0	0	0	1	1	0	0	0	0	0	0	0	0	0	0	0	0	0	0	0	0	0	0	0	0	0	0	0	1	0	1	0	0	1	0	0	0	0	1	0	1	1	1	1	0	0	1	0	1	0	0	0	0	0	0	0	0	0	1	0	0	0	1	1	0	1	2	0	0	0	1	0	0	0	0	0	0	0	0
368	0	1	1	0	0	0	0	0	0	0	0	0	0	0	0	0	0	0	0	0	0	0	0	0	0	0	0	0	0	1	0	0	1	0	0	0	0	0	0	0	0	0	0	0	0	0	1	1	1	0	0	0	0	0	0	0	0	0	0	0	0	0	0	1	0	0	0	0	0	0	0	0	0	0	0	0	0	0	0	1	1	1	1	1	1	1	1	1	0	0	1	0	1	1	1	2	1	0	1	1	1	0	1	1	1	1	1	0	0	0	0	0	0	0	1	0	1	0	0	0	0	0	1	1	0	1	1	1	1	1	1	0	0	1	1	0	0	0	1	0	0	1	0	1	1	1	0	1	1	1	1	1	0	0	0	0	0	1	1	1	1	1	1	1	1	1	1	0	0	1	1	1	0	1	1	1	1	0	0	1	1	1	1	0	1	0	0	0	0	1	0	0	1	0	0	0	0	0	0	0	0	0	0	0	0	0	0	0	0	0	0	0	0	0	0	0	0	0	0	0	0	0	0	0	0	0	0	0	0	0	0	0	0	0	0	0	0	0	0	0	0	0	0	0	0	0	0	0	0	0	0	0	0	0	0	0	0	0	0	0	0	0	0	0	0	0	0	0	0	0	0	0	0	0	0	0	0	0	0	0	0	0	0	0
369	0	0	0	2	0	0	0	0	0	0	0	2	2	0	0	0	0	0	0	0	0	0	0	0	0	0	0	0	2	0	0	0	0	0	1	1	0	2	0	0	0	0	0	2	0	0	2	2	2	0	2	2	2	0	2	2	2	2	0	0	2	2	2	0	2	2	2	2	2	2	2	0	2	2	2	2	0	2	2	2	2	2	2	2	2	2	2	2	0	0	1	0	2	2	2	2	0	0	1	1	1	0	1	1	1	1	1	0	1	0	0	0	0	0	1	0	1	0	0	0	0	0	1	1	0	1	1	1	1	1	1	0	0	1	1	1	1	0	1	0	0	1	0	1	1	1	0	1	1	1	1	1	0	1	1	1	1	1	1	1	1	1	1	1	1	1	1	1	0	1	1	1	0	1	1	1	1	0	0	1	1	1	1	0	1	1	0	0	0	1	1	1	1	0	0	0	0	0	0	2	1	0	0	1	0	1	0	1	2	2	1	0	0	0	0	1	1	0	0	1	1	1	0	0	1	0	0	0	0	0	1	0	0	2	0	2	0	0	1	0	0	0	0	2	0	2	1	1	1	0	0	1	0	1	0	1	1	1	0	1	0	0	1	2	0	0	0	0	0	0	1	2	2	2	2	2	0	2	2	2	2	1	2	0
370	0	0	0	0	0	0	0	0	0	0	0	0	0	0	0	0	0	0	0	0	0	0	0	0	0	0	0	0	0	0	0	0	0	0	0	1	0	0	0	0	0	0	0	0	0	0	0	0	0	0	0	0	0	0	0	0	0	0	0	0	0	0	0	0	0	0	0	0	0	0	0	0	0	0	0	0	0	0	0	1	0	1	0	0	1	1	1	1	0	1	1	0	1	1	1	1	1	0	1	0	0	0	0	0	0	0	0	0	0	0	0	0	0	0	0	0	0	0	0	0	0	1	0	0	0	0	0	0	0	0	0	0	0	0	0	1	1	0	0	0	0	0	0	0	0	1	0	0	0	0	0	0	0	0	1	0	0	0	0	0	0	0	0	0	0	0	0	0	0	0	0	0	0	0	0	0	0	0	0	0	0	0	0	0	0	0	0	0	0	0	1	1	0	0	0	0	0	0	0	0	0	0	0	0	0	0	0	0	0	0	0	0	0	0	0	0	0	0	0	0	0	0	0	0	0	0	0	0	0	0	0	0	0	1	0	1	0	0	2	0	0	0	0	2	0	1	1	0	0	0	0	0	0	0	0	0	0	0	0	0	0	1	0	0	0	0	0	0	0	0	0	1	0	0	1	0	0	0	1	1	1	0	2	0
371	0	0	1	1	0	0	0	0	0	0	0	1	1	0	0	0	0	0	0	0	0	0	0	0	0	0	0	0	1	1	0	0	1	0	0	0	1	2	0	0	0	0	0	1	0	0	2	2	2	0	1	1	1	0	1	1	1	1	0	0	1	1	1	1	1	1	1	1	1	1	1	0	1	1	1	1	0	1	1	1	1	1	1	1	1	1	1	1	0	0	1	0	1	1	1	1	0	0	1	1	1	0	1	1	1	1	1	0	0	0	0	0	0	0	1	0	1	0	0	0	0	0	1	1	0	1	1	1	1	1	1	0	0	0	0	1	1	0	1	0	0	1	0	1	1	1	0	1	1	1	1	1	0	0	0	0	0	1	1	1	1	1	1	1	1	1	1	1	0	1	1	1	0	1	1	1	1	0	0	1	1	1	1	0	1	0	0	0	0	1	1	1	1	0	0	0	0	0	0	1	0	0	0	0	0	0	0	1	1	1	1	0	0	0	0	1	1	0	0	1	1	1	0	0	1	0	0	0	0	0	1	0	0	2	1	2	1	0	2	0	0	1	0	2	1	0	0	0	0	0	0	0	0	0	0	0	0	0	0	0	0	0	1	2	0	0	0	0	0	0	0	2	0	0	1	0	0	0	1	1	1	0	1	0
372	0	0	0	1	0	0	0	0	0	0	0	1	1	0	0	0	0	0	0	0	0	0	0	0	0	0	0	0	1	0	0	0	0	0	0	1	0	0	0	0	0	0	0	0	0	0	0	0	0	0	0	0	0	0	0	0	0	0	0	0	0	0	0	0	0	0	0	0	0	0	0	0	0	0	0	0	0	1	1	1	1	1	1	1	1	1	1	1	0	0	1	0	0	1	1	1	0	0	1	1	1	0	1	1	1	1	1	0	0	0	0	0	0	0	1	0	1	0	0	0	0	0	1	1	0	1	1	1	1	1	1	0	0	1	1	0	0	0	1	0	0	1	0	1	1	1	0	1	1	1	1	1	0	0	0	0	0	1	1	1	1	1	1	1	1	1	1	1	0	1	1	1	0	1	1	1	1	0	0	1	1	1	1	0	1	0	0	0	0	1	0	0	1	0	0	0	0	0	0	1	1	0	0	1	0	1	0	0	1	1	0	0	0	0	0	0	0	0	0	0	0	0	0	0	0	0	0	0	0	0	1	0	0	1	0	1	0	0	2	0	0	0	0	2	0	1	1	0	0	0	0	0	0	0	0	0	0	0	0	0	0	1	0	0	0	0	0	0	0	0	0	1	0	0	1	0	0	0	1	1	1	0	2	0
