29	1
30	2
31	1
32	0
33	0
34	1
35	0
36	1
37	1
38	0
39	1
40	0
296	2
297	1
298	1
299	2
300	1
301	2
302	2
303	1
304	1
305	0
306	0
307	1
308	0
309	1
310	2
311	1
312	1
313	1
314	0
315	2
316	0
317	2
318	1
319	1
320	1
321	2
322	2
323	2
324	1
325	0
326	2
327	1
328	1
329	1
330	0
331	0
332	2
333	0
334	1
335	2
336	2
337	1
338	1
339	1
340	1
341	1
342	1
343	0
344	1
345	0
346	2
347	1
348	0
349	0
350	1
351	0
352	0
353	1
354	1
355	2
356	2
357	2
358	1
359	0
360	1
361	0
362	1
363	0
364	0
365	2
366	1
367	1
368	1
369	1
370	2
371	1
372	0
