0	1
2	1
3	0
4	1
5	0
6	2
7	0
8	1
9	0
10	0
11	1
12	0
13	0
14	0
15	2
16	1
17	0
18	1
19	2
20	0
21	1
22	2
23	1
24	1
25	2
26	1
27	1
28	0
41	2
42	0
43	1
44	0
45	0
46	0
47	1
48	0
49	0
50	0
51	1
52	0
53	0
54	0
55	2
56	1
57	0
58	1
59	1
60	1
61	0
62	2
63	2
64	1
65	1
66	1
67	1
68	1
69	0
70	0
71	1
72	0
73	0
74	1
75	1
76	2
77	0
78	1
79	0
80	1
81	1
82	0
83	1
84	1
85	2
86	2
87	2
88	0
89	1
90	0
91	1
92	0
93	0
94	0
95	0
96	1
97	0
98	0
99	1
100	0
101	1
102	1
103	0
104	1
105	0
106	1
107	0
108	0
109	1
110	0
111	1
112	1
113	1
114	0
115	0
117	2
118	1
119	2
120	1
121	1
122	0
123	0
124	1
125	1
126	0
127	0
128	1
129	0
130	2
131	0
132	0
133	1
134	2
135	1
136	0
137	0
138	0
139	0
140	0
141	1
142	1
143	2
144	0
145	0
146	2
147	0
148	1
149	1
150	0
151	1
152	0
153	0
154	1
155	1
156	0
157	1
158	0
159	1
160	1
161	1
162	0
163	0
164	1
165	0
166	0
167	1
168	1
169	1
170	1
171	1
172	0
173	0
174	2
175	1
176	1
177	0
178	1
179	0
180	1
181	1
182	1
183	2
184	1
185	2
186	1
187	0
188	0
189	0
190	0
191	0
192	0
193	0
194	1
195	2
196	1
197	2
198	1
199	1
200	1
201	1
202	0
203	1
204	0
205	0
206	0
207	0
208	0
209	1
210	1
211	0
212	1
213	1
214	0
215	1
216	0
217	1
218	0
219	1
220	0
222	1
223	1
224	1
225	1
226	0
227	2
228	0
229	1
230	1
231	0
232	1
233	1
234	1
235	2
236	1
237	0
238	0
239	0
240	0
241	0
242	1
243	0
244	1
245	1
246	1
247	1
248	0
249	1
250	0
251	2
252	1
253	1
254	0
255	1
256	0
257	1
258	0
259	1
260	0
261	2
262	1
263	1
264	0
265	2
266	1
267	1
268	1
269	1
270	0
271	0
272	0
273	1
274	1
275	1
276	1
277	1
278	2
279	1
280	1
281	0
282	0
283	0
284	1
285	0
286	1
287	0
288	1
289	1
290	1
291	1
292	2
293	1
294	0
295	1
373	1
374	1
375	0
376	1
377	0
378	1
379	0
380	2
381	0
382	0
383	0
384	1
385	1
386	0
387	1
388	2
389	1
390	1
391	1
392	1
393	0
394	2
395	1
396	0
397	1
398	0
399	1
400	1
401	1
402	1
403	1
404	0
405	0
406	0
407	0
408	2
409	1
410	1
411	1
412	2
413	1
414	2
415	1
416	1
417	1
418	1
419	1
420	1
421	0
422	1
423	1
424	0
425	1
426	1
427	1
428	0
429	0
430	1
431	2
432	0
433	0
434	2
435	0
436	0
437	1
438	0
439	0
440	0
441	1
442	0
443	2
444	1
445	2
446	2
447	2
448	1
449	1
450	1
451	0
452	1
453	2
454	0
455	1
456	1
457	1
458	0
459	0
460	1
461	1
462	2
463	0
464	0
