29	0	1	0	1	1	1	1	1
30	0	1	0	1	1	1	1	1
31	0	0	0	0	0	2	1	0
32	0	0	0	0	0	2	0	0
33	0	1	1	1	1	1	0	1
34	0	1	0	2	2	0	2	2
35	0	0	1	0	0	2	1	0
36	0	2	0	2	2	0	1	2
37	0	1	0	1	1	1	1	1
38	0	1	0	1	1	1	0	1
39	0	0	0	0	0	2	0	0
40	0	1	0	1	1	0	2	1
296	0	2	0	2	2	0	2	2
297	0	1	0	1	1	1	0	1
298	0	1	0	1	1	1	1	1
299	0	0	0	1	1	1	1	0
300	0	0	0	0	0	2	0	0
301	0	2	0	2	2	0	2	2
302	0	2	0	2	2	0	2	2
303	0	2	0	2	2	0	2	1
304	0	2	0	2	2	0	2	2
305	0	1	1	1	1	1	1	1
306	0	0	0	1	1	1	1	0
307	0	1	0	1	1	1	0	1
308	0	0	0	1	1	1	1	1
309	0	1	2	1	1	1	1	0
310	0	1	1	1	1	1	2	1
311	0	0	1	0	0	2	0	0
312	0	0	0	2	2	0	2	0
313	0	2	0	2	2	0	2	2
314	0	1	0	1	1	1	1	1
315	0	0	0	0	0	2	0	0
316	0	0	1	0	0	2	1	1
317	0	1	1	1	1	1	1	1
318	0	1	0	1	1	1	1	1
319	0	0	0	0	1	1	1	0
320	0	1	0	1	1	1	1	1
321	0	1	0	1	1	1	1	1
322	0	0	0	0	0	2	0	0
323	0	1	0	1	2	0	2	1
324	0	1	0	1	1	1	1	1
325	0	1	0	0	0	1	1	1
326	0	0	0	0	0	2	0	0
327	0	1	0	1	1	1	1	1
328	0	1	1	1	1	1	1	1
329	0	1	0	1	1	1	1	1
330	0	1	2	1	1	1	1	1
331	0	0	0	0	0	2	0	0
332	0	0	0	0	0	2	0	0
333	0	1	0	1	1	1	1	1
334	0	0	0	1	1	1	1	0
335	0	0	0	1	1	1	1	0
336	0	1	0	1	1	1	1	1
337	0	2	0	2	2	0	2	2
338	0	1	0	1	1	1	1	1
339	0	0	0	0	0	2	0	0
340	0	1	1	1	1	1	1	1
341	0	0	0	0	0	2	0	0
342	0	0	0	0	0	2	0	0
343	0	1	0	1	1	1	1	1
344	0	0	0	1	1	1	1	0
345	0	1	0	1	1	1	0	1
346	0	1	0	1	1	1	1	1
347	0	0	0	0	0	2	0	0
348	0	0	0	0	0	2	0	0
349	0	1	0	1	1	1	1	1
350	0	2	1	2	2	0	2	1
351	0	0	0	0	0	2	1	0
352	0	0	0	0	0	2	0	0
353	0	0	0	0	0	2	0	0
354	0	1	0	2	2	0	2	1
355	0	1	0	1	1	1	1	1
356	0	0	0	0	0	2	0	0
357	0	1	0	1	1	1	0	1
358	0	1	0	1	1	1	1	1
359	0	0	0	0	0	2	0	0
360	0	1	0	1	1	1	1	1
361	0	1	0	1	1	1	1	1
362	0	2	0	0	0	1	1	1
363	0	0	0	0	0	2	0	0
364	0	1	0	0	0	1	1	0
365	0	0	0	0	1	1	1	0
366	0	0	0	1	1	1	1	1
367	0	1	0	1	1	1	1	1
368	0	1	0	2	2	0	2	1
369	0	1	0	1	1	1	1	1
370	0	1	0	1	1	1	1	1
371	0	1	0	1	1	1	1	1
372	0	0	1	0	0	2	0	0
