0	1	1	1	1	1	1	1	1
2	1	0	0	2	2	0	2	1
3	0	0	0	0	0	2	0	0
4	0	0	0	0	0	2	0	0
5	0	0	0	1	1	0	1	0
6	0	0	0	0	0	2	0	0
7	1	1	1	1	1	1	1	1
8	1	1	1	1	1	1	1	1
9	0	0	0	0	0	2	0	0
10	0	0	0	0	0	2	0	0
11	0	0	0	0	0	2	0	0
12	1	1	1	1	1	0	1	1
13	0	1	0	1	1	1	1	1
14	0	0	0	0	0	2	0	0
15	0	0	0	0	0	2	0	0
16	1	1	1	1	1	1	1	1
17	0	0	0	0	0	1	0	0
18	0	1	0	1	1	1	1	1
19	0	0	0	0	0	2	0	0
20	0	0	0	0	0	2	0	0
21	0	0	0	0	0	1	1	0
22	0	0	0	0	0	2	0	0
23	1	1	1	1	1	1	1	1
24	0	0	0	1	1	1	1	1
25	0	0	0	0	0	2	1	0
26	0	0	0	0	0	1	0	0
27	1	1	1	1	1	0	1	1
28	0	0	0	0	0	2	0	0
41	0	0	0	0	0	2	0	0
42	1	1	1	1	1	1	0	1
43	0	0	0	0	0	2	0	0
44	0	0	0	1	1	1	1	0
45	1	0	1	1	1	0	1	1
46	0	1	0	1	1	0	1	1
47	1	1	1	2	2	0	2	1
48	1	1	1	1	1	1	1	1
49	0	0	0	0	0	1	0	0
50	0	0	0	0	0	2	0	0
51	0	0	0	0	0	1	1	0
52	1	0	1	1	1	1	1	1
53	0	0	0	0	0	1	0	1
54	1	1	1	1	1	1	1	1
55	1	1	1	1	1	1	1	1
56	0	0	0	0	0	2	0	0
57	0	0	0	0	0	1	0	0
58	0	1	0	1	1	0	1	1
59	0	0	0	0	0	0	0	0
60	0	0	0	1	1	1	1	1
61	0	1	0	1	1	1	1	1
62	1	1	1	2	2	0	2	2
63	0	0	0	0	0	2	0	0
64	1	1	1	1	1	1	1	1
65	0	1	0	1	1	1	1	1
66	0	0	0	0	0	2	0	0
67	0	0	0	1	1	1	1	0
68	1	2	1	2	2	0	2	2
69	0	0	0	0	0	2	0	0
70	0	0	0	0	0	2	0	0
71	1	2	1	2	2	0	2	2
72	1	1	1	1	1	1	1	1
73	1	1	1	1	1	1	1	1
74	1	2	1	2	2	0	2	2
75	1	1	1	1	1	0	1	1
76	1	1	1	1	1	0	1	1
77	1	1	1	1	1	0	1	1
78	0	0	0	0	0	2	0	0
79	0	0	0	1	1	1	1	0
80	0	0	0	0	0	2	0	0
81	0	0	0	0	0	2	0	0
82	0	1	0	1	1	0	1	1
83	0	0	0	0	0	2	0	0
84	1	1	1	1	1	1	1	1
85	0	0	0	0	0	2	0	0
86	2	2	2	2	2	0	2	2
87	0	0	0	0	0	2	0	0
88	1	1	1	1	1	1	1	1
89	0	0	0	0	0	2	0	0
90	1	1	1	1	1	1	1	1
91	0	1	0	1	1	1	1	1
92	1	2	1	2	2	0	2	2
93	0	0	0	0	0	2	0	0
94	0	1	0	1	1	1	1	1
95	0	0	0	0	0	2	0	0
96	1	1	1	1	1	1	1	1
97	0	1	0	1	1	1	2	1
98	1	1	1	1	1	1	1	1
99	1	1	1	1	1	1	1	1
100	0	1	0	1	1	1	1	1
101	0	0	0	0	0	2	0	0
102	0	0	0	0	0	2	0	0
103	0	1	0	1	1	1	1	1
104	0	0	1	1	1	1	1	0
105	1	1	1	1	1	1	1	1
106	1	1	2	2	2	0	2	1
107	1	1	1	1	1	1	1	1
108	0	1	0	1	1	0	0	1
109	0	0	0	0	0	1	0	0
110	0	0	0	0	0	2	1	0
111	0	0	0	0	0	2	0	0
112	0	0	0	0	0	1	0	0
113	1	1	1	1	1	1	1	1
114	1	1	1	2	2	0	2	1
115	0	0	0	0	0	2	0	0
117	0	0	0	0	0	1	0	0
118	1	1	1	1	1	1	1	1
119	0	0	0	0	0	1	0	0
120	1	1	2	1	1	1	1	1
121	0	0	0	0	0	1	0	0
122	0	0	0	0	0	2	0	0
123	0	0	0	0	0	2	0	0
124	0	1	0	1	1	1	1	1
125	0	1	0	1	1	1	1	1
126	0	1	0	1	1	1	1	1
127	0	1	0	1	1	1	2	1
128	1	1	1	1	1	0	1	1
129	0	0	0	0	0	1	0	1
130	0	0	0	0	0	2	1	1
131	2	2	2	2	2	0	2	2
132	0	0	0	1	1	1	1	0
133	1	1	1	1	1	1	1	1
134	0	0	0	1	1	1	1	0
135	0	0	0	0	0	2	0	0
136	1	1	1	1	1	1	1	2
137	0	0	0	0	0	2	0	0
138	0	0	0	0	0	2	0	2
139	0	0	0	0	0	2	0	0
140	1	1	1	1	1	1	1	1
141	0	0	0	1	1	0	1	0
142	0	1	0	1	1	1	1	1
143	1	1	2	1	1	1	1	1
144	0	0	0	1	1	1	1	0
145	0	1	0	1	1	1	2	1
146	1	1	1	1	1	1	1	1
147	1	1	1	1	1	1	1	1
148	1	1	1	1	1	1	1	1
149	1	1	1	1	1	0	1	1
150	1	1	1	1	1	1	1	1
151	0	0	0	0	0	1	0	0
152	1	1	1	1	1	1	2	1
153	0	0	0	0	0	1	1	0
154	2	2	2	2	2	0	2	2
155	1	1	1	1	1	1	1	1
156	0	0	0	0	0	1	0	0
157	0	0	0	1	1	1	1	0
158	0	0	0	0	0	2	0	0
159	1	1	1	2	2	0	1	1
160	0	1	0	1	1	1	1	1
161	0	0	0	0	0	2	0	0
162	1	1	1	1	1	1	1	1
163	2	2	2	2	2	0	2	2
164	1	1	1	1	1	1	1	1
165	1	1	1	1	1	1	1	1
166	1	1	1	1	1	1	1	1
167	0	1	0	1	1	1	0	2
168	0	1	0	2	2	0	2	1
169	0	1	0	1	1	1	1	1
170	1	1	1	1	1	1	0	1
171	1	1	1	1	1	1	1	1
172	1	1	1	1	1	1	1	1
173	1	1	1	2	2	0	2	1
174	1	1	1	1	1	1	1	1
175	0	1	0	1	1	1	1	1
176	1	1	1	1	1	1	1	1
177	0	0	0	0	0	2	0	0
178	1	1	1	1	1	1	1	1
179	0	0	0	0	0	2	0	0
180	1	2	1	2	2	0	2	2
181	0	0	0	0	0	2	0	0
182	0	0	0	0	0	2	0	0
183	1	1	1	1	1	1	1	1
184	0	0	0	1	1	1	1	0
185	0	0	0	0	0	2	0	0
186	0	0	0	0	0	2	0	0
187	0	0	0	0	0	2	0	0
188	1	1	1	1	1	1	1	1
189	1	1	1	1	1	1	1	1
190	0	0	0	0	0	2	0	0
191	1	1	1	1	1	1	0	1
192	0	0	0	0	0	2	0	0
193	0	0	0	0	0	2	0	0
194	0	1	0	1	1	1	1	1
195	0	0	0	0	0	1	0	0
196	0	0	0	0	0	2	0	0
197	0	0	0	0	0	2	0	0
198	0	1	0	0	0	1	1	0
199	0	0	0	1	1	1	1	0
200	1	1	1	1	1	1	1	1
201	0	0	0	0	0	2	0	0
202	0	0	0	0	0	2	0	0
203	1	1	1	1	1	1	1	1
204	1	1	1	1	1	1	1	0
205	1	1	1	1	1	1	1	1
206	1	1	1	1	1	1	1	1
207	0	0	0	0	0	2	0	0
208	1	1	1	2	2	0	2	2
209	1	1	1	1	1	1	1	1
210	1	1	1	1	1	0	1	1
211	0	1	0	1	1	1	0	1
212	1	2	1	2	2	0	1	2
213	0	0	0	1	1	1	1	0
214	0	0	0	0	0	1	1	0
215	0	1	0	0	0	1	2	0
216	0	0	0	0	0	2	0	0
217	1	2	1	2	2	0	2	2
218	1	0	0	1	1	0	1	1
219	0	0	0	1	1	1	0	0
220	2	2	2	2	2	0	2	2
222	1	1	1	1	1	1	1	1
223	0	0	0	0	0	2	0	0
224	0	0	0	0	0	2	0	0
225	0	0	0	1	1	1	0	0
226	0	0	0	0	0	2	0	0
227	0	1	0	1	1	1	1	1
228	0	2	0	2	2	0	2	2
229	1	1	1	1	1	1	1	1
230	1	1	1	1	1	1	1	2
231	0	0	0	0	0	1	0	0
232	0	1	0	2	2	0	2	1
233	1	2	1	2	2	0	2	2
234	1	1	1	1	1	1	1	1
235	0	1	0	1	1	1	1	1
236	1	2	1	2	2	0	2	2
237	1	1	1	1	1	1	1	1
238	0	0	0	1	1	1	1	0
239	1	1	1	1	1	0	1	1
240	0	0	0	0	0	2	0	0
241	1	1	1	1	1	1	1	0
242	0	0	0	0	0	2	0	0
243	1	1	1	1	1	1	1	1
244	0	1	0	0	0	2	1	0
245	0	0	0	0	0	1	0	1
246	0	0	0	0	0	2	0	1
247	0	1	0	1	1	1	1	1
248	1	1	1	1	1	1	1	1
249	0	1	0	1	1	1	1	1
250	1	1	1	2	2	0	2	1
251	0	0	0	0	0	2	0	1
252	0	0	0	0	0	2	0	0
253	0	0	0	0	0	1	0	0
254	1	1	1	1	1	1	1	1
255	0	0	0	1	1	1	1	0
256	1	2	1	2	2	0	2	2
257	0	1	0	2	2	0	2	1
258	1	1	1	1	1	0	1	1
259	0	0	0	0	0	2	0	0
260	0	0	0	0	0	2	0	0
261	0	0	0	0	0	2	0	0
262	0	0	0	0	0	2	0	0
263	0	0	0	0	0	2	0	0
264	0	0	0	0	0	2	0	0
265	0	1	0	1	1	1	1	1
266	1	1	1	1	1	1	1	1
267	0	0	0	0	0	2	0	1
268	1	1	1	1	1	1	1	1
269	0	0	0	0	0	2	0	0
270	0	0	0	0	0	2	0	0
271	1	1	1	1	1	1	1	1
272	0	0	0	0	0	1	0	1
273	1	1	1	2	2	0	2	1
274	1	1	1	2	2	0	2	1
275	0	0	0	0	0	2	0	0
276	0	0	0	0	0	2	0	0
277	0	0	0	0	0	2	0	0
278	1	1	1	1	1	0	1	1
279	1	1	1	1	1	1	1	1
280	0	0	0	0	0	2	0	0
281	1	1	1	1	1	1	1	1
282	0	0	0	0	0	2	0	0
283	0	1	0	1	1	1	1	1
284	1	1	1	1	1	1	1	1
285	1	1	1	2	2	0	2	1
286	0	0	0	0	0	2	0	0
287	0	1	0	1	1	1	1	1
288	0	0	0	0	0	1	0	0
289	1	1	1	1	1	1	1	1
290	0	0	0	0	0	2	0	0
291	0	0	0	0	0	1	0	0
292	0	0	0	0	0	2	0	0
293	0	0	0	0	0	1	0	0
294	0	1	0	1	1	1	1	1
295	0	0	0	0	0	2	0	0
373	0	1	0	1	1	1	1	1
374	0	0	0	0	0	0	0	0
375	2	2	2	2	2	0	2	2
376	1	1	1	1	1	1	1	1
377	0	0	0	1	1	1	1	0
378	0	0	0	0	0	1	0	0
379	0	0	0	0	0	2	0	0
380	1	2	1	2	2	0	2	2
381	0	0	0	0	0	2	0	0
382	1	1	1	1	1	1	1	1
383	0	1	0	0	0	2	0	0
384	1	1	1	1	1	1	1	1
385	0	0	0	0	0	2	0	0
386	1	1	1	1	1	1	1	1
387	0	0	0	1	1	1	1	0
388	0	0	0	0	0	2	0	1
389	0	1	0	1	1	0	1	1
390	0	0	0	0	0	2	0	0
391	0	0	0	1	1	1	1	0
392	0	0	0	0	0	2	0	0
393	0	0	0	0	0	2	0	0
394	0	0	0	0	0	1	0	0
395	0	0	0	0	0	2	0	0
396	1	1	1	1	1	1	1	1
397	1	1	1	1	1	1	1	1
398	0	0	0	0	0	1	0	0
399	0	1	0	1	1	1	1	1
400	0	1	0	0	0	1	0	0
401	0	0	1	0	0	2	0	0
402	0	0	0	1	1	1	1	0
403	0	0	0	0	0	2	0	0
404	0	0	0	1	1	1	1	0
405	0	1	1	1	1	1	1	1
406	0	1	0	1	1	1	1	1
407	2	1	1	2	2	0	2	2
408	0	0	0	0	0	2	0	0
409	1	1	1	1	1	1	1	1
410	0	1	0	1	1	1	1	1
411	0	0	0	0	0	1	0	0
412	0	0	0	0	0	1	0	0
413	1	1	1	1	1	1	1	1
414	0	0	0	1	1	1	1	0
415	0	1	0	1	1	1	1	1
416	0	1	0	1	1	0	1	1
417	1	1	1	1	1	0	1	1
418	1	1	1	2	2	0	2	1
419	0	1	0	1	1	1	1	1
420	0	1	0	1	1	1	1	1
421	0	0	0	0	0	2	0	0
422	0	0	0	0	0	2	0	0
423	0	0	0	0	0	1	0	0
424	0	0	0	0	0	2	0	1
425	2	2	2	2	2	0	2	2
426	0	1	0	2	2	0	2	1
427	0	0	0	0	0	2	0	0
428	0	1	0	1	1	1	1	1
429	0	0	0	0	0	2	0	0
430	0	0	0	0	0	2	0	0
431	0	1	0	1	1	1	1	1
432	0	1	0	2	2	0	2	1
433	0	1	0	1	1	1	1	2
434	0	1	0	1	1	1	1	1
435	1	1	1	1	1	0	1	1
436	0	0	0	0	0	2	0	0
437	0	0	0	0	0	2	0	0
438	0	0	0	1	1	1	1	1
439	0	1	0	0	0	2	0	0
440	0	0	0	0	0	2	0	1
441	1	1	1	1	1	1	0	1
442	0	0	0	0	0	2	0	0
443	0	1	0	1	1	1	1	1
444	0	1	0	1	1	1	1	1
445	1	1	1	1	1	1	1	1
446	0	0	0	0	0	2	0	0
447	0	0	0	0	0	1	0	0
448	0	1	0	1	1	1	1	1
449	1	1	1	1	1	1	1	1
450	1	1	1	1	1	1	1	1
451	0	0	0	0	0	2	0	0
452	0	1	0	1	1	1	1	1
453	0	1	0	1	1	1	1	1
454	1	1	1	1	1	0	1	1
455	0	1	0	1	1	0	1	1
456	0	0	0	0	0	2	0	0
457	0	0	0	1	1	1	1	0
458	1	1	1	2	2	0	2	1
459	0	0	0	1	1	1	1	0
460	0	1	0	1	1	1	1	0
461	1	1	1	1	1	1	1	1
462	0	0	0	0	0	1	0	0
463	0	0	0	1	1	1	0	0
464	0	0	0	0	0	2	0	0
