29	1
30	0
31	0
32	0
33	0
34	0
35	1
36	1
37	1
38	2
39	0
40	1
296	0
297	0
298	0
299	0
300	0
301	0
302	0
303	1
304	0
305	0
306	0
307	0
308	0
309	0
310	1
311	1
312	0
313	1
314	0
315	0
316	0
317	0
318	1
319	1
320	1
321	1
322	0
323	0
324	0
325	1
326	1
327	0
328	1
329	1
330	1
331	0
332	2
333	0
334	0
335	1
336	2
337	0
338	1
339	1
340	0
341	0
342	1
343	0
344	0
345	0
346	0
347	0
348	0
349	2
350	0
351	0
352	0
353	1
354	0
355	1
356	0
357	0
358	0
359	0
360	0
361	1
362	0
363	0
364	0
365	0
366	0
367	0
368	1
369	0
370	0
371	0
372	0
