0	2
2	0
3	1
4	0
5	1
6	1
7	0
8	1
9	1
10	0
11	0
12	0
13	0
14	0
15	0
16	0
17	0
18	0
19	1
20	1
21	0
22	1
23	0
24	1
25	0
26	1
27	0
28	0
41	1
42	0
43	0
44	0
45	0
46	1
47	0
48	0
49	0
50	0
51	0
52	1
53	1
54	0
55	0
56	1
57	1
58	0
59	2
60	1
61	0
62	1
63	0
64	0
65	0
66	1
67	1
68	1
69	0
70	0
71	0
72	0
73	1
74	0
75	1
76	1
77	0
78	2
79	0
80	0
81	0
82	1
83	1
84	0
85	0
86	0
87	1
88	2
89	1
90	0
91	1
92	0
93	0
94	0
95	0
96	0
97	1
98	1
99	1
100	0
101	1
102	0
103	1
104	1
105	0
106	1
107	1
108	1
109	0
110	0
111	0
112	1
113	1
114	2
115	0
117	1
118	0
119	0
120	0
121	0
122	0
123	0
124	1
125	1
126	1
127	0
128	0
129	1
130	0
131	1
132	1
133	1
134	0
135	0
136	1
137	1
138	0
139	0
140	0
141	1
142	1
143	0
144	0
145	0
146	0
147	0
148	1
149	0
150	1
151	0
152	0
153	1
154	1
155	0
156	1
157	0
158	0
159	0
160	0
161	0
162	0
163	0
164	0
165	0
166	0
167	1
168	0
169	0
170	0
171	0
172	0
173	0
174	0
175	1
176	0
177	0
178	0
179	1
180	0
181	0
182	1
183	0
184	0
185	0
186	0
187	0
188	0
189	1
190	0
191	1
192	0
193	1
194	1
195	0
196	0
197	0
198	0
199	0
200	0
201	0
202	0
203	2
204	0
205	1
206	0
207	1
208	0
209	0
210	0
211	0
212	0
213	0
214	1
215	0
216	0
217	1
218	0
219	0
220	0
222	0
223	1
224	0
225	0
226	0
227	0
228	1
229	1
230	1
231	0
232	0
233	1
234	0
235	0
236	1
237	0
238	1
239	2
240	0
241	1
242	0
243	1
244	0
245	0
246	0
247	0
248	0
249	0
250	1
251	0
252	1
253	0
254	0
255	2
256	0
257	0
258	1
259	0
260	1
261	1
262	1
263	0
264	0
265	0
266	0
267	0
268	0
269	1
270	0
271	0
272	1
273	0
274	0
275	0
276	0
277	0
278	0
279	0
280	0
281	2
282	1
283	1
284	0
285	0
286	0
287	0
288	0
289	0
290	0
291	0
292	0
293	0
294	1
295	0
373	1
374	1
375	0
376	0
377	1
378	1
379	0
380	1
381	0
382	0
383	1
384	1
385	0
386	0
387	1
388	0
389	1
390	0
391	1
392	0
393	1
394	2
395	0
396	0
397	0
398	2
399	1
400	0
401	0
402	2
403	0
404	0
405	0
406	1
407	1
408	1
409	0
410	1
411	0
412	1
413	1
414	0
415	0
416	0
417	0
418	0
419	1
420	0
421	1
422	0
423	1
424	0
425	1
426	0
427	1
428	1
429	1
430	0
431	2
432	1
433	0
434	0
435	0
436	1
437	0
438	0
439	1
440	0
441	0
442	1
443	0
444	1
445	1
446	0
447	1
448	0
449	0
450	0
451	1
452	0
453	0
454	0
455	1
456	1
457	1
458	2
459	1
460	0
461	0
462	1
463	1
464	1
