29	1	1	1	1	1	1	1	0	1	1	1	1	1	1	1	1	1
30	0	0	0	0	0	0	0	0	0	0	0	1	0	2	2	2	2
31	0	0	0	0	0	0	0	0	0	0	0	0	0	2	2	1	1
32	0	0	0	0	0	0	0	0	0	0	0	0	0	2	2	1	1
33	0	0	0	0	1	0	0	0	0	0	0	0	0	2	2	2	2
34	0	0	0	0	0	0	0	0	0	0	0	0	0	2	2	2	2
35	0	0	0	0	0	0	0	0	0	0	0	1	0	2	2	2	2
36	0	0	0	0	1	0	0	0	0	0	0	0	0	2	2	2	2
37	0	0	0	0	0	0	0	0	0	0	0	0	0	2	2	2	2
38	0	0	0	0	0	0	0	0	0	0	0	0	0	2	2	2	2
39	0	0	0	0	0	0	0	0	0	0	0	0	0	2	2	2	2
40	0	0	0	0	0	0	0	0	0	0	0	0	0	2	2	2	2
296	0	1	0	0	0	0	0	0	0	0	0	0	0	2	2	2	2
297	0	0	0	0	0	0	0	0	0	0	0	0	0	2	2	1	1
298	0	0	0	0	0	0	0	0	0	0	0	0	0	2	2	2	2
299	1	1	1	1	1	1	1	1	1	1	1	1	1	1	1	1	1
300	1	1	1	1	1	1	1	1	1	1	1	2	1	1	1	1	1
301	1	1	1	1	1	1	1	1	1	1	1	1	1	1	1	1	1
302	0	0	0	0	0	0	0	0	0	0	0	0	0	2	2	1	1
303	1	0	1	1	1	1	1	1	1	1	1	1	1	1	1	2	2
304	0	0	0	0	0	0	0	0	0	0	0	0	0	2	2	2	2
305	0	0	0	0	0	0	0	0	0	0	0	0	0	2	2	2	2
306	0	0	0	0	0	0	0	0	0	0	0	0	0	2	2	1	1
307	0	0	0	0	0	0	0	0	0	0	0	0	0	2	2	2	2
308	1	1	1	1	1	1	1	1	1	1	1	1	1	1	1	1	1
309	0	0	0	0	0	0	0	0	0	0	0	0	0	2	2	2	2
310	0	0	0	0	0	0	0	0	0	0	0	0	0	2	2	2	2
311	0	0	0	0	0	0	0	0	0	0	0	0	0	2	2	1	1
312	0	0	0	0	0	0	0	0	0	0	0	0	0	2	2	2	2
313	0	0	0	0	0	0	0	0	0	0	0	0	0	2	2	1	1
314	0	0	0	0	0	0	0	0	0	0	0	1	0	2	2	2	2
315	1	2	1	1	1	1	1	0	1	1	1	1	1	1	1	1	1
316	0	0	0	0	0	0	0	0	0	0	0	0	0	2	2	1	1
317	0	0	0	0	0	0	0	0	0	0	0	0	0	2	2	2	2
318	0	0	0	0	0	0	0	0	0	0	0	0	0	2	2	2	2
319	0	0	0	0	0	0	0	0	0	0	0	0	0	2	2	2	2
320	0	0	0	0	0	0	0	0	0	0	0	0	0	2	2	2	2
321	0	0	0	0	0	0	0	0	0	0	0	0	0	2	2	2	2
322	0	0	0	0	0	0	0	0	0	0	0	0	0	2	2	2	2
323	1	1	1	1	1	1	1	1	1	1	1	1	1	1	1	2	2
324	0	0	0	0	0	0	0	0	0	0	0	0	0	2	2	2	2
325	0	0	0	0	0	0	0	0	0	0	0	0	0	2	2	2	2
326	1	1	1	1	1	1	1	1	1	1	1	1	1	1	1	1	1
327	0	0	0	0	0	0	0	0	0	0	0	0	0	2	2	2	2
328	0	0	0	0	0	0	0	0	0	0	0	0	0	2	2	1	1
329	0	0	0	0	0	0	0	0	0	0	0	0	0	2	2	2	2
330	1	1	1	1	1	1	1	1	1	1	1	1	1	1	1	1	1
331	0	0	0	0	0	0	0	0	0	0	0	0	0	2	2	2	2
332	0	0	0	0	0	0	0	0	0	0	0	0	0	2	2	2	2
333	0	0	0	0	0	0	0	0	0	0	0	0	0	2	1	2	2
334	0	0	0	0	0	0	0	0	0	0	0	0	0	2	2	2	2
335	0	0	0	0	0	0	0	0	0	0	0	0	0	2	2	2	2
336	0	0	0	0	0	0	0	0	0	0	0	0	0	2	2	1	1
337	1	1	1	1	1	1	1	1	1	1	1	1	1	1	1	1	1
338	0	0	0	0	0	0	0	0	0	0	0	0	0	2	2	2	2
339	0	0	0	0	0	0	0	0	0	0	0	0	0	2	2	2	2
340	1	1	1	1	1	1	1	1	1	1	1	1	1	1	1	1	1
341	0	0	0	0	0	0	0	0	0	0	0	0	0	2	2	2	2
342	0	0	0	0	0	0	0	0	0	0	0	0	0	2	2	2	2
343	0	0	0	0	0	0	0	0	0	0	0	0	0	2	1	2	2
344	0	0	0	0	0	0	0	0	0	0	0	0	0	2	2	2	2
345	0	0	0	0	0	0	0	0	0	0	0	0	0	2	2	2	2
346	0	0	0	0	0	0	0	0	0	0	0	0	0	2	2	2	2
347	0	0	0	0	0	0	0	0	0	0	0	0	0	2	2	2	2
348	0	0	0	0	0	0	0	0	0	0	0	0	0	2	2	2	2
349	0	0	0	0	0	0	0	0	0	0	0	0	0	2	2	2	2
350	0	0	0	0	0	0	0	0	0	0	0	0	0	2	2	2	2
351	0	0	0	0	0	0	0	0	0	0	0	0	0	2	2	1	1
352	0	0	0	0	0	0	0	0	0	0	0	0	0	2	2	2	2
353	0	0	0	1	0	0	0	0	0	0	0	0	0	2	1	2	2
354	0	0	0	0	0	0	0	0	0	0	0	0	0	2	2	2	2
355	0	0	0	0	0	0	0	0	0	0	0	0	0	2	2	2	2
356	0	0	0	0	0	0	0	0	0	0	0	0	0	2	2	1	1
357	0	0	0	0	0	0	0	0	0	0	0	0	0	2	2	2	2
358	0	1	0	0	0	0	0	0	0	0	0	1	0	2	2	2	2
359	1	1	1	1	1	1	1	1	1	1	1	1	1	1	1	2	2
360	1	1	1	1	1	1	1	0	1	1	1	1	1	1	1	1	1
361	0	0	0	0	0	0	0	0	0	0	0	0	0	2	2	1	1
362	0	0	0	0	0	0	0	0	0	0	0	0	0	2	2	2	2
363	0	0	0	0	0	0	0	0	0	0	0	0	0	2	2	2	2
364	0	1	0	0	0	0	0	0	0	0	0	0	0	2	2	2	1
365	0	0	0	0	0	0	0	0	0	0	0	0	0	2	2	2	2
366	0	0	0	0	0	0	0	0	0	0	0	1	0	2	2	2	2
367	0	0	0	0	0	0	0	0	0	0	0	0	0	2	2	2	2
368	0	1	0	0	0	0	0	0	0	0	0	0	0	2	2	2	2
369	0	0	0	0	0	0	0	0	0	0	0	0	0	2	2	2	2
370	0	0	0	0	0	0	0	0	0	0	0	0	0	2	2	2	2
371	0	0	0	0	0	0	0	0	0	0	0	1	0	2	2	2	2
372	1	1	1	1	1	1	1	1	1	1	1	1	1	1	1	1	1
