0	0	0	0	0	0	0	0	0	0	0	0	0	0	2	2	2	2
2	1	1	1	1	1	1	1	1	1	1	1	1	1	1	1	1	1
3	1	1	1	1	1	1	1	0	0	1	1	1	1	1	1	1	1
4	0	0	0	0	0	0	0	0	0	0	0	0	0	2	2	2	2
5	0	0	0	0	0	0	0	0	0	0	0	0	0	2	2	2	2
6	1	1	1	1	1	1	1	1	1	1	1	1	1	1	1	1	1
7	2	2	2	2	2	2	2	1	2	2	2	2	2	0	0	0	0
8	1	1	1	1	1	1	1	1	1	1	1	1	1	1	1	1	1
9	1	1	1	1	1	1	1	1	1	1	1	1	1	1	1	1	1
10	0	0	0	0	0	1	0	0	0	0	0	0	0	2	2	2	1
11	1	1	1	1	1	1	1	1	1	1	1	1	1	1	1	1	1
12	1	1	1	1	1	1	1	1	1	1	1	1	1	1	1	1	1
13	0	0	0	0	0	0	0	0	0	0	0	0	0	2	2	2	2
14	0	0	0	0	0	0	0	0	0	0	0	0	0	2	2	2	2
15	2	2	2	2	2	2	2	2	2	2	2	2	2	0	0	0	0
16	1	1	1	1	1	1	1	1	1	1	1	1	1	1	1	1	1
17	0	0	0	0	0	0	0	0	0	0	0	0	0	2	2	2	2
18	1	1	1	1	1	1	1	1	1	1	1	1	1	1	1	1	1
19	1	1	1	1	2	2	2	2	1	2	2	2	2	0	0	0	0
20	1	1	1	0	1	1	1	1	1	1	1	1	1	1	1	1	1
21	1	1	1	1	1	1	1	1	0	1	1	1	1	1	1	1	1
22	0	0	0	0	0	0	0	0	0	0	0	0	0	2	2	2	2
23	2	2	2	2	2	2	2	2	2	2	2	2	2	0	0	0	0
24	0	0	0	0	0	0	0	0	0	0	0	0	0	2	2	2	2
25	2	2	2	2	2	2	2	2	2	1	1	1	1	1	1	1	1
26	0	0	0	0	0	0	0	0	0	0	0	0	0	2	2	1	2
27	0	0	0	0	0	0	0	0	0	0	0	0	0	2	2	2	2
28	0	0	0	0	0	0	0	0	0	0	0	0	0	2	2	2	2
41	1	1	1	1	1	1	1	1	1	1	1	1	1	1	1	2	1
42	1	1	1	1	1	1	1	1	1	1	1	1	1	1	1	1	1
43	1	1	1	1	1	0	0	0	0	0	0	0	0	2	2	2	2
44	1	1	1	1	1	1	1	1	0	1	1	1	1	1	1	1	1
45	2	2	2	2	2	2	2	2	2	2	2	2	2	0	0	0	0
46	1	1	1	1	1	1	1	1	1	1	1	1	1	1	1	1	1
47	2	2	2	2	2	2	2	2	2	2	2	2	2	0	0	0	0
48	1	1	1	1	1	2	1	1	1	1	1	1	1	1	1	1	1
49	1	1	1	1	0	1	1	1	1	1	1	1	1	1	1	1	1
50	1	1	1	1	1	1	1	1	0	1	1	1	1	1	1	0	1
51	0	0	0	0	0	0	0	0	0	0	0	0	0	2	2	2	0
52	1	1	1	1	1	1	1	1	1	2	2	2	2	0	0	0	0
53	2	2	2	2	2	2	2	2	2	2	2	2	2	0	0	0	0
54	0	0	0	0	0	0	0	0	0	0	0	0	0	2	2	2	2
55	1	1	1	1	1	1	1	1	1	1	1	1	1	1	1	1	1
56	0	0	0	0	0	0	0	0	0	0	0	0	0	2	2	2	2
57	1	1	1	1	1	1	1	1	1	1	1	0	1	1	1	1	1
58	0	0	0	0	0	0	0	0	0	0	0	0	0	2	2	2	2
59	1	1	1	1	1	1	1	1	1	1	1	1	1	1	1	1	1
60	0	0	0	0	0	0	0	0	0	0	0	0	0	2	2	2	2
61	0	0	0	0	0	0	0	0	0	0	0	0	0	2	2	2	2
62	2	2	2	2	2	2	2	1	2	2	2	2	2	0	0	0	0
63	2	2	2	2	2	2	2	2	2	2	2	2	2	0	0	0	0
64	2	2	2	2	2	2	2	2	2	2	2	2	2	0	0	0	0
65	0	0	0	0	0	0	0	0	0	0	0	0	0	2	2	2	2
66	2	2	2	2	2	2	2	2	2	2	2	2	2	0	0	0	0
67	1	1	1	1	1	1	1	1	1	1	1	1	1	1	1	1	1
68	1	1	1	1	1	1	1	1	1	2	2	2	2	0	0	0	0
69	1	1	1	1	1	1	1	1	1	1	1	1	1	1	1	1	1
70	0	0	0	0	0	0	0	0	0	0	1	1	0	1	1	1	1
71	2	2	2	2	2	2	2	2	2	2	2	2	2	0	0	0	0
72	2	2	2	2	2	2	2	2	2	2	2	2	2	0	0	0	0
73	1	1	1	1	0	1	1	1	1	1	1	1	1	1	1	1	1
74	0	0	0	0	0	0	0	0	0	0	0	0	0	2	2	2	2
75	0	0	0	0	0	0	0	0	0	0	0	0	0	2	2	2	2
76	0	0	0	0	0	0	0	0	0	0	0	0	0	2	2	2	2
77	1	1	1	1	1	1	1	1	1	1	1	1	1	1	1	1	1
78	0	0	0	0	0	0	0	0	0	0	0	0	0	2	2	2	2
79	1	2	2	1	2	2	2	2	2	2	2	2	2	0	0	0	0
80	1	1	1	1	1	1	1	1	1	1	1	1	1	1	1	0	1
81	1	1	1	1	1	1	1	1	2	1	1	1	1	1	1	1	1
82	1	1	1	1	1	1	1	1	1	1	1	1	1	1	1	1	1
83	2	2	2	2	2	2	2	2	2	2	2	2	2	0	0	1	0
84	0	0	0	0	0	0	0	0	0	0	0	0	0	2	2	2	2
85	1	1	1	1	1	1	1	1	1	1	1	1	1	1	1	1	1
86	0	0	0	0	0	0	0	0	0	0	0	0	0	2	2	2	2
87	2	2	2	2	2	2	2	2	2	2	2	2	2	0	0	0	0
88	1	1	1	1	1	1	1	1	1	1	1	1	1	1	1	1	1
89	1	1	1	1	1	1	1	0	0	0	0	0	0	2	2	2	2
90	1	1	1	1	1	1	1	1	1	1	1	1	1	1	1	1	1
91	0	0	0	0	0	0	0	0	0	0	0	0	0	2	2	2	2
92	1	1	1	1	1	1	1	1	1	1	1	1	1	1	1	1	0
93	1	1	1	1	1	1	1	2	1	1	1	1	1	1	1	1	1
94	0	0	0	0	0	0	0	0	0	1	1	1	1	1	1	1	1
95	0	0	0	0	0	0	0	0	0	0	0	0	0	2	2	2	2
96	2	2	2	2	2	2	2	2	2	2	2	2	2	0	0	0	0
97	0	0	0	0	0	0	0	0	0	0	0	0	0	2	2	2	2
98	1	1	1	1	1	1	1	1	1	1	1	1	1	1	1	1	1
99	2	2	2	2	2	2	2	2	2	2	2	2	2	0	0	0	0
100	0	0	0	0	0	0	0	0	0	0	0	0	0	2	2	2	2
101	0	0	0	0	0	0	0	0	0	0	0	0	0	2	2	2	2
102	0	0	0	0	0	0	0	0	0	0	0	0	0	2	2	2	2
103	1	1	1	1	1	1	1	0	1	1	1	1	1	1	1	1	1
104	0	0	0	0	0	1	0	0	0	0	0	0	0	2	2	2	2
105	1	1	1	1	1	1	1	1	1	1	1	1	1	1	1	1	1
106	2	2	2	2	2	2	2	2	2	2	2	2	2	0	0	0	0
107	0	0	0	0	0	0	0	0	0	0	0	0	0	2	2	2	2
108	2	2	2	2	2	2	2	2	2	2	2	2	2	0	0	0	0
109	0	0	0	0	0	0	0	0	0	0	0	0	0	2	2	2	2
110	0	0	0	0	0	0	0	0	0	0	0	0	0	2	2	2	2
111	1	1	1	1	1	1	1	1	0	1	1	1	1	1	1	1	1
112	0	0	0	0	0	0	0	0	0	0	0	0	0	2	2	2	2
113	1	1	1	1	1	1	1	1	1	1	1	1	1	1	1	1	1
114	2	2	2	2	2	2	2	2	2	2	2	2	2	0	0	0	0
115	1	1	1	1	1	1	1	1	1	1	1	1	1	1	1	1	1
117	1	1	1	1	1	1	1	1	1	1	1	1	1	1	1	1	1
118	0	0	0	0	0	0	0	0	0	0	0	0	0	2	2	2	2
119	2	2	2	2	2	2	2	1	2	1	2	2	2	0	0	0	0
120	0	0	0	0	0	0	0	0	0	0	0	0	0	2	2	2	2
121	1	1	1	1	1	1	1	1	1	1	1	1	1	1	1	1	1
122	2	2	2	2	2	1	1	1	1	1	1	1	1	1	1	1	1
123	2	2	2	2	2	2	2	2	2	2	2	1	1	0	0	0	0
124	1	1	1	1	1	1	1	1	1	1	1	1	1	1	1	1	1
125	1	1	1	0	1	1	1	1	1	1	1	1	1	1	1	1	1
126	0	0	0	0	0	0	0	0	0	0	0	0	0	2	2	2	2
127	1	1	1	1	1	1	1	1	1	1	1	1	1	1	1	1	1
128	1	1	1	1	1	1	1	1	1	1	1	1	1	1	1	2	2
129	1	1	1	1	1	1	1	1	1	1	1	1	1	1	1	2	1
130	0	0	0	0	0	0	0	0	0	0	0	0	0	2	2	2	2
131	1	1	1	1	1	1	1	1	1	1	1	1	1	1	1	1	1
132	0	0	0	0	0	0	0	0	0	0	0	0	0	2	2	2	2
133	1	1	1	1	1	1	1	0	1	1	1	1	1	1	1	1	1
134	0	0	0	0	0	0	0	0	0	0	0	0	0	2	2	2	2
135	2	2	2	2	2	2	2	2	2	2	2	2	2	0	0	0	0
136	1	1	1	1	1	1	1	1	1	1	1	1	1	1	1	1	1
137	0	0	0	0	0	0	0	0	0	0	0	0	0	2	2	2	2
138	0	0	0	0	0	0	0	0	0	0	0	0	0	2	2	2	2
139	0	0	0	0	0	0	0	0	0	0	0	0	0	2	2	2	2
140	0	0	0	0	0	0	0	0	0	0	0	0	0	2	2	2	2
141	1	1	1	1	1	1	1	1	1	1	1	1	1	1	1	1	1
142	1	1	1	0	1	1	1	0	1	1	1	1	1	1	1	1	1
143	2	2	2	2	2	2	2	2	2	2	2	2	2	0	0	0	0
144	0	0	0	0	0	0	0	0	0	0	0	0	0	2	2	2	2
145	1	1	1	1	1	1	1	1	1	1	1	1	1	1	1	1	1
146	1	1	1	1	1	1	1	1	2	0	0	0	0	1	1	1	1
147	0	0	0	0	0	0	0	0	0	0	0	0	0	2	2	2	2
148	1	1	1	1	1	1	1	1	1	1	1	1	1	1	1	1	1
149	1	1	1	1	1	1	1	1	1	1	1	1	1	1	1	1	1
150	2	2	2	2	2	2	2	2	2	2	2	2	2	0	0	0	0
151	1	1	1	1	1	2	1	1	1	1	1	1	1	1	1	1	1
152	1	1	1	1	1	1	1	1	1	1	1	1	1	1	1	1	1
153	1	1	1	1	1	1	1	1	1	1	1	1	1	1	1	1	1
154	1	1	1	1	1	1	1	1	1	1	1	1	1	1	1	1	1
155	0	0	0	0	0	0	0	0	0	0	0	0	0	2	2	2	2
156	2	2	2	2	2	2	2	2	2	2	2	2	2	0	0	0	0
157	1	1	1	1	1	1	1	1	1	1	1	1	1	1	1	1	1
158	2	2	2	2	2	2	2	2	2	2	2	2	2	0	0	0	0
159	1	1	1	1	1	1	1	1	1	1	1	1	1	1	1	1	1
160	0	0	0	0	0	0	0	0	0	0	0	0	0	2	2	2	2
161	1	1	1	1	1	1	1	1	1	1	1	1	1	1	1	1	1
162	1	1	1	1	1	1	1	1	1	1	1	1	1	1	1	1	1
163	2	2	2	2	2	2	2	2	2	2	2	2	2	0	0	0	0
164	2	2	2	2	2	2	2	2	2	2	2	2	2	0	0	0	0
165	0	0	0	0	0	0	0	0	0	0	0	0	0	2	2	2	2
166	1	1	1	1	1	1	1	1	1	1	1	1	1	1	1	1	1
167	0	0	0	0	0	0	0	0	0	0	0	0	0	2	2	2	2
168	0	0	0	0	0	0	0	0	0	0	0	0	0	2	2	2	2
169	0	0	0	0	0	1	0	0	0	0	0	0	0	2	2	2	2
170	0	0	0	0	0	0	0	0	0	0	0	0	0	2	2	2	2
171	1	1	1	1	1	1	1	1	1	1	1	1	1	1	1	1	1
172	2	2	2	2	2	2	2	2	2	2	2	2	2	0	0	0	0
173	2	2	2	2	2	2	2	2	2	2	2	2	2	0	0	0	0
174	2	2	2	2	2	2	2	2	1	2	2	2	2	0	0	0	0
175	1	1	1	1	1	1	1	1	1	1	1	1	1	1	1	2	1
176	1	1	1	1	1	1	1	1	0	1	1	1	1	1	1	1	1
177	0	0	0	0	0	0	0	0	0	0	0	0	0	2	2	2	2
178	1	1	1	1	1	1	1	1	1	1	1	1	1	1	1	2	1
179	2	2	2	2	2	2	2	2	2	2	2	2	2	0	0	0	0
180	0	0	0	0	0	1	0	0	0	0	0	0	0	2	2	2	2
181	1	1	1	1	1	1	1	0	1	1	1	1	1	1	1	1	1
182	0	0	0	0	0	0	0	0	0	0	0	0	0	2	2	2	2
183	2	2	2	2	2	2	2	1	2	2	2	2	2	0	0	0	0
184	1	1	1	1	1	1	1	1	0	1	1	1	1	1	1	1	1
185	0	0	0	0	0	0	0	0	0	0	0	0	0	2	2	2	2
186	1	1	1	1	1	1	1	1	1	1	1	1	1	1	1	1	1
187	1	1	1	1	1	1	1	1	1	1	1	1	1	1	1	1	1
188	0	0	0	0	0	0	0	0	0	0	0	0	0	2	2	2	2
189	0	0	0	0	0	0	0	0	0	0	0	0	0	2	2	2	2
190	0	0	0	0	0	0	0	0	0	0	0	0	0	2	2	2	2
191	1	1	1	1	1	1	1	0	1	1	1	1	1	1	1	1	1
192	1	1	1	1	1	1	1	1	1	1	1	1	1	1	1	1	1
193	0	0	0	0	0	0	0	0	0	0	0	0	0	2	2	2	2
194	1	1	1	1	1	1	1	1	1	1	1	1	1	1	1	1	1
195	1	1	1	1	1	1	1	0	1	1	1	1	1	1	1	1	1
196	1	1	1	1	1	1	1	0	1	1	1	1	1	1	1	1	1
197	2	2	2	2	2	2	2	2	2	2	2	2	2	0	0	0	0
198	1	1	1	1	1	1	1	1	1	1	1	1	1	1	1	1	1
199	0	0	0	0	0	0	0	0	0	0	0	0	0	2	1	2	1
200	0	0	0	0	0	0	0	0	0	0	0	0	0	2	2	2	2
201	1	1	1	0	1	1	1	1	1	1	1	1	1	1	1	1	1
202	1	1	1	1	1	1	1	1	1	1	1	1	1	1	1	1	1
203	0	0	0	0	0	0	0	0	0	0	0	0	0	2	2	2	2
204	2	2	2	2	2	2	2	1	2	2	2	2	2	0	0	1	1
205	0	0	0	0	0	0	0	0	0	0	0	0	0	2	2	2	2
206	1	1	1	0	1	1	1	1	1	1	1	1	1	1	1	1	1
207	1	1	1	1	1	1	1	1	1	1	1	1	1	1	1	1	1
208	1	1	1	1	1	1	1	1	1	1	1	1	1	1	1	1	1
209	1	1	1	1	1	1	1	1	1	1	1	1	1	1	1	1	1
210	1	1	1	1	1	1	1	1	1	1	1	1	2	1	1	1	1
211	0	0	0	0	0	0	0	0	0	0	0	0	0	2	2	2	2
212	0	0	0	0	0	1	0	0	0	0	0	0	0	2	2	2	2
213	0	0	0	0	0	1	0	0	0	0	0	0	0	2	2	2	2
214	2	2	2	2	2	2	2	1	2	2	2	2	2	0	0	0	0
215	1	1	1	1	1	1	1	1	1	1	1	1	1	1	1	1	1
216	1	1	1	1	1	1	1	1	1	1	1	1	1	1	1	1	1
217	2	2	2	2	2	2	2	2	2	2	2	2	2	0	0	0	0
218	1	1	1	1	1	1	1	0	1	1	1	1	1	1	1	1	1
219	0	0	0	0	0	0	0	0	0	0	0	0	0	2	2	2	2
220	0	0	0	0	0	0	0	0	0	0	0	0	0	2	2	2	2
222	1	1	1	1	1	2	1	1	1	1	1	1	1	1	1	1	1
223	1	1	1	1	1	1	1	1	1	1	1	1	1	1	1	0	1
224	1	1	1	1	1	1	1	0	1	1	1	1	1	1	1	1	1
225	0	0	0	0	0	0	0	0	0	0	0	0	0	2	2	2	2
226	2	2	2	2	2	2	2	2	2	2	2	2	2	0	0	0	0
227	0	0	0	0	0	0	0	0	0	0	0	0	0	2	2	2	2
228	0	0	0	0	0	0	0	0	0	0	0	0	0	2	2	2	2
229	2	2	2	2	2	2	2	2	2	2	2	2	2	0	0	0	0
230	2	2	2	2	2	2	2	2	2	2	2	2	2	0	0	0	0
231	2	2	2	2	2	2	2	2	2	2	2	2	2	0	0	0	0
232	0	0	0	0	0	0	0	0	0	0	0	0	0	2	2	2	2
233	1	1	1	1	1	1	1	1	1	1	1	1	1	1	1	2	1
234	0	0	0	0	0	0	0	0	0	0	0	0	0	2	2	2	2
235	1	1	1	1	1	1	1	1	1	1	1	1	1	1	1	1	1
236	2	2	2	2	2	2	2	2	2	2	2	2	2	0	0	0	0
237	1	1	1	1	1	1	1	1	1	0	0	1	1	1	1	1	1
238	0	0	0	0	0	0	0	0	0	0	0	0	0	2	2	2	2
239	0	0	0	0	0	0	0	0	0	0	0	0	0	2	2	2	2
240	1	1	1	1	1	1	1	1	1	1	1	1	1	1	1	1	1
241	1	1	1	1	1	1	1	1	1	1	1	1	1	1	1	0	1
242	1	1	1	1	1	1	1	1	1	1	1	1	1	1	1	1	1
243	0	0	0	0	0	0	0	0	0	0	0	0	0	2	2	2	2
244	0	0	0	0	0	1	1	1	1	1	1	1	1	1	1	1	1
245	1	1	1	1	1	0	0	0	0	0	0	0	0	2	1	2	2
246	1	1	1	1	1	2	2	2	2	2	2	2	2	0	0	0	0
247	2	2	2	2	2	2	2	1	2	2	2	2	2	0	0	0	0
248	0	0	0	0	0	0	0	0	0	0	0	0	0	2	2	2	2
249	0	0	0	0	0	0	0	0	0	0	0	0	0	2	2	2	2
250	0	0	0	0	0	0	0	0	0	0	0	0	0	2	2	2	2
251	2	2	2	2	2	2	2	2	2	2	2	2	2	0	0	0	0
252	0	0	0	0	0	0	0	0	0	0	0	0	0	2	2	2	2
253	1	1	1	1	1	0	0	0	0	0	0	0	0	2	2	2	2
254	0	0	0	0	0	0	0	0	0	0	0	0	0	2	2	1	2
255	0	0	0	0	0	0	0	0	0	0	0	0	0	2	2	2	2
256	1	1	1	1	1	1	1	1	1	1	1	1	1	1	1	1	1
257	2	2	2	2	2	2	2	2	2	2	2	2	2	0	0	0	0
258	0	0	0	0	0	0	0	0	0	0	0	0	0	2	2	2	2
259	1	1	1	1	1	1	1	1	1	1	1	1	1	1	1	1	1
260	0	0	0	0	0	0	0	0	0	0	0	0	0	2	2	2	1
261	1	1	1	1	1	1	1	1	1	1	1	1	1	1	1	1	1
262	1	1	1	1	1	1	1	1	1	1	1	1	1	1	1	1	1
263	1	1	1	1	1	1	1	1	1	1	1	1	1	1	1	1	1
264	1	1	1	1	1	1	1	1	1	1	1	1	1	1	1	1	1
265	1	1	1	1	1	1	1	1	1	1	1	1	1	1	1	1	1
266	1	1	1	1	1	1	1	1	1	1	1	1	1	1	1	1	1
267	0	0	0	0	0	0	0	0	0	0	0	0	0	2	2	1	2
268	1	1	1	1	1	1	1	1	1	1	1	1	1	1	1	1	1
269	1	1	1	1	1	1	1	1	1	1	1	1	1	1	1	1	1
270	0	0	0	0	0	0	0	0	0	0	0	0	0	2	2	1	2
271	0	0	0	0	0	0	0	1	0	0	0	0	0	2	2	2	2
272	0	0	0	0	0	0	0	0	0	0	0	0	0	2	2	2	2
273	0	0	0	0	0	0	0	0	0	0	0	0	0	2	2	2	2
274	0	0	0	0	0	0	0	0	0	0	0	0	1	2	2	2	2
275	2	2	2	2	2	2	2	2	1	2	2	2	2	0	0	0	0
276	2	2	2	2	2	2	2	2	2	2	2	2	2	0	0	0	0
277	1	1	1	1	1	1	1	1	1	1	1	1	1	1	1	1	1
278	1	1	1	1	1	1	1	1	1	1	1	1	1	1	1	1	1
279	1	1	1	1	1	1	1	1	1	1	1	1	1	1	1	1	1
280	0	0	0	0	0	0	0	0	0	0	0	0	0	2	2	2	1
281	0	0	0	0	0	0	0	0	0	0	0	0	0	2	2	1	2
282	0	0	0	0	0	0	0	0	0	0	0	0	0	2	2	2	2
283	0	0	0	0	0	1	1	1	1	1	1	1	1	1	1	1	1
284	1	1	1	1	1	1	1	1	1	1	1	1	1	1	1	1	1
285	2	2	2	2	2	2	2	1	2	2	2	2	2	0	0	0	0
286	1	1	1	1	1	1	1	1	1	1	1	1	1	1	1	1	1
287	1	1	1	1	1	1	1	1	1	1	1	1	1	1	1	1	1
288	2	2	2	2	2	2	2	2	2	1	1	1	1	1	1	1	1
289	1	1	1	1	1	1	1	1	1	1	1	1	1	1	1	1	1
290	0	0	0	0	0	0	0	0	0	0	0	0	0	2	2	2	2
291	0	0	0	0	0	0	0	0	0	0	0	0	0	2	2	2	2
292	0	0	0	0	0	0	0	0	0	0	0	0	0	2	2	2	2
293	0	0	0	0	0	0	0	0	0	0	0	0	0	2	2	2	2
294	0	0	0	0	0	0	0	0	0	0	0	0	0	2	2	2	2
295	2	2	2	2	2	2	2	2	2	2	2	2	2	0	0	0	0
373	0	0	0	0	0	0	0	0	0	0	0	0	0	2	2	2	2
374	1	1	1	1	1	1	1	1	1	1	1	1	1	1	1	1	1
375	2	2	2	2	2	1	2	2	2	2	2	2	2	0	0	0	0
376	0	0	0	0	0	0	0	0	0	1	1	1	1	1	1	1	1
377	2	2	2	2	2	2	2	2	2	2	2	2	2	0	0	0	0
378	1	1	1	1	1	1	1	1	1	1	1	1	1	1	1	1	1
379	1	1	1	1	1	1	1	1	1	1	1	1	1	1	1	1	1
380	2	2	2	2	2	2	2	2	2	2	2	2	2	0	0	0	0
381	1	1	1	1	1	1	1	1	1	1	1	1	1	1	1	1	1
382	1	1	1	1	1	1	1	1	1	1	1	1	1	2	2	1	1
383	0	0	0	0	0	0	0	0	0	0	0	0	0	2	2	2	1
384	1	1	1	1	1	1	1	1	1	1	1	1	1	1	1	1	1
385	1	1	1	1	1	1	1	1	1	1	1	1	1	1	1	1	1
386	2	2	2	2	2	2	2	2	2	2	2	2	2	0	0	1	1
387	0	0	0	0	0	0	0	0	0	0	0	0	0	2	2	2	2
388	0	0	0	0	0	0	0	0	0	0	0	0	0	2	1	2	1
389	0	0	0	0	0	0	0	0	0	0	0	0	0	2	2	1	1
390	0	0	0	0	0	0	0	0	0	0	0	0	0	2	2	2	2
391	2	2	2	2	2	2	2	2	2	2	2	2	2	0	0	0	0
392	0	0	0	0	0	0	0	0	0	0	0	0	0	2	2	2	2
393	1	1	1	1	1	2	1	1	1	1	1	1	1	1	1	1	1
394	1	1	1	1	1	0	1	1	1	1	1	1	1	1	1	1	1
395	2	2	2	2	2	2	2	2	2	2	2	2	2	0	0	1	1
396	0	0	0	0	0	0	0	0	0	0	0	0	0	2	2	2	2
397	2	2	2	2	2	2	2	2	2	2	2	2	2	0	0	0	0
398	1	1	1	1	1	1	1	1	1	1	1	1	1	1	1	1	1
399	0	0	0	0	0	0	0	0	0	0	0	0	0	2	2	2	2
400	2	2	2	2	2	2	2	2	2	2	2	2	2	0	0	0	0
401	0	0	0	0	0	0	0	0	0	0	0	0	0	2	2	2	2
402	0	0	0	0	0	0	0	0	0	0	0	0	0	2	2	2	2
403	1	1	1	1	1	1	1	1	1	1	1	1	1	1	1	1	1
404	1	1	1	1	1	1	1	1	1	1	0	1	1	1	1	0	0
405	1	1	1	1	1	1	1	1	1	1	1	1	1	1	1	1	1
406	1	1	1	1	1	1	1	1	1	1	1	1	1	1	1	1	1
407	2	2	2	2	2	2	2	2	2	2	2	2	2	0	0	0	0
408	1	1	1	1	1	1	1	1	1	1	1	1	1	1	1	1	1
409	0	0	0	0	0	0	0	0	0	0	0	0	0	2	2	1	2
410	2	2	2	2	2	2	2	2	2	2	2	2	2	0	0	0	0
411	1	1	1	1	1	1	1	1	2	1	1	1	1	1	1	1	0
412	1	1	1	0	1	1	1	1	1	1	1	1	1	1	1	1	1
413	0	0	0	0	0	0	0	0	0	0	0	0	0	2	2	2	2
414	0	0	0	0	0	0	0	0	0	0	0	0	0	2	2	2	2
415	1	1	1	1	1	1	1	1	0	1	1	1	1	1	1	1	1
416	1	1	1	1	1	1	1	1	1	1	1	1	1	1	1	0	1
417	1	1	1	1	1	1	1	1	1	0	0	0	1	1	1	1	1
418	2	2	2	2	2	2	2	2	2	2	2	2	2	0	0	0	0
419	2	2	2	2	2	2	2	2	2	2	2	2	2	0	0	0	0
420	2	2	2	2	2	2	2	1	2	2	2	2	2	0	0	0	0
421	1	1	1	1	1	1	1	1	1	1	1	1	1	1	1	0	1
422	0	0	0	0	0	0	0	0	0	0	0	0	0	2	2	2	2
423	0	0	0	0	0	0	0	0	0	0	0	0	0	2	2	2	1
424	0	0	0	0	0	0	0	0	0	0	0	0	0	2	2	2	2
425	2	2	2	2	2	2	2	2	2	2	2	2	2	0	0	0	0
426	2	2	2	2	2	2	2	2	2	2	2	2	2	0	0	1	1
427	0	0	0	0	0	0	0	0	0	0	0	0	0	2	2	2	2
428	1	1	1	1	1	1	1	1	1	1	1	1	1	1	1	1	1
429	1	1	1	1	1	1	1	1	1	1	1	1	1	1	1	1	1
430	2	2	2	2	2	2	2	2	1	2	2	2	2	0	0	0	0
431	1	1	1	1	1	1	1	1	1	1	1	1	1	1	1	1	1
432	1	1	1	1	1	1	1	0	1	1	1	1	1	1	1	1	1
433	0	0	0	0	0	0	0	0	0	0	0	0	0	2	2	1	2
434	0	0	0	0	1	1	1	0	0	0	0	0	0	2	2	2	2
435	1	1	1	1	1	1	1	1	1	1	1	1	1	1	1	1	1
436	1	1	1	1	1	1	1	1	1	1	1	1	1	1	1	1	1
437	1	1	1	1	1	1	1	0	1	1	1	1	1	1	1	1	1
438	1	1	1	1	1	1	1	1	1	1	1	1	1	1	1	1	1
439	0	0	0	0	0	0	0	0	0	0	0	0	0	2	2	1	2
440	1	1	1	1	1	1	1	1	1	1	1	1	1	1	1	0	1
441	0	0	0	0	0	0	0	0	0	0	0	0	0	2	2	2	2
442	1	1	1	1	1	1	1	1	1	1	1	1	1	1	1	1	1
443	0	0	0	0	0	0	0	0	0	0	0	0	0	2	2	2	2
444	1	1	1	1	1	1	1	1	1	1	1	1	1	1	0	2	1
445	1	1	1	1	1	1	1	1	1	1	1	1	1	1	1	1	1
446	1	1	1	1	1	1	1	1	1	1	1	1	1	1	1	1	1
447	0	0	0	0	0	0	0	0	0	0	0	0	0	2	2	2	2
448	0	0	0	0	0	0	0	0	0	0	0	0	0	2	2	2	2
449	1	1	1	0	1	1	1	1	1	1	1	1	1	1	1	1	1
450	1	1	1	1	1	1	1	1	1	1	1	1	1	1	1	1	1
451	1	1	1	1	1	1	1	1	1	1	1	1	1	1	1	1	1
452	1	1	1	1	1	1	1	1	1	1	1	1	1	1	1	2	2
453	1	1	1	1	1	1	1	1	1	1	1	1	1	1	1	1	1
454	1	1	1	1	1	1	1	1	1	1	1	1	1	1	1	1	1
455	0	0	0	0	0	0	0	0	0	0	0	0	0	2	2	2	2
456	0	0	0	0	0	0	0	0	0	0	0	0	0	2	2	2	2
457	1	1	1	1	1	2	1	0	1	1	1	1	1	1	1	1	1
458	1	1	1	1	1	0	0	0	0	0	0	0	0	2	2	2	2
459	2	2	2	2	2	2	2	0	2	2	2	2	2	0	0	1	1
460	0	0	0	0	0	0	0	0	0	0	0	0	0	2	2	2	2
461	2	2	2	2	2	2	2	2	2	2	2	2	2	0	0	0	0
462	2	2	2	2	2	2	2	2	2	2	2	2	2	0	0	0	0
463	0	0	0	0	0	0	0	0	0	0	0	0	0	2	2	1	2
464	1	1	1	1	1	1	1	1	1	1	1	1	1	1	1	1	1
