29	1	1	1	1	1	1	1	0	1	1	1	1	2	2	2	2	2	2	0	0	0	0	0	0	0	0	0	0	0	0	0	0	0	0	0	0	0	0	0	0	2	0	0	0	0	0	0	0	0	0	0	0	0	0	0	0	0	0	0	0	0	0	0	0	0	0	2	0	1	0	0	0	0	0	0	0	0	2	2	2	2	2	2	2	2	2	0	2	2	2	2	2	0	0	0	0	0	0	0	1	2	0	0	2	0	0	2	2	0	0	0	0	0	0	0	0	0	0	0	2	0	2	0	2	2	2	2	2	2	2	0	2	2	2	2	2	2	2	2	2	2	2	2	2	2	2	0	1	2	2	0	2	2	2	2	0	0	2	2	0	2	0	0	0	0	0	0	0	0	2	0	0	0	0	0	0	0	0	0	0	0	0	0	0	0	1	1	0	0
30	0	1	1	1	1	1	1	1	1	1	1	1	2	2	2	2	2	2	0	0	0	0	0	0	0	0	0	0	0	0	0	0	0	0	0	0	0	0	0	0	2	0	0	0	0	0	0	0	0	0	0	0	0	0	0	0	1	0	1	0	0	0	0	0	0	0	1	0	1	0	0	0	0	0	0	0	0	1	1	1	1	1	1	0	1	1	0	1	1	1	2	1	0	1	1	1	1	0	2	1	2	2	2	2	2	1	2	2	1	1	2	1	2	0	2	2	1	1	1	2	2	2	2	0	0	0	0	0	0	0	0	0	0	0	0	0	0	0	0	1	1	0	1	0	0	0	1	1	2	1	1	0	1	1	0	0	0	0	0	0	0	0	0	0	0	0	0	0	0	1	0	0	0	0	0	0	0	0	0	0	0	0	0	0	0	0	0	0	0
31	0	1	1	1	1	1	1	1	1	1	1	1	2	2	2	2	2	2	0	0	0	1	1	1	0	1	1	0	1	0	1	0	1	1	1	1	1	1	1	1	1	1	1	0	0	1	1	0	1	1	1	1	1	0	1	0	1	0	1	0	0	0	0	0	0	0	1	0	1	0	0	0	0	0	0	0	0	1	1	1	2	1	1	0	1	1	0	2	2	1	2	1	0	0	0	0	0	0	1	0	2	1	1	2	1	0	2	2	0	0	1	0	1	0	1	1	0	0	0	2	1	2	1	1	1	1	1	1	1	1	1	1	1	1	1	1	1	1	1	2	2	1	2	1	1	1	1	2	2	1	2	1	2	1	1	1	1	1	1	1	1	1	1	1	0	0	2	0	0	2	0	0	0	0	0	0	0	0	0	0	0	0	0	0	0	0	1	1	1
32	0	2	2	2	2	2	2	1	2	2	2	1	2	2	2	2	2	2	0	0	0	1	1	1	0	1	1	0	1	0	1	1	1	1	1	1	1	1	1	1	1	1	1	0	0	1	1	0	1	1	1	1	1	0	1	0	1	1	1	1	0	0	0	0	0	0	1	0	1	0	0	0	0	0	0	0	0	1	1	1	1	1	1	0	1	1	0	1	1	1	2	1	0	1	1	1	1	0	2	1	2	2	2	2	2	1	2	2	1	1	2	1	2	0	2	2	1	1	1	2	2	2	2	0	0	0	0	0	0	0	0	0	0	0	0	0	0	0	0	2	1	0	1	0	0	0	1	1	2	1	1	0	2	0	0	0	0	0	0	0	0	0	0	0	0	0	0	0	0	1	0	0	0	0	0	0	0	0	0	0	0	0	0	0	0	0	0	0	0
33	0	1	1	1	1	1	1	1	1	1	1	1	2	2	2	2	2	2	0	0	0	0	0	0	0	0	0	0	0	0	0	0	1	1	1	1	1	1	0	1	2	0	0	0	0	0	1	0	0	1	1	0	0	0	1	0	1	0	1	0	0	0	0	0	0	0	0	0	0	0	0	0	0	0	0	0	0	0	0	0	1	0	0	0	0	0	0	1	1	0	2	0	0	2	1	1	1	1	2	1	2	2	2	2	2	0	2	2	2	2	2	2	2	0	2	2	2	2	2	2	2	2	2	0	0	0	0	0	0	0	0	0	0	0	0	0	0	0	0	1	0	0	0	0	0	0	2	0	1	1	0	0	1	0	0	0	0	0	0	0	0	0	0	0	0	0	1	0	0	1	0	0	0	0	0	0	0	0	0	1	0	0	0	0	0	0	0	0	0
34	0	0	0	0	0	0	0	0	0	0	0	0	2	2	2	2	2	2	0	0	0	0	0	0	0	0	0	0	0	0	0	0	0	0	0	0	0	0	0	0	2	0	0	0	0	0	0	1	0	0	0	0	0	0	0	0	1	0	1	0	0	0	0	0	0	0	1	0	1	0	0	0	0	0	0	0	0	1	1	1	1	1	1	1	1	1	0	1	1	1	2	1	0	1	1	1	1	0	1	2	2	1	1	2	1	1	2	2	1	1	1	1	1	1	1	1	0	0	0	2	1	2	1	1	1	1	1	1	1	1	1	1	1	1	1	1	1	1	1	1	1	1	1	1	1	1	1	0	2	2	0	1	1	2	1	0	0	1	1	0	1	0	0	0	0	0	0	0	0	2	0	0	0	0	0	0	0	0	0	0	0	0	0	0	0	0	0	1	0
35	1	1	1	1	1	1	1	1	1	1	1	1	2	2	2	2	2	2	0	0	0	1	1	1	0	1	1	0	1	0	1	1	1	1	1	1	1	1	1	1	1	1	1	0	0	1	1	0	1	1	1	1	1	0	1	0	2	0	2	0	0	0	0	0	0	0	0	0	0	0	0	0	0	0	1	0	0	0	0	0	0	0	0	0	0	0	0	0	0	0	2	0	0	2	2	2	2	0	2	1	2	2	2	2	2	2	2	2	2	2	2	2	2	0	2	2	2	2	2	2	2	2	2	0	0	0	0	0	0	0	0	0	0	0	0	0	0	0	0	1	0	0	0	0	0	0	2	0	2	1	0	0	1	1	0	0	0	0	0	0	0	0	0	0	0	0	1	0	0	1	0	0	0	0	0	0	0	0	0	0	0	0	0	0	0	0	0	1	0
36	0	1	1	1	1	1	1	1	1	1	1	1	2	2	2	2	2	2	0	0	0	0	0	0	0	0	0	0	0	0	0	0	0	0	0	0	0	0	0	0	2	0	0	0	0	0	0	0	0	0	0	0	0	0	0	0	1	0	1	0	0	0	0	0	0	0	1	0	1	0	0	0	0	0	0	0	0	1	1	1	1	1	1	0	1	1	0	1	1	1	2	1	0	1	1	1	1	0	2	1	2	2	2	2	2	1	2	2	1	1	2	1	2	1	2	2	0	0	0	2	2	2	2	0	0	0	0	0	0	0	0	0	0	0	0	0	0	0	0	1	1	0	1	0	0	0	2	0	2	1	1	0	1	1	0	0	0	0	0	0	0	0	0	0	0	0	0	0	0	2	0	0	0	0	0	0	0	0	0	0	0	0	0	0	0	0	0	0	0
37	0	1	1	1	1	1	1	1	1	1	1	1	2	2	2	2	2	2	0	0	0	0	0	0	0	0	0	0	0	0	0	0	0	0	0	0	0	0	0	0	2	0	0	0	0	0	0	0	0	0	0	0	0	0	0	0	1	0	1	0	0	0	0	0	0	0	1	0	1	0	0	0	0	0	0	0	0	1	1	1	1	1	1	1	1	1	0	1	1	1	2	1	0	1	1	1	1	0	1	1	2	1	1	2	1	1	2	2	1	1	1	1	1	0	1	1	1	1	1	2	1	2	1	1	1	1	0	1	1	1	0	1	1	1	1	1	2	1	1	1	2	1	1	1	1	1	1	1	2	2	0	1	1	2	1	0	0	1	0	0	0	0	0	0	0	0	0	0	0	1	0	0	0	0	0	0	0	0	0	0	0	0	0	0	0	0	0	0	0
38	0	1	1	1	1	1	1	0	1	1	1	1	2	2	2	2	2	2	0	0	0	0	0	0	0	0	0	0	0	0	0	0	0	0	0	0	0	0	0	0	2	0	0	0	0	0	0	0	0	0	0	0	0	0	0	0	0	0	0	0	0	0	0	0	0	0	2	0	2	0	0	0	0	0	0	0	0	2	1	2	2	2	2	1	2	2	0	2	2	2	2	2	0	0	0	0	0	0	1	0	2	1	1	2	1	0	2	2	0	0	1	0	1	0	1	1	0	0	0	2	1	2	1	2	2	2	2	2	1	1	2	2	2	2	2	2	1	2	2	2	2	1	2	2	2	2	0	0	2	2	0	2	2	2	2	0	1	1	1	0	2	0	0	0	0	0	0	0	0	2	0	0	0	0	0	0	0	0	0	0	0	0	0	0	0	0	0	0	0
39	0	1	1	1	1	1	1	0	1	1	1	1	2	2	2	2	2	2	0	0	0	0	0	0	0	0	0	0	0	0	0	0	0	0	0	0	0	0	0	0	2	0	0	0	0	0	0	0	0	0	0	0	0	0	0	0	1	0	1	0	0	0	0	0	0	0	1	0	1	0	0	0	0	0	0	0	0	1	1	1	1	1	1	0	1	1	0	1	1	1	2	1	0	1	1	1	1	0	2	1	2	2	2	2	2	1	2	2	1	1	2	1	2	0	2	2	1	1	1	2	2	2	2	0	0	0	0	0	0	0	0	0	0	0	0	0	1	0	0	1	2	0	1	0	0	0	2	1	2	1	1	0	1	1	0	0	0	0	0	0	0	0	0	0	0	0	0	0	0	2	0	0	0	0	0	0	0	0	0	0	0	0	0	0	0	0	0	0	0
40	0	0	2	0	0	0	0	0	0	0	0	0	2	2	2	2	2	2	2	2	2	2	2	2	2	2	2	2	2	2	2	2	2	2	2	2	2	2	2	2	0	2	2	2	2	2	2	2	2	2	2	2	2	2	2	2	2	2	2	2	2	2	2	2	2	2	2	2	2	2	2	2	2	2	2	2	2	2	2	2	2	2	2	2	2	2	2	2	2	2	2	2	2	0	0	0	0	0	0	0	2	0	0	0	0	0	0	0	0	0	0	0	0	0	0	0	0	0	0	2	0	2	0	2	2	2	2	2	2	2	2	2	2	2	2	2	2	2	2	2	2	2	2	2	2	2	0	2	2	2	0	2	2	2	2	0	1	2	2	2	2	2	2	0	2	2	2	2	2	2	2	0	0	0	0	0	0	0	0	0	0	0	0	0	0	0	0	0	0
296	0	1	1	1	1	1	1	1	1	1	1	1	2	2	2	2	2	2	0	0	0	1	1	1	0	1	1	0	1	0	0	0	0	0	0	0	0	0	0	0	2	0	0	0	0	0	0	0	0	0	0	0	0	0	0	0	2	0	2	0	0	0	0	0	0	0	0	0	0	0	0	0	0	0	0	0	0	0	0	0	0	0	0	0	0	0	0	0	0	0	2	0	0	2	2	2	2	0	2	2	2	2	2	2	2	2	2	2	2	2	2	2	2	1	2	2	2	2	2	2	2	2	2	0	0	0	0	0	0	0	0	0	0	0	0	0	0	0	0	0	0	0	0	0	0	0	2	0	2	2	0	0	0	2	0	0	0	0	0	0	0	0	0	0	0	0	0	0	0	2	0	0	0	0	0	0	0	0	0	0	0	0	0	0	0	0	0	0	0
297	0	1	1	1	1	1	1	1	1	1	1	1	2	2	2	2	2	2	0	0	0	1	1	1	0	1	1	0	1	0	1	1	1	1	1	1	1	1	1	1	1	1	1	0	0	1	1	0	1	1	1	1	1	0	1	0	2	1	2	1	0	0	0	0	0	0	0	0	0	0	1	0	0	0	0	0	0	0	0	0	0	0	0	0	0	0	0	0	0	0	2	0	0	2	2	2	2	0	2	2	2	2	2	2	2	2	2	2	2	2	2	2	2	1	2	2	2	2	2	2	2	2	2	0	0	0	0	0	0	0	0	0	0	0	0	0	0	0	0	1	0	0	0	0	0	0	2	0	2	2	0	0	1	1	0	0	0	0	0	0	0	0	0	0	0	0	0	0	0	1	0	0	0	0	0	0	0	0	0	0	0	0	0	0	0	0	0	0	0
298	0	1	1	1	1	1	1	1	1	1	1	1	1	1	1	1	1	1	0	0	0	1	1	1	0	1	1	0	1	0	1	0	1	1	1	1	1	1	1	1	1	1	1	0	0	1	1	0	1	1	1	1	1	0	1	0	1	0	1	0	0	0	0	0	0	0	1	0	1	0	0	0	0	0	0	0	0	1	1	1	2	1	1	1	1	1	0	2	2	1	2	1	0	1	0	0	0	0	1	1	2	1	1	2	1	0	2	2	1	1	1	1	1	0	1	1	1	1	1	2	1	2	1	1	1	1	0	1	1	1	0	1	1	1	1	1	1	1	1	2	1	1	1	1	1	1	1	1	1	2	0	1	2	1	1	0	0	1	1	0	1	0	0	0	0	0	1	0	0	2	0	0	0	0	0	0	0	0	0	0	0	0	0	0	0	0	0	1	1
299	0	2	2	2	2	1	2	1	1	1	2	2	2	2	2	2	2	2	0	0	0	1	1	1	0	1	1	0	1	0	1	1	1	1	1	1	1	1	1	1	1	1	1	0	0	1	1	0	1	1	1	1	1	0	1	0	1	1	1	1	0	0	0	0	0	0	0	0	0	0	0	0	0	0	1	0	0	0	0	0	0	0	0	0	0	0	0	0	0	0	1	0	0	2	2	2	2	1	2	2	2	2	2	2	2	2	2	2	2	2	2	2	2	1	2	2	2	2	1	2	2	2	2	0	0	0	0	0	1	0	0	0	0	0	0	0	0	0	0	1	0	0	0	0	0	0	2	0	1	1	0	0	1	0	0	0	0	0	0	0	0	0	0	0	0	0	0	0	0	0	0	0	0	0	0	0	0	0	0	1	0	0	0	0	0	0	0	1	1
300	0	1	1	1	1	1	1	1	1	1	1	1	2	2	2	2	2	2	0	0	0	1	1	1	0	1	1	0	1	0	1	0	1	1	1	1	1	1	1	1	1	1	1	0	0	1	1	0	1	1	1	1	1	0	1	0	1	0	1	0	0	0	0	0	0	0	1	0	1	0	0	0	0	0	1	0	0	1	1	1	2	1	1	1	1	1	0	2	2	1	2	1	0	1	0	0	0	0	1	1	2	1	1	2	1	0	2	2	1	1	1	1	1	0	1	1	1	1	1	2	1	2	1	1	1	1	1	1	1	1	0	1	1	1	1	1	1	1	1	2	1	1	1	1	1	1	1	1	1	2	0	1	2	1	1	0	0	1	1	0	1	0	0	0	0	0	0	0	0	1	0	0	0	0	0	0	0	0	0	1	0	0	0	0	0	0	0	0	0
301	0	1	1	1	1	1	1	1	1	1	1	1	2	2	2	2	2	2	0	0	0	1	1	1	0	1	1	0	1	0	1	1	1	1	1	1	1	1	1	1	1	1	1	0	0	1	1	0	1	1	1	1	1	0	1	0	1	1	1	1	0	0	0	0	0	0	1	0	0	0	0	0	0	0	0	0	0	1	1	1	1	1	1	1	1	1	0	0	1	1	2	1	0	1	1	1	1	0	2	1	2	1	1	2	1	1	2	2	0	1	1	1	1	0	1	1	1	0	1	2	1	2	1	0	0	0	0	0	0	0	0	0	0	0	0	0	0	0	0	2	1	0	1	1	1	1	0	0	1	1	0	0	1	0	0	0	0	0	0	0	0	0	0	0	0	0	0	0	0	0	0	0	0	0	0	0	0	0	0	0	0	0	0	0	0	0	0	0	0
302	1	2	2	2	2	2	2	1	2	2	2	2	2	2	2	2	2	2	0	0	0	1	1	1	0	1	1	0	1	0	1	1	1	1	1	1	1	1	1	1	1	1	1	0	0	1	1	0	1	1	1	1	1	0	1	0	1	1	1	1	0	0	0	0	0	0	1	0	1	0	0	0	0	0	0	0	0	1	1	1	1	1	1	1	1	1	0	1	1	1	2	1	0	1	1	1	1	0	1	2	2	1	1	2	1	1	2	2	0	1	1	1	1	0	1	1	1	1	0	2	1	2	1	1	1	1	1	1	1	1	0	1	1	1	1	1	1	1	1	2	1	1	1	1	1	1	0	0	2	2	0	1	2	1	1	0	0	1	1	0	1	0	0	0	0	0	0	0	0	1	0	0	0	0	0	0	0	0	0	0	0	0	0	0	0	1	1	0	0
303	0	1	1	0	1	1	1	1	0	0	1	1	2	2	2	2	2	2	0	0	0	1	1	1	0	1	1	0	1	0	1	1	1	1	1	1	1	1	1	1	2	1	1	0	0	0	1	0	1	1	1	0	1	0	1	0	1	0	1	0	0	0	0	0	0	0	1	0	1	0	0	0	1	0	0	0	0	1	1	1	1	1	1	1	1	1	0	1	1	1	2	1	0	1	1	1	1	0	1	1	2	1	1	2	1	1	2	2	1	1	1	1	1	0	1	1	1	1	1	2	1	2	1	0	0	0	0	0	0	0	0	0	0	0	0	0	0	0	0	2	1	1	1	1	1	1	1	0	1	0	0	0	1	0	0	0	0	0	0	0	0	0	0	0	0	0	1	0	0	2	0	0	0	0	0	0	0	0	0	0	0	0	0	0	0	0	0	2	1
304	0	2	2	2	2	2	2	1	2	2	2	2	2	2	2	2	2	2	1	0	0	1	1	1	0	1	1	0	1	0	1	0	1	1	1	1	0	1	1	1	1	1	1	0	0	1	1	0	1	1	1	1	0	0	1	0	1	0	1	0	0	0	0	0	0	0	1	0	1	0	0	0	0	0	0	0	0	1	0	1	2	1	1	0	1	1	0	2	1	1	2	1	0	1	0	0	0	0	2	1	2	2	2	2	2	0	2	2	1	1	2	1	2	0	2	2	1	1	1	2	2	2	2	1	1	1	1	1	0	0	1	1	1	1	1	1	0	1	1	2	1	0	1	1	1	1	1	1	1	2	0	1	2	1	1	0	1	0	0	0	1	0	0	0	0	0	1	0	0	1	0	0	0	0	0	0	0	0	0	1	0	0	0	0	0	0	0	1	1
305	1	1	1	1	1	1	1	0	1	1	1	1	2	2	2	2	2	2	0	0	0	1	1	1	0	1	1	0	1	0	1	1	1	1	1	1	1	1	1	1	1	1	1	0	0	1	1	0	1	1	1	1	1	0	1	1	1	1	1	1	0	0	0	0	0	0	1	0	1	0	0	0	0	0	0	0	0	1	0	1	1	1	1	0	1	1	0	1	1	1	2	1	0	1	1	1	1	0	2	1	2	2	2	2	2	1	2	2	1	1	2	1	2	0	2	2	1	1	1	2	2	2	2	1	1	1	1	1	0	0	1	1	1	1	1	1	0	1	1	2	1	0	1	1	1	2	1	1	2	1	0	1	2	1	1	0	0	0	0	0	1	0	0	0	0	0	1	0	0	2	0	0	0	0	0	0	0	0	0	1	0	0	0	0	0	0	0	1	0
306	0	1	1	1	1	1	1	1	1	1	1	1	2	2	2	2	2	2	0	0	0	0	0	0	0	0	0	0	0	0	0	0	0	0	0	0	0	0	0	0	2	0	0	0	0	0	0	0	0	0	0	0	0	0	0	0	0	0	0	0	0	0	0	0	0	0	2	0	2	0	0	0	0	0	0	0	0	2	2	2	2	2	2	1	2	2	0	2	2	2	2	2	0	0	0	0	0	0	2	0	2	1	1	2	1	0	2	2	0	0	1	0	1	0	1	1	0	0	0	2	1	2	1	0	0	0	0	0	0	0	0	0	0	0	0	0	0	0	0	2	2	0	2	1	1	1	1	1	1	0	1	0	1	0	0	0	0	0	0	0	0	0	0	0	0	0	0	0	0	1	0	0	0	0	0	0	0	0	0	0	0	0	0	0	0	0	0	0	0
307	0	1	2	1	1	1	1	1	1	1	1	1	2	2	2	2	2	2	1	1	1	2	2	2	1	2	2	1	2	1	2	1	2	2	2	2	2	2	2	2	0	2	2	1	1	2	2	1	2	2	2	2	2	1	2	1	2	1	2	1	1	1	1	1	1	1	1	1	1	1	1	1	1	1	1	1	1	1	1	1	2	1	1	1	1	1	1	2	2	1	2	1	1	1	0	0	0	0	1	1	2	1	1	1	1	0	1	1	1	1	1	1	1	0	1	1	1	1	1	2	1	2	1	1	1	1	1	1	1	1	1	1	1	1	1	1	1	1	1	2	1	1	1	1	1	1	1	0	2	2	0	1	2	1	1	0	1	1	1	1	1	1	1	0	1	1	2	1	1	2	1	0	0	0	0	0	0	0	0	0	0	0	0	0	0	0	0	1	1
308	0	1	1	1	1	1	1	0	1	1	1	1	2	2	2	2	2	2	0	0	0	0	0	0	0	0	0	0	0	0	0	0	0	0	0	0	0	0	0	0	2	0	0	0	0	0	0	0	0	0	0	0	0	0	0	0	1	0	1	0	0	0	0	0	0	0	1	0	1	0	0	0	0	0	1	0	0	1	0	0	0	1	1	0	1	1	0	1	1	1	2	1	0	1	1	1	1	0	2	1	2	2	2	2	2	1	2	2	1	1	2	1	2	1	2	2	1	1	1	2	2	2	2	1	1	1	1	1	0	0	1	1	1	1	1	1	0	1	1	1	1	0	1	1	1	1	1	1	2	2	0	1	1	2	1	0	1	0	0	0	1	0	0	0	0	0	0	0	0	2	0	0	0	0	0	0	0	0	0	0	0	0	0	0	0	0	0	0	0
309	0	0	0	0	0	0	0	0	0	0	0	0	2	2	2	2	2	2	0	0	0	0	0	0	0	0	0	0	0	0	0	0	0	0	0	0	0	0	0	0	2	0	0	0	0	0	0	0	0	0	0	0	0	0	0	0	1	0	1	0	0	0	0	0	0	0	1	0	1	0	0	0	1	0	0	0	0	1	1	1	1	1	1	1	1	1	0	1	1	1	2	1	0	1	1	1	1	0	1	1	2	1	1	2	1	1	2	2	1	1	1	1	1	1	1	1	1	1	1	2	1	2	1	1	1	1	1	1	1	1	0	1	1	1	1	1	1	1	1	1	1	1	1	1	1	1	1	0	1	2	0	1	1	2	1	0	0	1	1	0	1	0	0	0	0	0	0	0	0	2	0	0	0	0	0	0	0	0	0	0	0	0	0	0	0	0	0	0	0
310	0	2	2	2	2	2	2	1	2	2	2	2	2	2	2	2	1	1	1	0	0	1	1	1	0	1	1	0	1	0	1	0	1	1	1	1	1	1	1	1	1	1	1	0	0	1	1	0	1	1	1	1	1	0	1	0	1	0	1	0	0	0	0	0	0	0	1	0	0	0	0	0	0	0	0	0	0	1	1	1	2	1	1	1	1	1	0	2	2	1	2	1	0	1	0	0	0	0	2	0	2	1	1	2	1	0	2	2	1	1	1	1	1	0	1	1	1	0	1	2	1	2	1	0	0	0	0	0	0	0	0	0	0	0	0	0	0	0	0	2	1	0	1	1	1	1	1	1	0	0	0	0	1	0	0	0	0	0	0	0	0	0	0	0	0	0	0	0	0	0	0	0	0	0	0	0	0	0	0	1	0	0	0	0	0	0	0	0	0
311	0	0	0	0	0	0	0	0	0	0	0	0	2	2	2	2	2	2	0	0	0	0	0	0	0	0	0	0	0	0	0	0	0	0	0	0	0	0	0	0	2	0	0	0	0	0	0	0	0	0	0	0	0	0	0	0	0	0	0	0	0	0	0	0	0	0	1	0	1	0	0	0	0	0	0	0	0	1	1	1	1	1	1	0	1	1	0	1	1	1	1	1	0	1	1	1	1	1	2	1	2	2	2	2	2	1	2	2	1	1	2	1	2	0	2	2	1	1	1	2	2	2	2	0	0	0	0	0	0	0	0	0	0	0	0	0	0	0	0	1	1	0	1	0	0	0	2	1	1	0	1	0	1	0	0	0	0	0	0	0	0	0	0	0	0	0	0	0	0	1	0	0	0	0	0	0	0	0	0	1	0	0	0	0	0	0	0	0	0
312	0	0	0	0	0	0	0	0	0	0	0	0	2	2	2	2	2	2	0	0	0	1	1	1	0	1	1	0	1	0	1	1	1	1	1	1	1	1	1	1	1	1	1	0	0	1	1	0	1	1	1	1	1	0	1	1	1	1	1	1	0	0	0	0	0	0	1	0	1	0	0	0	0	0	1	0	0	1	1	1	1	1	1	1	1	1	0	1	1	1	2	1	0	1	1	1	1	0	2	1	2	1	1	2	1	1	2	2	1	1	1	1	1	0	1	1	1	1	1	2	1	2	1	0	0	0	0	0	0	0	0	0	0	0	0	0	0	0	0	2	0	0	1	1	1	1	1	1	1	0	0	0	1	0	0	0	0	0	0	0	0	0	0	0	0	0	1	0	0	1	0	0	0	0	0	0	0	0	0	0	0	0	0	0	0	0	0	1	0
313	0	1	1	1	1	1	1	1	1	1	1	1	2	2	2	2	2	2	0	0	0	0	0	0	0	0	0	0	0	0	0	0	0	0	0	0	0	0	0	0	2	0	0	0	0	0	0	0	0	0	0	0	0	0	0	0	0	0	0	0	0	0	0	0	0	0	2	0	2	0	0	0	0	0	0	0	0	2	2	2	2	2	2	0	2	2	0	2	2	2	2	2	0	0	0	0	0	0	2	0	2	2	2	2	2	0	2	2	0	0	2	0	2	1	2	2	0	0	1	2	2	2	2	0	0	0	0	0	0	0	0	0	0	0	0	0	0	0	0	2	2	0	2	0	0	0	1	2	2	0	2	0	2	0	0	0	0	0	0	0	0	0	0	0	0	0	0	0	0	2	0	0	0	0	0	0	0	0	0	0	0	0	0	0	0	0	0	0	0
314	0	0	0	0	0	0	0	0	0	0	0	0	2	2	2	2	2	2	0	0	0	0	0	0	0	0	0	0	0	0	0	0	0	0	0	0	0	0	0	0	2	0	0	0	0	0	0	0	0	0	0	0	0	0	0	0	1	0	1	0	0	0	0	0	0	0	1	0	1	0	0	0	0	0	0	0	0	1	1	1	1	1	1	1	1	1	0	1	1	1	2	1	0	1	0	1	1	0	1	1	2	1	1	2	1	1	2	2	1	1	2	1	1	1	1	1	1	1	1	2	2	2	1	0	0	0	0	0	0	0	0	0	0	0	0	0	0	0	0	1	1	1	1	1	1	1	1	1	1	1	0	0	0	1	0	0	0	0	0	0	0	0	0	0	0	0	0	0	0	0	0	0	0	0	0	0	0	0	0	1	0	0	0	0	0	0	0	0	0
315	0	1	1	1	1	1	1	1	1	1	1	1	2	2	2	2	2	2	0	0	0	0	0	0	0	0	0	0	0	0	0	0	0	0	0	0	0	0	0	0	2	0	0	0	0	0	0	0	0	0	0	0	0	0	0	0	0	0	0	0	0	0	0	0	0	0	2	0	1	0	0	0	0	0	0	0	0	2	2	2	2	2	2	1	2	2	0	2	2	2	2	2	0	0	0	0	0	0	1	0	2	1	1	2	1	0	2	2	0	0	1	0	1	0	1	1	0	0	0	2	1	2	1	1	1	1	1	1	1	1	0	1	1	1	1	1	1	1	1	2	2	1	2	1	1	0	1	2	2	1	1	1	2	1	0	0	0	1	1	0	1	0	0	0	0	0	0	0	0	2	0	0	0	0	0	0	0	0	0	0	0	0	0	0	0	0	0	0	0
316	0	1	1	1	1	1	1	0	1	1	1	1	2	2	2	2	2	2	0	0	0	0	0	0	0	0	0	0	0	0	0	0	0	0	0	0	0	0	0	0	2	0	0	0	0	0	0	0	0	0	0	0	0	0	0	0	0	0	0	0	0	0	0	0	0	0	2	0	2	0	0	0	0	0	0	0	0	2	1	2	2	2	2	1	2	2	0	2	2	2	2	2	0	0	0	0	0	0	1	0	2	1	1	2	1	0	2	2	0	0	1	0	1	0	1	1	0	0	0	2	1	2	1	2	2	2	1	2	1	1	2	2	2	2	2	2	1	2	2	2	2	1	2	2	2	2	0	2	2	2	0	2	2	2	2	0	1	1	1	0	2	0	0	0	0	0	0	0	0	2	0	0	0	0	0	0	0	0	0	1	0	0	0	0	0	0	0	0	0
317	0	1	1	1	1	1	1	1	1	1	1	1	2	2	2	2	2	2	0	0	0	0	0	0	0	0	0	0	0	0	0	0	0	0	0	0	0	0	0	0	2	0	0	0	0	0	0	0	0	0	0	0	0	0	0	0	0	0	0	0	0	0	0	0	0	0	2	0	2	0	0	0	0	0	0	0	0	2	2	2	2	2	2	1	2	2	0	2	2	2	2	2	0	0	0	0	0	0	1	0	2	1	1	2	1	0	2	2	0	0	1	0	1	0	1	1	0	0	0	2	1	2	1	1	1	1	1	1	1	1	0	1	1	1	1	1	1	1	1	2	2	1	2	1	1	1	1	2	2	1	1	1	2	1	1	0	0	1	1	0	1	0	0	0	0	0	0	0	0	2	0	0	0	0	0	0	0	0	0	0	0	0	0	0	0	1	1	0	0
318	0	0	0	0	0	0	0	0	0	0	0	0	2	2	2	2	2	2	0	0	0	0	0	0	0	0	0	0	0	0	0	0	0	0	0	0	0	0	0	0	2	0	0	0	0	0	0	0	0	0	0	0	0	0	0	0	0	0	0	0	0	0	0	0	0	0	1	0	1	0	0	0	0	0	0	0	0	1	1	1	1	1	1	1	1	1	0	1	1	1	1	1	0	1	1	1	1	1	1	1	2	1	1	2	1	1	2	2	1	1	2	1	1	1	1	1	1	1	0	2	2	2	1	0	0	0	0	0	0	0	0	0	0	0	0	0	0	0	0	1	1	1	1	1	1	1	1	1	0	0	0	0	0	0	0	0	0	0	0	0	0	0	0	0	0	0	0	0	0	0	0	0	0	0	0	0	0	0	0	1	0	0	0	0	0	0	0	0	0
319	0	0	0	0	0	0	0	0	0	0	0	0	2	2	2	2	2	2	0	0	0	1	1	1	0	1	0	0	1	0	1	1	1	1	1	1	1	1	1	1	1	1	1	1	1	1	1	1	1	1	1	1	1	1	1	0	2	0	2	0	0	0	0	0	0	0	0	0	0	0	0	0	0	0	0	0	0	0	0	0	0	0	0	0	0	0	0	0	0	0	2	0	0	2	2	2	2	0	2	2	2	2	2	2	2	2	2	2	2	2	2	2	2	0	2	2	2	1	2	2	2	2	2	0	0	0	0	0	0	0	0	0	0	0	0	0	1	0	0	1	1	0	0	0	0	0	2	0	2	1	0	0	1	1	0	0	0	0	0	0	0	0	0	0	0	0	1	0	0	2	0	0	0	0	0	0	0	0	0	0	0	0	0	0	0	0	0	1	0
320	1	2	2	2	2	2	2	1	2	2	2	2	2	2	2	2	2	2	0	0	0	1	1	1	0	1	1	0	1	0	1	0	1	1	1	1	1	1	1	1	1	1	1	0	0	1	1	0	1	1	1	1	1	0	1	0	1	0	1	0	0	0	0	0	0	0	1	0	1	0	0	0	0	0	0	0	0	1	0	1	2	1	1	0	1	1	0	2	2	1	2	1	0	1	0	0	0	0	2	0	2	2	2	2	2	0	2	2	1	1	2	1	2	0	2	2	1	0	1	2	2	2	2	1	1	1	1	1	0	0	1	1	1	1	1	1	0	1	1	2	1	0	1	1	1	1	1	0	1	2	0	1	2	1	1	0	1	0	0	0	1	0	0	0	0	0	0	0	0	1	0	0	0	0	0	0	0	0	0	2	0	0	0	0	0	0	0	0	0
321	0	0	1	0	0	0	0	0	0	0	0	0	2	2	2	2	2	2	1	1	1	1	1	1	1	1	1	1	1	1	1	1	1	1	1	1	1	1	1	1	1	1	1	1	1	1	1	1	1	1	1	1	1	1	1	1	2	1	2	1	1	1	1	1	1	1	1	1	1	1	1	1	1	1	1	1	1	1	1	1	1	1	1	1	1	1	1	1	1	1	2	1	1	1	1	1	1	0	1	0	2	1	1	1	1	1	1	1	1	1	1	1	1	1	1	1	1	1	1	2	1	2	1	1	1	1	1	1	1	1	1	1	1	1	1	1	1	1	1	1	1	1	1	1	1	1	1	1	2	2	0	1	1	2	1	0	1	1	1	1	1	1	1	0	1	1	1	1	1	2	1	0	0	0	0	0	0	0	0	0	0	0	0	0	0	0	0	0	0
322	0	1	1	1	1	1	1	1	1	1	1	1	2	2	2	2	2	2	0	0	0	0	0	0	0	0	0	0	0	0	0	0	0	0	0	0	1	0	0	0	2	0	0	0	0	0	0	0	0	0	0	0	0	0	0	0	1	0	1	0	0	0	0	0	0	0	1	0	1	0	0	0	0	0	0	0	0	1	1	1	1	1	1	0	1	1	0	1	1	1	2	1	0	1	1	1	1	0	2	1	2	2	2	2	2	1	2	2	1	1	2	1	2	1	2	2	1	1	1	2	2	2	2	0	0	0	0	0	0	0	0	0	0	0	0	0	0	0	0	1	1	0	1	0	0	0	1	1	2	1	1	0	1	1	0	0	0	0	0	0	0	0	0	0	0	0	0	0	0	2	0	0	0	0	0	0	0	0	0	0	0	0	0	0	0	0	0	0	0
323	0	1	1	1	1	1	1	1	1	1	1	1	2	2	2	2	2	2	0	0	0	1	1	1	0	1	1	0	1	0	1	0	1	1	1	1	1	1	1	1	1	1	1	0	0	1	1	0	1	1	2	1	1	0	1	0	1	0	1	0	0	0	0	0	0	0	1	0	1	0	0	0	0	0	0	0	0	1	1	1	2	1	1	1	1	1	0	2	2	1	2	1	0	1	0	0	0	0	1	1	2	1	1	2	1	0	2	2	1	1	1	1	1	0	1	1	1	1	1	2	1	2	1	0	0	0	0	0	0	0	0	0	0	0	0	0	0	0	0	2	1	1	1	1	0	1	1	0	0	1	0	0	1	0	0	0	0	0	0	0	0	0	0	0	0	0	1	0	0	2	0	0	0	0	0	0	0	0	0	0	0	0	0	0	0	0	0	2	2
324	0	0	0	0	0	0	0	0	0	0	0	0	2	2	2	2	2	2	0	0	0	0	0	0	0	0	0	0	0	0	0	0	0	0	0	0	0	0	0	0	2	0	0	0	0	0	0	0	0	0	0	0	0	0	0	0	0	0	0	0	0	0	0	0	0	0	1	0	1	0	0	0	0	0	0	0	0	1	1	1	1	1	1	1	1	1	0	1	1	1	1	1	0	1	1	1	1	1	1	1	2	1	1	2	1	1	2	2	1	1	1	1	1	0	1	1	1	1	1	2	1	2	1	1	1	1	0	1	1	1	1	1	1	1	1	1	1	1	1	1	1	1	1	1	1	1	1	1	1	1	0	1	1	1	1	0	0	1	1	0	1	0	0	0	0	0	0	0	0	1	0	0	0	0	0	0	0	0	0	0	0	0	0	0	0	0	0	0	0
325	0	0	0	0	0	0	0	0	0	0	0	0	2	2	2	2	2	2	0	0	0	0	0	0	0	0	0	0	0	0	0	0	0	0	0	0	0	0	0	0	2	0	0	0	0	0	0	0	0	0	0	0	0	0	0	0	1	0	1	0	0	0	0	0	0	0	1	0	1	0	0	0	0	0	1	0	0	1	1	1	1	1	1	1	1	1	0	1	1	1	2	1	0	1	0	1	1	0	2	1	2	1	1	2	1	1	2	2	1	1	1	1	1	0	1	1	1	1	1	2	1	2	1	0	0	0	0	0	0	0	0	0	0	0	0	0	2	0	0	1	1	1	1	1	1	1	1	0	1	1	0	0	0	1	0	0	0	0	0	0	0	0	0	0	0	0	0	0	0	1	0	0	0	0	0	0	0	0	0	0	0	0	0	0	0	0	0	0	0
326	0	2	2	2	2	2	2	1	2	2	2	2	2	2	2	2	2	2	0	0	0	1	1	1	0	0	1	0	1	0	1	0	1	1	1	1	0	1	1	1	1	1	1	0	0	1	1	0	1	1	1	1	1	0	1	0	1	0	1	0	0	0	0	0	0	0	1	0	1	0	0	0	1	0	1	0	0	1	0	0	1	1	1	0	1	1	0	2	2	1	2	1	0	1	0	0	0	0	2	2	2	2	2	2	2	0	2	2	1	1	2	0	2	1	2	2	1	1	1	2	2	2	2	1	1	1	1	1	0	0	1	1	1	1	1	1	0	1	1	2	1	0	1	1	1	1	2	0	0	2	0	1	2	1	1	0	1	0	0	0	1	0	0	0	0	0	1	0	0	2	0	0	0	0	0	0	0	0	0	1	0	0	0	0	0	0	0	1	1
327	0	1	1	1	1	1	1	0	1	1	1	1	2	2	2	2	2	2	0	0	0	0	0	0	0	0	0	0	0	0	0	0	0	0	0	0	0	0	0	0	2	0	0	0	0	0	0	0	0	0	0	0	0	0	0	0	1	0	1	0	0	0	0	0	0	0	1	0	1	0	0	0	0	0	1	0	0	1	0	1	1	1	1	0	1	1	0	1	1	1	2	1	0	1	1	1	1	0	2	1	2	2	2	2	2	1	2	2	1	1	2	1	2	1	2	2	1	1	1	2	2	2	2	1	1	1	1	1	0	0	1	1	1	1	1	1	1	1	1	1	1	0	1	1	1	1	0	0	1	2	0	1	1	2	1	0	1	0	0	0	1	0	0	0	0	0	0	0	0	1	0	0	0	0	0	0	0	0	0	1	0	0	0	0	0	0	0	0	0
328	0	0	0	0	0	0	0	0	0	0	0	0	2	2	2	2	2	2	0	0	0	0	0	0	0	0	0	0	0	0	0	0	0	0	0	0	0	0	0	0	2	0	0	0	0	0	0	1	0	0	0	0	0	0	0	0	0	0	0	0	0	0	0	0	0	0	2	0	2	0	0	0	0	0	0	0	0	2	2	2	2	2	2	1	2	2	0	2	2	2	2	2	0	0	0	0	0	0	1	1	2	1	1	2	1	0	2	2	0	0	1	0	1	0	1	1	0	0	0	2	1	2	1	1	1	1	1	1	1	1	1	1	1	1	1	1	1	1	1	2	2	1	2	1	1	1	1	1	2	1	1	1	2	0	1	0	0	1	1	0	1	0	0	0	0	0	0	0	0	2	0	0	0	0	0	0	0	0	0	0	0	0	0	0	0	0	0	0	0
329	0	1	1	1	1	1	1	1	1	1	1	1	2	2	2	2	2	2	0	0	0	1	1	1	0	1	1	0	1	0	1	0	1	1	1	1	1	1	1	1	1	1	1	0	0	1	1	0	1	1	1	1	1	0	1	0	2	0	2	0	0	0	0	0	0	0	0	0	0	0	0	0	0	0	1	0	0	0	0	0	1	0	0	0	0	0	0	1	1	0	2	0	0	2	1	1	1	0	2	2	2	2	2	2	2	1	2	2	2	2	2	1	2	0	2	2	2	2	2	2	2	2	2	0	0	0	0	0	0	0	0	0	0	0	0	0	1	0	0	1	0	0	0	0	0	0	2	0	0	2	0	0	1	1	0	0	0	0	0	0	0	0	0	0	0	0	0	0	0	1	0	0	0	0	0	0	0	0	0	1	0	0	0	0	0	0	0	0	0
330	0	1	1	1	1	1	1	0	1	1	1	1	2	2	2	2	2	2	0	0	0	0	0	0	0	0	0	0	0	0	0	0	0	0	0	0	0	0	0	0	2	0	0	0	0	0	0	0	0	0	0	0	0	0	0	0	0	0	0	0	0	0	0	0	0	0	2	0	2	0	0	0	0	0	1	0	0	2	1	2	2	2	2	1	2	2	0	2	2	2	2	2	0	0	0	0	0	0	1	0	2	1	1	2	1	0	2	2	0	0	1	0	1	0	1	1	0	0	0	2	1	2	1	2	2	2	1	2	1	1	2	2	2	2	2	2	1	2	2	2	2	1	2	2	2	2	0	1	2	2	0	2	2	2	2	0	1	1	1	0	2	0	0	0	0	0	0	0	0	2	0	0	0	0	0	0	0	0	0	0	0	0	0	0	0	0	0	0	0
331	0	1	1	1	1	1	1	1	1	1	1	1	1	2	2	2	2	2	0	0	0	1	1	1	0	1	1	0	1	0	1	0	1	1	1	1	1	1	1	1	1	1	1	0	0	1	1	0	1	1	1	1	1	0	1	0	2	0	2	0	0	0	0	0	0	0	0	0	0	0	0	0	0	0	0	0	0	0	0	0	1	0	0	0	0	0	0	1	1	0	2	0	0	2	1	1	1	0	2	2	2	2	2	2	2	1	2	2	2	2	2	1	2	1	2	2	1	2	2	2	2	2	2	0	0	0	0	0	0	0	0	0	0	0	0	0	0	0	0	1	0	0	0	0	0	0	2	0	1	2	0	0	1	1	0	0	0	0	0	0	0	0	0	0	0	0	0	0	0	1	0	0	0	0	0	0	0	0	0	1	0	0	0	0	0	0	0	0	0
332	1	2	2	2	2	2	2	0	2	2	2	2	2	2	2	2	1	1	1	0	0	0	0	0	0	0	0	0	0	0	0	0	0	0	0	0	0	0	0	0	2	0	0	0	0	0	0	0	0	0	0	0	0	0	0	0	0	0	0	0	0	0	0	0	0	0	1	0	1	0	0	0	0	0	0	0	0	1	0	1	1	1	1	0	1	1	0	1	1	1	1	1	0	1	1	1	1	1	2	1	2	2	2	2	2	1	2	2	1	1	2	1	2	2	2	2	1	1	1	2	2	2	2	1	1	1	0	1	0	0	1	1	1	1	1	1	0	1	1	1	1	0	1	1	1	1	1	1	1	1	0	1	1	1	1	0	0	0	0	0	1	0	0	0	0	0	0	0	0	1	0	0	0	0	0	0	0	0	0	1	0	0	0	0	0	0	0	0	0
333	0	0	0	0	0	0	0	0	0	0	0	0	2	2	2	2	2	2	0	0	0	0	0	0	0	0	0	0	0	0	0	0	0	0	0	0	0	0	0	0	2	0	0	0	0	0	0	0	0	0	0	0	0	0	0	0	1	0	1	0	0	0	0	0	0	0	1	0	1	0	0	0	0	0	0	0	0	1	1	1	1	1	1	1	1	1	0	1	1	1	2	1	0	1	1	1	1	0	1	1	2	1	1	2	1	1	2	2	0	1	1	1	1	1	1	1	1	1	1	2	1	2	1	1	1	1	1	1	1	1	1	1	1	1	1	1	1	1	1	1	1	1	1	1	1	1	0	0	2	2	0	1	1	2	1	0	0	1	1	0	1	0	1	0	0	0	0	0	0	2	0	0	0	0	0	0	0	0	0	0	0	0	1	0	0	0	0	0	0
334	1	1	1	1	1	1	1	0	1	1	1	1	2	2	2	2	2	2	0	0	0	0	0	0	0	0	0	0	0	0	0	0	0	0	0	0	0	0	0	0	2	0	0	0	0	0	0	0	0	0	0	0	0	0	0	0	0	0	0	0	0	0	0	0	0	0	2	0	2	0	0	0	0	0	0	0	0	2	1	2	2	2	2	1	2	2	0	2	2	2	2	2	0	0	0	0	0	0	1	0	2	1	1	2	1	0	2	2	0	0	1	0	1	0	1	1	0	0	0	2	1	2	1	2	2	2	1	2	1	1	2	2	2	2	2	2	1	2	2	2	2	1	2	2	2	2	0	1	2	2	0	2	2	2	2	0	1	1	1	0	2	0	0	0	0	0	0	0	0	2	0	0	0	0	0	0	0	0	0	1	0	0	0	0	0	0	0	0	0
335	0	0	0	0	1	1	0	0	0	0	1	0	2	2	2	2	2	2	0	0	0	0	0	0	0	0	0	0	0	0	0	0	0	0	0	0	0	0	0	0	2	0	0	0	0	0	0	0	0	0	0	0	0	0	0	0	1	1	1	1	0	0	0	0	0	0	0	0	0	0	0	0	0	0	0	0	0	0	0	0	0	0	0	0	0	0	0	0	0	0	1	0	0	2	1	2	2	1	2	2	2	2	2	2	2	2	2	2	2	2	2	2	2	0	2	2	2	2	2	2	2	2	2	0	0	0	0	0	0	0	0	0	0	0	0	0	0	0	0	0	0	0	0	0	0	0	2	0	1	0	0	0	0	0	0	0	0	0	0	0	0	0	0	0	0	0	0	0	0	0	0	0	0	0	0	0	0	0	0	2	0	0	0	0	0	0	0	0	0
336	0	1	1	1	1	1	1	1	1	1	1	1	1	1	1	1	1	1	0	0	0	0	0	0	0	0	0	0	0	0	0	0	0	0	0	0	0	0	0	0	2	0	0	0	0	0	0	0	0	0	0	0	0	0	0	0	0	0	0	0	0	0	0	0	0	0	2	0	2	0	0	0	0	0	0	0	0	2	2	2	2	2	2	2	2	1	0	1	1	1	2	1	0	1	1	1	1	0	1	1	2	1	1	2	1	1	2	2	1	1	1	1	1	1	1	1	1	1	1	2	1	2	1	1	1	1	1	1	1	1	0	1	1	1	1	1	1	1	1	1	1	1	1	1	1	1	1	1	2	2	0	1	1	2	1	0	0	1	1	0	1	0	0	0	0	0	0	0	0	2	0	0	0	0	0	0	0	0	0	0	0	0	0	0	0	0	0	0	0
337	1	1	1	1	1	1	1	0	1	1	1	1	2	2	2	2	2	2	0	0	0	0	0	0	0	0	0	0	0	0	0	0	0	0	0	0	0	0	0	0	2	0	0	0	0	0	0	0	0	0	0	0	0	0	0	0	0	0	0	0	0	0	0	0	0	0	2	0	2	0	0	0	0	0	0	0	0	2	1	2	2	2	2	0	2	2	0	2	2	2	2	2	0	0	0	0	0	0	2	1	2	2	2	2	2	0	2	2	0	0	2	0	2	1	2	2	0	0	0	2	2	2	2	1	1	1	0	1	0	0	1	1	1	1	1	1	0	1	1	2	2	0	2	1	1	1	0	1	1	1	1	1	2	1	1	0	1	0	0	0	1	0	0	0	0	0	0	0	0	1	0	0	0	0	0	0	0	0	0	1	0	0	0	0	0	0	0	0	0
338	0	1	1	1	1	1	1	0	1	1	1	1	2	2	2	2	2	2	0	0	0	0	0	0	0	0	0	0	0	0	0	0	0	0	0	0	0	0	0	0	2	0	0	0	0	0	0	1	0	0	0	0	0	0	0	0	0	0	0	0	0	0	0	0	0	0	2	0	2	0	0	0	0	0	0	0	0	2	1	2	2	2	2	1	2	2	0	2	2	2	2	2	0	0	0	0	0	0	1	1	2	1	1	2	1	0	2	2	0	0	1	0	1	0	1	1	0	0	0	2	1	2	1	2	2	2	1	2	1	1	2	2	2	2	2	2	1	2	2	2	2	1	2	2	2	2	0	1	2	2	0	2	2	2	2	0	1	1	1	0	2	0	0	0	0	0	0	0	0	1	0	0	0	0	0	0	0	0	0	0	0	0	0	0	0	0	0	0	0
339	0	1	1	1	1	1	1	1	1	1	1	1	2	2	2	2	2	2	0	0	0	0	0	0	0	0	0	0	0	0	0	0	0	0	0	0	0	0	0	0	2	0	0	0	0	0	0	0	0	0	0	0	0	0	0	0	0	0	0	0	0	0	0	0	0	0	2	0	2	0	0	0	0	0	0	0	0	2	2	2	2	2	2	1	2	2	0	2	2	2	2	2	0	0	0	0	0	0	1	0	2	1	1	2	1	0	2	2	0	0	1	0	1	0	1	1	0	0	0	2	1	2	1	1	1	1	1	0	0	0	1	1	1	1	1	1	1	1	1	2	2	1	2	1	1	0	2	0	1	1	1	1	2	1	0	0	0	1	1	0	1	0	0	0	0	0	0	0	0	2	0	0	0	0	0	0	0	0	0	0	0	0	1	0	0	1	1	0	0
340	0	0	0	0	0	0	0	0	0	0	0	0	2	2	2	2	2	2	0	0	0	0	0	0	0	0	0	0	0	0	0	0	0	0	0	0	0	0	0	0	2	0	0	0	0	0	0	0	0	0	0	0	0	0	0	0	2	0	2	0	0	0	0	0	0	0	0	0	0	0	0	0	0	0	0	0	0	0	0	0	0	0	0	0	0	0	0	0	0	0	2	0	0	2	2	2	2	0	2	2	2	2	2	2	2	2	2	2	2	2	2	2	2	1	2	2	2	2	2	2	2	2	2	0	0	0	0	0	0	0	0	0	0	0	0	0	1	0	0	0	0	0	0	0	0	0	2	0	2	2	0	0	0	2	0	0	0	0	0	0	0	0	0	0	0	0	0	0	0	2	0	0	0	0	0	0	0	0	0	0	0	0	0	0	0	0	0	1	1
341	0	1	2	1	1	1	1	1	1	1	1	1	2	2	2	2	2	2	1	1	1	2	2	2	1	2	1	1	2	1	2	1	2	2	2	2	2	2	2	2	0	2	2	1	1	2	2	1	2	2	2	2	2	1	2	1	2	1	2	1	1	1	1	1	1	1	1	1	1	1	1	1	1	1	1	1	1	1	1	1	2	1	1	1	1	1	1	2	2	1	2	1	1	1	0	0	0	0	1	1	2	1	1	1	1	0	1	1	1	1	1	1	1	0	1	1	1	1	1	2	1	2	1	1	1	1	1	1	1	1	1	1	1	1	1	1	1	1	1	2	1	1	1	1	1	1	1	1	1	2	0	1	2	1	1	0	0	1	1	1	1	1	1	0	1	1	1	1	1	1	1	0	0	0	0	0	0	0	0	1	0	0	0	0	0	0	0	0	0
342	0	0	0	0	0	0	0	0	0	0	0	0	2	2	2	2	2	2	0	0	0	2	2	2	0	2	1	0	2	0	2	2	2	2	2	2	2	2	2	2	0	2	2	1	1	2	2	1	2	2	2	2	2	1	2	0	2	0	2	0	0	0	0	0	0	0	0	0	0	0	0	0	0	0	1	0	0	0	0	0	0	0	0	0	0	0	0	0	0	0	2	0	0	2	2	2	2	0	2	1	2	2	2	2	2	2	2	2	2	2	2	2	2	0	2	2	2	2	2	2	2	2	2	0	0	0	0	0	0	0	0	0	0	0	0	0	0	0	0	2	0	0	0	0	0	0	2	0	2	0	0	0	2	0	0	0	0	0	0	0	0	0	0	0	0	0	2	0	0	2	0	0	0	0	0	0	0	0	0	0	0	0	0	0	0	0	0	2	0
343	0	2	2	2	2	2	2	1	2	2	2	2	2	2	2	2	1	1	1	0	0	0	0	0	0	0	0	0	0	0	0	0	0	0	0	0	0	0	0	0	2	0	0	0	0	0	0	0	0	0	0	0	0	0	0	0	1	0	1	0	0	0	0	0	0	0	0	0	0	0	0	0	0	0	0	0	0	0	0	0	0	0	0	0	0	0	0	0	0	0	1	0	0	2	2	2	2	1	2	2	2	2	2	2	2	2	2	2	2	2	2	2	2	1	2	2	2	2	2	2	2	2	2	0	0	0	0	0	0	0	0	0	0	0	0	0	1	0	0	0	0	0	0	0	0	0	2	0	1	1	0	0	0	1	0	0	0	0	0	0	0	0	0	0	0	0	0	0	0	1	0	0	0	0	0	0	0	0	0	0	0	0	0	0	0	0	0	0	0
344	0	0	0	0	0	0	0	0	0	0	0	0	2	2	2	2	2	2	0	0	0	0	0	0	0	0	0	0	0	0	0	0	0	0	0	0	0	0	0	0	2	0	0	0	0	0	0	0	0	0	0	0	0	0	0	0	1	0	1	0	0	0	0	0	0	0	1	0	1	0	0	0	0	0	1	0	0	1	1	1	1	1	1	1	1	1	0	1	1	1	2	1	0	1	0	1	1	0	2	1	2	1	1	2	1	1	2	2	1	1	1	1	1	0	1	1	1	1	1	2	1	2	1	0	0	0	0	0	0	0	0	0	0	0	0	0	2	0	0	1	1	1	1	1	1	1	1	1	2	1	0	0	0	1	0	0	0	0	0	0	0	0	0	0	0	0	0	0	0	1	0	0	0	0	0	0	0	0	0	0	0	0	0	0	0	0	0	0	0
345	0	2	2	2	2	2	2	1	2	2	2	2	2	2	2	2	1	1	1	0	0	1	1	1	0	1	1	0	1	0	1	0	1	1	1	1	1	1	1	1	1	1	1	0	0	1	1	0	1	1	1	1	1	0	1	0	1	0	1	0	0	0	0	0	0	0	0	0	0	0	0	0	0	0	0	0	0	0	0	0	1	0	0	0	0	0	0	1	0	0	1	0	0	2	1	1	1	1	2	2	2	2	2	2	2	1	2	2	2	2	2	2	2	1	2	2	2	2	2	2	2	2	2	0	0	0	0	0	0	0	0	0	0	0	0	0	0	0	0	1	0	0	0	0	0	0	1	0	0	1	0	0	1	0	0	0	0	0	0	0	0	0	0	0	0	0	1	0	0	1	0	0	0	0	0	0	0	0	0	0	0	0	0	0	0	0	0	1	1
346	0	1	1	1	1	1	1	1	1	1	1	1	2	2	2	2	2	2	0	0	0	1	1	1	0	1	1	0	1	0	1	0	1	1	1	1	1	1	1	1	1	1	1	0	0	1	1	0	1	1	1	1	1	0	1	0	2	0	2	0	0	0	0	0	0	0	0	0	0	0	0	0	0	0	0	0	0	0	0	0	1	0	0	0	0	0	0	1	1	0	2	0	0	2	1	1	1	0	2	2	2	2	2	2	2	1	2	2	2	2	2	2	2	1	2	2	2	2	2	2	2	2	2	0	0	0	0	0	0	0	0	0	0	0	0	0	0	0	0	1	0	0	0	0	0	0	2	0	1	2	0	0	1	1	0	0	0	0	0	0	0	0	0	0	0	0	1	0	0	2	0	0	0	0	0	0	0	0	0	0	0	0	0	0	0	0	0	1	1
347	0	0	0	0	0	0	0	1	0	0	0	0	1	1	1	1	1	1	1	1	1	1	1	1	1	1	1	1	1	1	1	1	1	1	1	1	1	1	1	1	1	1	1	1	1	1	1	1	1	1	1	1	1	1	1	1	1	1	1	1	1	1	1	1	1	1	2	1	1	1	1	1	2	1	0	1	1	2	2	2	2	2	2	2	2	2	1	2	2	2	2	2	1	0	0	0	0	0	0	0	2	0	0	1	0	0	1	1	0	0	0	0	0	0	0	0	0	0	0	1	0	1	0	2	2	2	1	2	2	2	1	2	2	2	2	2	2	2	2	2	2	2	2	2	2	2	0	1	2	2	0	2	2	2	2	1	1	2	2	1	2	1	1	0	1	1	1	1	1	2	1	1	1	1	1	1	1	1	1	1	1	1	1	1	1	2	2	1	1
348	0	0	0	0	0	0	0	0	0	0	0	0	2	2	2	2	2	2	0	0	0	0	0	0	0	0	0	0	0	0	0	0	0	0	0	0	0	0	0	0	2	0	0	0	0	0	0	0	0	0	0	0	0	0	0	0	0	0	0	0	0	0	0	0	0	0	2	0	2	0	0	0	0	0	0	0	0	2	2	2	2	2	2	2	2	2	0	2	2	2	2	2	0	0	0	0	0	0	0	0	2	0	0	2	0	0	2	2	0	0	1	0	0	1	0	0	0	0	0	2	1	2	0	2	2	2	1	2	2	2	2	1	2	2	2	2	2	2	2	2	2	2	2	2	2	2	0	1	1	1	0	1	1	1	1	0	0	1	1	0	1	0	0	0	0	0	1	0	0	2	0	0	0	0	0	0	0	0	0	0	0	0	0	0	0	0	0	1	1
349	0	1	1	1	1	1	1	1	1	1	1	1	2	2	2	2	2	2	1	0	0	1	1	1	0	1	1	0	1	0	1	0	1	1	1	1	0	1	1	1	1	1	1	0	0	1	1	0	1	1	1	1	0	0	1	0	1	0	1	0	0	0	0	0	0	0	1	0	0	0	0	0	0	0	0	0	0	1	1	1	2	1	1	0	1	1	0	2	1	1	2	1	0	1	0	0	0	0	1	1	2	1	1	2	2	0	2	2	1	1	2	1	1	0	1	1	1	1	1	2	2	2	1	1	1	1	1	1	1	0	1	1	1	1	1	1	0	1	1	2	1	1	1	1	1	0	2	1	1	2	0	1	2	1	1	0	1	0	0	0	1	0	1	0	0	0	2	0	0	2	0	1	1	0	0	1	0	0	0	1	0	0	0	0	1	1	1	1	1
350	0	1	1	1	1	1	1	1	1	1	1	1	2	2	2	2	2	2	0	0	0	1	1	1	0	1	1	0	1	0	1	0	1	1	1	1	1	1	1	1	1	1	1	0	0	1	1	0	1	1	1	1	1	0	1	0	2	0	2	0	0	0	0	0	0	0	0	0	0	0	0	0	0	0	0	0	0	0	0	0	1	0	0	0	0	0	0	1	1	0	2	0	0	2	1	1	1	0	2	2	2	2	2	2	2	1	2	2	2	2	2	2	2	1	2	2	2	1	2	2	2	2	2	0	0	0	0	0	0	0	0	0	0	0	0	0	0	0	0	1	0	0	0	0	0	0	2	0	1	2	0	0	1	1	0	0	0	0	0	0	0	0	0	0	0	0	0	0	0	1	0	0	0	0	0	0	0	0	0	1	0	0	0	0	0	0	0	0	0
351	0	2	2	2	2	2	2	1	2	2	2	2	2	2	2	2	1	1	1	0	0	0	0	0	0	0	0	0	0	0	0	0	0	0	0	0	0	0	0	0	2	0	0	0	0	0	0	0	0	0	0	0	0	0	0	0	0	0	0	0	0	0	0	0	0	0	0	0	0	0	0	0	0	0	0	0	0	0	0	0	0	0	0	0	0	0	0	0	0	0	0	0	0	2	2	2	2	2	2	1	2	2	2	2	2	2	2	2	2	2	2	2	2	1	2	2	2	2	2	2	2	2	2	0	0	0	0	0	0	0	0	0	0	0	0	0	0	0	0	0	0	0	0	0	0	0	2	0	0	0	0	0	0	0	0	0	0	0	0	0	0	0	0	0	0	0	0	0	0	0	0	0	0	0	0	0	0	0	0	1	0	0	0	0	0	0	0	1	1
352	0	0	0	0	0	0	0	0	0	0	0	0	2	2	2	2	2	2	0	0	0	0	0	0	0	0	0	0	0	0	0	0	0	0	0	0	0	0	0	0	2	0	0	0	0	0	0	0	0	0	0	0	0	0	0	0	0	0	0	0	1	0	0	0	0	0	2	0	2	0	0	0	0	0	1	0	0	2	1	1	1	1	1	1	1	1	0	1	1	1	2	1	0	1	1	1	1	0	1	1	2	1	1	2	1	1	2	2	1	1	1	1	1	0	1	1	1	1	1	2	1	2	1	1	1	1	1	1	1	1	0	1	1	1	1	1	1	1	1	1	1	1	1	1	1	1	1	0	1	1	0	1	1	1	1	0	0	1	1	0	1	0	0	0	0	0	0	0	0	2	0	0	0	0	0	0	0	0	0	0	0	0	0	0	0	0	0	0	0
353	0	1	1	1	1	1	1	1	1	1	1	1	1	2	2	2	2	2	0	0	0	0	0	0	0	0	1	0	0	0	0	0	0	0	0	0	0	0	0	0	1	0	0	0	0	0	0	0	0	0	0	0	0	0	0	0	0	0	0	0	0	0	0	0	0	0	2	0	2	0	0	0	0	0	0	0	0	2	1	2	2	2	2	0	2	2	0	2	2	2	2	2	0	0	0	0	0	0	2	0	2	2	2	2	2	0	2	2	0	0	2	0	2	0	2	2	0	0	0	2	2	2	2	1	1	1	1	0	0	0	1	1	1	1	1	1	0	1	1	2	2	0	2	1	1	1	0	1	2	1	1	1	2	1	1	0	1	0	0	0	1	0	0	0	0	0	0	0	0	1	0	0	0	0	0	0	0	0	0	1	0	0	0	1	1	1	1	1	1
354	1	1	1	1	1	1	1	1	1	1	1	1	2	2	2	2	2	2	0	0	0	2	1	2	0	1	1	0	2	1	2	1	2	2	2	2	1	2	1	2	1	2	2	0	1	1	2	0	2	2	2	1	1	1	2	0	2	0	2	0	0	0	0	0	0	0	0	0	0	0	0	0	0	0	0	0	0	0	0	0	2	0	0	0	0	0	0	2	1	1	2	1	0	1	0	0	0	0	1	1	2	1	1	2	1	0	2	2	1	1	1	0	1	0	1	1	1	1	1	2	1	2	1	1	1	1	1	1	1	1	1	1	1	1	1	1	1	1	1	2	1	1	1	1	1	1	0	0	1	2	0	1	2	1	1	0	0	1	1	0	1	0	0	0	0	0	1	0	1	2	1	1	1	1	1	1	1	1	1	1	1	1	1	1	1	1	1	2	1
355	0	2	2	2	2	2	2	2	2	2	2	2	2	2	2	2	2	2	0	0	0	1	1	1	0	1	1	0	1	0	1	1	1	1	1	1	1	1	1	1	1	1	1	0	0	1	1	0	1	1	1	1	1	0	1	1	1	1	1	1	0	0	0	0	0	0	1	0	1	0	0	0	0	0	0	0	0	1	1	1	1	1	1	0	1	1	0	1	1	1	2	1	0	1	1	1	1	0	2	1	2	2	2	2	2	1	2	2	1	1	2	1	2	0	2	2	1	1	1	2	2	2	2	0	0	0	0	0	0	0	0	0	0	0	0	0	0	0	0	2	1	0	1	0	0	0	2	1	2	0	1	0	2	0	0	0	0	0	1	1	1	1	1	0	1	1	1	1	1	2	1	1	1	1	1	1	1	1	1	1	1	1	1	1	1	1	1	1	1
356	0	0	0	0	0	0	0	0	0	0	0	0	1	1	1	1	1	1	1	1	1	1	1	1	0	1	1	1	1	1	1	1	1	1	1	1	1	1	1	1	1	1	1	0	1	1	1	1	1	1	1	1	1	1	1	0	1	1	1	1	1	1	1	1	1	1	2	1	2	1	1	1	1	1	1	1	1	2	2	2	2	2	2	1	2	2	1	2	2	2	2	2	0	0	0	0	0	0	1	0	2	1	1	1	1	0	1	1	0	0	1	0	1	0	1	1	0	0	0	1	1	1	1	1	1	1	1	1	1	1	1	1	1	1	1	1	1	1	1	2	2	1	2	1	1	1	1	2	2	1	1	1	2	1	1	1	1	0	1	0	1	0	1	0	1	1	1	1	1	2	1	1	1	1	1	1	1	1	1	1	1	0	1	1	1	1	1	0	0
357	0	1	1	1	1	1	1	1	1	1	1	1	2	2	2	2	2	2	0	0	0	1	1	1	0	1	1	0	1	0	1	0	1	1	1	1	1	1	1	1	1	1	1	0	0	1	1	0	1	1	1	1	1	0	1	0	2	0	2	0	0	0	0	0	0	0	0	0	0	0	0	0	0	0	0	0	0	0	0	0	1	0	0	0	0	0	0	1	1	0	2	0	0	2	1	1	1	0	2	2	2	2	2	2	2	1	2	2	2	2	2	2	2	1	2	2	2	1	2	2	2	2	2	0	0	0	0	0	0	0	0	0	0	0	0	0	0	0	0	1	0	0	0	0	0	0	2	0	1	2	0	0	1	1	0	0	0	0	0	0	0	0	0	0	0	0	0	0	0	1	0	0	0	0	0	0	0	0	0	1	0	0	0	0	0	0	0	0	0
358	0	0	0	0	0	0	0	0	0	0	0	0	2	2	2	2	2	2	0	0	0	0	0	0	0	0	0	0	0	0	0	0	0	0	0	0	0	0	0	0	2	0	0	0	0	0	0	0	0	0	0	0	0	0	0	0	2	0	2	0	0	0	0	0	0	0	0	0	0	0	0	0	0	0	0	0	0	0	0	0	0	0	0	0	0	0	0	0	0	0	2	0	0	2	2	2	2	0	2	2	2	2	2	2	2	2	2	2	2	2	2	2	2	1	2	2	1	1	1	2	2	2	2	0	0	0	0	0	0	0	0	0	0	0	0	0	0	0	0	0	0	0	0	0	0	0	2	0	2	2	0	0	0	2	0	0	0	0	0	0	0	0	0	0	0	0	0	0	0	1	0	0	0	0	0	0	0	0	0	0	0	0	0	0	0	0	0	0	0
359	0	1	1	1	1	1	1	0	1	1	1	1	2	2	2	2	2	2	0	0	0	0	0	0	0	0	0	0	0	0	0	0	0	0	0	0	0	0	0	0	2	0	0	0	0	0	0	0	0	0	0	0	0	0	0	0	0	0	0	0	0	0	0	0	0	0	2	0	1	0	0	0	0	0	0	0	0	2	1	2	2	2	2	1	2	2	0	1	2	2	2	2	0	0	1	0	0	0	2	0	2	1	1	2	1	0	2	2	0	0	1	0	1	0	1	1	0	0	0	2	1	2	1	2	2	2	2	2	0	0	1	2	2	2	2	2	0	2	2	2	2	0	2	2	2	2	0	2	1	1	0	1	1	1	1	0	1	0	0	0	1	0	0	0	0	0	0	0	0	0	0	0	0	0	0	0	0	0	0	1	0	0	0	0	0	0	0	0	0
360	0	1	1	1	1	1	1	0	1	1	1	1	2	2	2	2	2	2	0	0	0	0	0	0	0	0	0	0	0	0	0	0	0	0	0	0	0	0	0	0	2	0	0	0	0	0	0	0	0	0	0	0	0	0	0	0	0	0	0	0	0	0	0	0	0	0	2	0	1	0	0	0	0	0	0	0	0	2	1	2	2	2	2	1	2	2	0	2	2	2	2	2	0	0	0	0	0	0	1	0	2	1	1	2	1	0	2	2	0	0	1	0	1	0	1	1	0	0	0	2	1	2	1	2	2	2	1	2	1	1	1	2	2	2	2	2	1	2	2	2	2	1	2	2	2	1	0	2	2	2	0	2	2	2	2	0	0	1	1	0	2	0	0	0	0	0	0	0	0	2	0	0	0	0	0	0	0	0	0	0	0	0	0	0	0	0	0	0	0
361	0	1	1	1	1	1	1	1	1	1	1	1	2	2	2	2	1	1	1	0	0	0	0	0	0	0	0	0	0	0	0	0	0	0	0	0	0	0	0	0	2	0	0	0	0	0	0	0	0	0	0	0	0	0	0	0	0	0	0	0	0	0	0	0	0	0	1	0	1	0	0	0	0	0	0	0	0	1	1	1	1	1	1	0	1	1	0	1	1	1	1	1	0	1	1	1	1	1	2	1	2	2	2	2	2	1	2	2	1	1	2	1	2	1	2	2	1	1	1	2	2	2	2	0	0	0	0	1	0	0	0	0	0	0	0	0	0	0	0	1	1	0	1	0	0	0	2	1	1	0	1	0	1	0	0	0	0	0	0	0	0	0	0	0	0	0	0	0	0	1	0	0	0	0	0	0	0	0	0	0	0	0	0	0	0	0	0	0	0
362	0	0	0	0	0	0	0	0	0	0	0	0	2	2	2	2	2	2	0	0	0	0	0	0	0	0	0	0	0	0	0	0	0	0	0	0	0	0	0	0	2	0	0	0	0	0	0	0	0	0	0	0	0	0	0	0	1	0	1	0	0	0	0	0	0	0	1	0	1	0	0	0	0	0	0	0	0	1	1	1	1	1	1	1	1	1	0	1	1	1	2	1	0	1	1	1	1	0	1	1	2	1	1	2	1	1	2	2	1	1	2	1	1	2	1	1	1	1	1	2	2	2	1	0	0	0	0	0	0	0	0	0	0	0	0	0	0	0	0	1	1	1	1	1	1	1	1	1	1	1	0	0	0	1	0	0	0	0	0	0	0	0	0	0	0	0	0	0	0	1	0	0	0	0	0	0	0	0	0	0	0	0	0	0	0	0	0	0	0
363	1	2	2	2	2	2	2	1	2	2	2	2	2	2	2	2	2	2	0	0	0	1	1	1	0	1	1	0	1	0	1	0	1	1	1	1	1	1	1	1	1	1	1	0	0	1	1	0	1	1	1	1	1	0	1	0	1	0	1	0	0	0	0	0	0	0	1	0	1	0	0	0	0	0	0	0	0	1	0	1	2	1	1	0	1	1	0	2	2	1	2	1	0	1	0	0	0	0	2	0	2	2	2	2	2	0	2	2	0	0	2	0	2	0	2	2	0	0	1	2	2	2	2	2	2	2	1	2	0	0	2	1	2	2	2	2	0	2	2	2	2	0	2	2	2	2	0	2	2	2	0	2	2	2	2	0	2	0	0	0	2	0	0	0	0	0	0	0	0	2	0	0	0	0	0	0	0	0	0	2	0	0	0	0	0	0	0	0	0
364	0	0	0	0	0	0	0	0	0	0	0	0	1	1	1	1	1	1	0	0	0	0	0	0	0	0	0	0	0	0	0	0	0	0	0	0	0	0	0	0	2	0	0	0	0	0	0	0	0	0	0	0	0	0	0	0	0	0	0	0	0	0	0	0	0	0	2	0	1	0	0	0	0	0	0	0	0	2	2	2	2	2	2	1	2	2	0	2	2	2	2	2	0	0	1	0	0	0	0	0	2	0	0	2	1	0	2	2	0	0	1	0	0	0	0	0	0	0	0	2	1	2	0	2	2	2	1	2	2	1	2	2	2	2	2	2	1	2	2	2	2	2	2	2	2	1	1	2	1	2	0	2	2	2	2	0	1	1	1	0	2	0	1	0	0	0	1	0	0	2	0	1	1	0	0	1	0	0	0	1	0	0	0	0	1	1	1	0	0
365	0	0	0	0	0	0	0	0	0	0	0	0	2	2	2	2	2	2	0	0	0	1	1	1	0	1	1	0	1	0	1	1	1	1	1	1	1	1	1	1	1	1	1	0	0	1	1	0	1	1	1	1	1	0	1	1	2	1	2	1	0	0	0	0	0	0	0	0	0	0	0	0	0	0	0	0	0	0	0	0	0	0	0	0	0	0	0	0	0	0	2	0	0	2	2	2	2	0	2	1	2	2	2	2	2	2	2	2	2	2	2	2	2	1	2	2	2	2	2	2	2	2	2	0	0	0	0	0	0	0	0	0	0	0	0	0	0	0	0	1	0	0	0	0	0	0	2	0	2	1	0	0	1	1	0	0	0	0	1	1	1	1	1	0	1	1	1	1	1	2	1	1	1	1	1	1	1	1	1	1	1	1	1	1	1	1	1	1	1
366	0	1	1	1	1	1	1	1	1	1	1	1	2	2	2	2	2	2	0	0	0	1	1	1	0	2	1	0	1	0	0	0	0	0	0	0	0	0	0	0	2	0	0	0	0	0	0	0	0	0	0	0	0	0	0	0	2	0	2	0	0	0	0	0	0	0	0	0	0	0	0	0	0	0	0	0	0	0	0	0	0	0	0	0	0	0	0	0	0	0	2	0	0	2	1	2	2	0	2	2	2	2	2	2	2	2	2	2	2	2	2	2	2	0	2	2	2	2	2	2	2	2	2	0	0	0	0	0	0	0	0	0	0	0	0	0	0	0	0	0	0	0	0	0	0	0	2	0	2	2	0	0	0	2	0	0	0	0	0	0	0	0	0	0	0	0	0	0	0	1	0	0	0	0	0	0	0	0	0	0	0	0	0	0	0	0	0	0	0
367	0	0	0	0	0	0	0	0	0	0	0	0	2	2	2	2	2	2	0	0	0	0	0	0	0	0	0	0	0	0	0	0	0	0	0	0	0	0	0	0	2	0	0	0	0	0	0	0	0	0	0	0	0	0	0	0	1	0	1	0	0	0	0	0	0	0	1	0	1	0	0	0	0	0	0	0	0	1	1	1	1	1	1	1	1	1	0	1	1	1	2	1	0	1	1	1	1	0	1	1	2	1	1	2	1	1	2	2	1	1	1	1	1	0	1	1	1	1	1	2	1	2	1	1	1	1	1	1	1	1	1	1	1	1	1	1	2	1	1	1	2	1	1	1	1	1	1	0	2	2	0	1	1	2	1	0	0	1	1	0	1	0	0	0	0	0	0	0	0	2	0	0	0	0	0	0	0	0	0	0	0	0	0	0	0	0	0	0	0
368	0	0	0	0	0	0	0	0	0	0	0	0	2	2	2	2	2	2	0	0	0	0	0	0	0	0	0	0	0	0	0	0	0	0	0	0	0	0	0	0	2	0	0	0	0	0	0	0	0	0	0	0	0	0	0	0	1	0	1	0	0	0	0	0	0	0	0	0	0	0	0	0	0	0	0	0	0	0	0	0	0	0	0	0	0	0	0	0	0	0	1	0	0	2	1	2	2	1	2	2	2	2	2	2	2	2	2	2	2	2	2	2	2	2	2	2	2	2	2	2	2	2	2	0	0	0	0	0	0	0	0	0	0	0	0	0	0	0	0	0	0	0	0	0	0	0	2	0	1	1	0	0	0	1	0	0	0	0	0	0	0	0	0	0	0	0	0	0	0	2	0	0	0	0	0	0	0	0	0	0	0	0	0	0	0	0	0	0	0
369	0	0	0	0	0	0	0	0	0	0	0	0	2	2	2	2	2	2	0	0	0	1	1	1	0	1	1	0	1	0	1	1	1	1	1	1	1	1	1	1	1	1	1	0	0	1	1	0	1	1	1	1	1	0	1	0	2	0	2	0	0	0	0	0	0	0	0	0	0	0	0	0	0	0	0	0	0	0	0	0	0	0	0	0	0	0	0	0	0	0	2	0	0	2	2	2	2	0	2	2	2	2	2	2	2	2	2	2	2	2	2	2	2	1	2	2	2	2	2	2	2	2	2	0	0	0	0	0	0	0	0	0	0	0	0	0	1	0	0	1	0	0	0	0	0	0	2	0	2	1	0	0	1	1	0	0	0	0	0	0	0	0	0	0	0	0	1	0	0	2	0	0	0	0	0	0	0	0	0	0	0	0	0	0	0	0	0	1	0
370	0	2	2	1	2	2	2	2	1	1	2	2	2	2	2	2	2	2	0	0	0	2	2	2	0	2	2	0	2	0	2	1	2	2	2	2	2	2	2	2	1	2	2	0	0	1	2	0	2	2	2	1	2	0	2	0	2	0	2	0	0	0	0	0	0	0	0	0	0	0	0	0	0	0	0	0	0	0	0	0	1	0	0	0	0	0	0	1	1	0	2	0	0	2	1	0	1	0	2	2	2	2	2	2	2	1	2	2	2	2	2	2	2	0	2	2	2	1	2	2	2	2	2	0	0	0	0	0	0	0	0	0	0	0	0	0	0	0	0	2	0	0	0	0	0	0	2	0	1	1	0	0	2	0	0	0	0	0	0	0	0	0	0	0	0	0	1	0	0	1	0	0	0	0	0	0	0	0	0	1	0	0	0	0	0	0	0	1	0
371	0	0	0	0	0	0	0	0	0	0	0	0	2	2	2	2	2	2	0	0	0	0	0	0	0	0	0	0	0	0	0	0	0	0	0	0	0	0	0	0	2	0	0	0	0	0	0	0	0	0	0	0	0	0	0	0	1	0	1	0	0	0	0	0	0	0	1	0	1	0	0	0	0	0	0	0	0	1	1	1	1	1	1	1	1	1	0	1	1	1	2	1	0	1	1	1	1	0	1	1	2	1	1	2	1	1	2	2	1	1	2	1	1	1	1	1	1	1	1	2	2	2	1	0	0	0	0	0	0	0	0	0	0	0	0	0	0	0	0	1	1	1	1	1	1	1	1	1	1	1	0	0	0	1	0	0	0	0	0	0	0	0	0	0	0	0	0	0	0	0	0	0	0	0	0	0	0	0	0	0	0	0	0	0	0	0	0	0	0
372	0	0	1	0	0	0	0	0	0	0	0	0	2	2	2	2	2	2	1	1	1	1	1	1	1	1	1	1	1	1	1	1	1	1	1	1	1	1	1	1	1	1	1	1	1	1	1	1	1	1	1	1	1	1	1	1	1	1	1	1	1	1	1	1	1	1	2	1	2	1	1	1	1	1	1	1	1	2	2	2	2	2	2	2	2	2	1	2	2	2	2	2	1	0	0	0	0	0	0	0	2	0	0	1	0	0	1	1	0	0	0	0	0	0	0	0	0	0	0	2	0	2	0	2	2	2	1	2	2	2	1	2	2	2	2	2	2	2	2	2	2	2	2	2	2	2	0	2	2	2	0	2	2	2	2	0	0	2	2	1	2	1	1	0	1	1	1	1	1	2	1	0	0	0	0	0	0	0	0	0	0	0	0	0	0	0	0	0	0
