29	2	1	1	1	2	0	1	1	1	2	1	1	2	2	2	0	0	2	2	2	2	2	2	2	2	2	2	2	2	2	2	2	2	2	2	2	2	2	2	2	2	2	2	2	2	2	2	2	2	2	2	2	2	2	2	2	2	2	2	2	2	2	2	0	2	2	2	2	2	1	1	1	1	0	1	1	1	0	1	1	1	2	2	2	2	2	2	2	2	2	2	2	2	2	0	0	0	0	2	2	0	0	1	2	0	0	0	2	0	2	2	2	2	2	0	2	2	2	2	0	2	0	2	2	2	0	2	0	2	2	0	2	0	0	0	2	0	2	0	0	2	0	0	2	1	2	2	2	2	0	2	0	0	2	2	2	2	2	0	0	0	0	0	1	0	0	0	1	1	1	1	0	0	0	0	1	0	0	0
30	2	0	2	2	2	0	2	2	2	2	2	2	2	2	2	0	0	2	2	2	2	2	2	2	2	2	2	2	2	2	2	2	2	2	2	2	2	2	2	2	2	2	2	2	1	2	2	2	2	2	2	2	2	2	2	2	2	2	2	2	2	2	2	0	2	2	2	2	2	2	2	1	1	1	2	2	2	2	2	2	2	2	2	2	2	2	2	2	2	2	2	2	2	2	0	0	0	0	2	2	0	0	0	2	0	0	0	2	0	2	2	2	2	2	0	2	2	2	2	0	2	0	2	2	2	0	2	0	2	2	0	2	0	0	0	2	0	2	0	0	2	0	0	2	2	2	2	2	2	0	2	0	0	2	2	2	2	2	1	1	1	1	1	2	1	1	1	2	1	1	1	0	0	0	0	1	0	0	0
31	2	0	2	1	2	0	2	2	1	1	1	1	2	2	2	0	0	2	2	2	2	2	2	1	2	2	1	2	2	1	1	2	1	1	2	2	2	2	2	2	2	1	1	2	2	2	2	1	2	2	2	2	2	2	2	2	2	2	2	2	2	2	2	0	2	2	2	2	2	2	2	1	1	2	2	2	2	2	2	2	2	2	1	2	2	2	1	2	2	2	2	2	1	1	0	0	0	0	1	1	0	0	0	1	0	0	1	1	0	1	1	2	1	1	0	2	2	2	2	0	2	0	2	2	2	0	2	0	2	2	0	2	0	0	0	1	0	1	0	0	1	0	0	1	1	1	1	1	1	0	1	0	0	1	1	1	1	1	0	0	0	0	0	2	0	0	0	0	0	0	0	1	0	0	0	0	0	0	0
32	2	1	1	2	2	0	2	2	2	2	2	2	2	2	2	0	0	2	2	2	2	2	2	2	2	2	2	2	2	2	2	2	2	2	2	2	2	2	2	2	2	2	2	2	2	2	2	2	2	2	2	2	2	2	2	2	2	2	2	2	2	2	2	0	2	2	2	2	2	2	2	2	2	2	2	2	2	2	2	2	2	2	2	2	2	2	2	2	2	2	2	2	2	2	0	0	0	0	2	2	0	0	0	2	0	0	0	2	0	2	2	2	2	2	0	2	2	2	2	0	2	0	2	2	2	0	2	0	2	2	0	2	0	0	0	1	0	2	0	0	2	0	0	2	2	2	2	2	2	0	2	0	0	2	2	2	2	2	0	0	0	0	0	2	0	0	0	1	0	0	0	0	0	0	0	0	0	0	0
33	2	0	2	2	2	0	2	2	2	2	2	2	2	2	2	0	0	2	2	2	2	2	2	2	2	2	2	2	2	2	2	2	2	2	2	2	2	2	2	2	2	2	2	2	2	2	2	2	2	2	2	2	2	2	2	2	2	2	2	2	2	2	2	0	1	2	2	2	2	2	2	2	1	2	2	2	2	2	1	2	2	2	2	2	2	2	2	2	1	1	1	2	1	1	0	0	0	1	2	1	0	0	0	1	0	0	0	2	0	2	2	2	2	2	0	2	2	2	2	0	2	0	2	2	2	0	2	0	2	2	0	2	0	0	0	2	0	1	0	0	2	0	0	2	2	2	2	2	2	0	2	0	0	2	2	2	2	2	0	1	0	0	0	2	0	0	0	0	0	0	0	0	0	0	0	0	0	0	1
34	2	2	0	1	1	0	1	1	1	1	1	1	1	1	1	0	0	1	1	1	1	1	1	1	1	1	1	1	1	1	1	1	1	1	1	1	1	1	1	1	1	1	1	1	1	1	2	1	1	1	1	1	1	1	1	1	1	1	1	1	1	1	1	0	1	1	1	1	1	0	0	0	0	0	0	0	0	0	0	0	0	1	1	1	1	1	1	1	1	1	1	1	1	1	1	1	1	1	1	1	1	1	1	1	1	1	1	1	1	1	1	1	1	1	1	1	1	1	1	1	1	1	1	1	1	1	1	1	1	1	1	1	1	1	1	1	1	2	1	1	1	0	1	1	1	1	1	1	1	1	1	1	1	2	2	2	2	2	1	0	1	1	1	2	1	1	1	2	2	2	2	1	1	1	1	2	1	1	1
35	2	0	2	2	2	0	2	2	2	1	2	2	2	2	2	0	0	2	2	2	2	2	2	2	2	2	2	2	2	2	2	2	2	2	2	2	2	2	2	2	2	2	2	2	2	2	2	2	2	2	2	2	2	2	2	2	2	2	2	2	2	2	2	0	2	2	2	2	2	0	2	1	1	2	2	2	2	2	2	2	2	2	2	2	2	2	2	2	2	2	2	2	2	2	0	0	0	0	2	2	0	0	0	2	0	0	0	2	0	2	2	2	2	2	0	2	2	2	2	0	2	0	2	2	2	0	2	0	2	2	0	2	0	0	0	2	0	2	0	0	2	0	0	2	2	2	2	2	2	0	2	0	0	2	2	2	2	2	0	0	0	0	0	2	0	0	0	2	2	2	2	1	1	0	0	2	0	0	0
36	2	0	2	1	2	0	1	1	1	2	2	1	2	2	1	0	0	2	2	2	1	2	2	2	2	1	2	2	1	1	1	1	1	1	1	1	1	2	1	1	1	1	1	1	0	1	1	1	1	1	1	1	1	1	1	1	1	1	1	1	2	1	1	1	1	1	1	1	1	0	0	1	1	1	1	1	1	1	1	1	1	1	1	1	1	2	1	2	1	1	1	1	1	1	0	1	1	1	2	2	0	0	0	1	0	0	0	2	0	2	2	2	1	1	0	2	2	2	2	0	2	0	1	1	2	0	2	0	2	2	1	1	1	0	0	2	0	2	0	0	2	0	1	0	1	1	1	1	1	0	1	1	0	2	1	1	2	2	1	1	1	1	2	2	1	2	2	2	1	2	2	0	2	0	0	1	0	0	0
37	2	0	2	2	2	0	2	2	2	2	2	1	2	2	2	0	0	2	2	2	2	2	2	2	1	2	2	2	2	2	2	2	2	2	2	2	2	2	2	2	2	2	2	2	2	2	2	2	2	2	2	2	2	2	2	2	2	2	2	2	2	2	2	0	2	2	2	2	2	1	1	1	1	1	1	1	1	1	1	1	1	2	2	2	2	2	2	2	2	2	2	2	2	2	0	0	0	0	2	2	0	0	0	2	0	0	0	2	0	2	2	2	2	2	0	2	2	2	2	0	2	0	2	2	2	0	2	0	2	2	0	2	0	0	0	2	0	2	0	0	2	0	0	2	2	2	2	2	2	0	2	0	0	1	1	1	1	1	0	0	0	0	0	1	0	1	0	1	1	1	1	0	1	0	0	1	0	0	0
38	2	1	1	2	2	0	2	2	2	2	2	2	2	2	2	0	0	2	2	2	2	2	2	2	2	2	2	2	2	2	2	2	2	2	2	2	2	2	2	2	2	2	2	2	2	2	2	2	2	2	2	2	2	2	2	2	2	2	2	2	2	2	2	0	2	2	2	2	2	2	2	2	2	1	2	2	2	1	2	2	2	2	2	2	2	2	2	2	2	2	2	2	2	2	0	0	0	0	2	2	0	0	0	2	0	0	0	2	0	2	2	2	2	2	0	2	2	2	2	0	1	0	2	2	2	0	2	0	2	2	0	2	0	0	0	2	0	2	0	0	2	0	0	2	2	2	2	2	2	0	2	0	0	1	1	1	1	1	0	1	0	0	0	1	0	1	0	2	1	1	1	0	1	0	0	1	0	0	0
39	2	1	1	2	2	0	2	2	2	2	2	2	2	2	2	0	0	2	2	2	2	2	2	2	2	2	2	2	2	2	2	2	2	2	2	2	2	2	2	2	2	2	2	2	2	2	2	2	2	2	1	2	2	2	2	2	2	2	2	2	2	2	2	0	2	2	2	2	2	1	2	2	2	2	2	2	2	2	2	2	2	2	2	2	2	2	2	2	2	2	2	2	2	2	0	0	0	0	2	2	0	0	0	2	0	0	0	2	0	2	2	2	2	2	0	2	2	2	2	0	2	0	2	2	2	0	2	0	2	2	0	2	0	0	0	2	0	2	0	0	2	0	0	2	2	2	2	2	2	0	2	0	0	2	2	2	2	2	0	0	0	0	0	2	0	0	0	1	0	0	0	0	0	0	0	0	0	1	1
40	2	0	2	1	2	0	1	1	1	2	1	2	2	2	2	0	0	2	2	2	2	2	2	2	2	2	2	2	2	2	2	2	2	2	2	2	2	2	2	2	2	2	2	2	2	2	2	2	2	2	2	2	2	2	2	2	2	2	2	2	2	2	2	0	2	2	2	2	2	1	2	2	2	1	2	2	2	2	2	2	2	2	2	2	2	2	2	2	2	2	2	2	2	2	0	0	0	0	2	2	0	0	0	2	0	0	0	2	0	2	2	2	2	2	0	2	2	2	1	0	2	0	2	2	2	0	2	0	2	2	0	2	0	0	0	2	0	2	0	0	2	0	0	2	2	2	2	2	2	0	2	0	0	2	2	2	2	2	0	1	0	0	1	2	0	1	1	1	0	1	1	1	0	0	0	1	0	0	0
296	2	0	1	2	2	0	2	2	2	2	2	2	2	2	2	0	0	2	2	2	2	2	2	2	2	2	2	2	2	2	2	2	2	2	2	2	2	2	2	2	2	2	2	2	2	2	2	2	2	2	2	2	2	2	2	2	2	2	2	2	2	2	2	0	2	2	2	2	2	2	0	2	2	2	2	2	2	2	2	2	2	2	2	2	2	2	2	2	2	2	2	2	2	2	0	0	0	0	2	2	0	0	0	2	0	0	0	2	0	2	2	2	2	2	0	2	1	2	2	0	1	0	2	2	2	0	2	0	2	2	0	2	0	0	0	2	0	2	0	0	2	0	0	2	2	2	2	2	2	0	2	0	0	2	2	2	2	2	0	0	0	0	0	2	0	0	0	0	0	0	0	2	0	0	0	0	0	0	0
297	2	1	1	1	1	0	1	1	1	1	1	1	1	1	1	0	0	1	1	1	1	1	1	1	1	1	1	1	1	1	1	1	1	1	1	1	1	1	1	1	1	1	1	1	1	1	2	1	1	1	1	1	1	1	1	1	1	1	1	1	1	1	1	0	1	1	1	1	1	0	0	0	0	0	0	0	0	0	0	0	0	1	1	1	1	1	1	1	1	1	1	1	1	1	1	1	1	1	1	1	1	1	1	1	1	1	1	1	1	1	1	1	1	1	1	1	1	1	1	1	1	1	1	1	1	1	1	1	1	1	1	1	1	1	1	1	1	2	1	1	1	0	1	1	1	1	1	1	1	1	1	1	1	2	2	2	2	2	1	1	0	1	1	2	1	1	1	1	1	1	1	1	1	1	1	1	1	1	1
298	2	1	1	1	1	0	1	1	1	1	1	1	1	1	1	0	0	1	1	1	1	1	1	1	1	1	1	1	1	1	1	1	1	1	1	1	1	1	1	1	1	1	1	1	1	1	2	1	1	1	1	1	1	1	1	1	1	1	1	1	1	1	1	0	1	1	1	1	1	0	1	0	1	1	1	1	1	1	1	1	1	1	1	1	1	1	1	1	1	1	1	1	1	1	1	1	1	1	1	1	1	1	1	1	1	1	1	1	1	1	1	1	1	1	1	1	1	1	1	1	1	1	1	1	1	1	1	1	1	1	1	1	1	1	1	1	1	2	1	1	1	0	1	1	1	1	1	1	1	1	1	1	1	2	2	2	2	2	1	0	1	1	1	2	1	1	1	2	2	2	2	1	2	1	1	2	1	1	1
299	2	0	2	1	2	0	1	1	1	2	1	2	2	2	2	0	0	2	2	2	2	2	2	2	2	2	2	2	2	2	2	2	2	2	2	2	2	2	2	2	2	2	2	2	2	2	2	2	2	2	2	2	2	2	2	2	2	2	2	2	2	2	2	0	2	2	2	2	1	1	2	1	1	1	1	1	1	2	1	1	1	2	2	2	2	2	2	2	2	2	2	2	2	2	0	0	0	0	2	2	0	0	1	2	0	0	0	2	0	2	2	2	2	2	0	2	1	2	1	0	2	0	2	2	2	0	2	0	2	2	0	2	0	0	0	2	0	2	0	0	2	0	0	2	2	2	2	2	2	0	2	0	0	2	2	2	2	2	0	0	0	0	1	2	0	1	1	1	0	1	1	0	1	0	0	0	0	0	0
300	2	0	2	1	2	0	1	1	1	2	2	1	2	2	2	0	0	2	2	2	2	2	2	2	2	2	2	2	2	2	2	2	2	2	2	2	2	2	2	2	2	2	2	2	2	2	2	2	2	2	2	2	2	2	2	2	2	2	2	2	2	2	2	0	2	2	2	2	2	1	1	1	1	1	2	2	2	2	2	2	2	2	2	2	2	2	2	2	2	2	2	2	2	2	0	0	0	0	2	2	0	0	0	2	0	0	0	2	0	2	2	2	2	2	0	2	2	2	1	0	2	0	2	2	2	0	2	0	2	2	0	2	0	0	0	2	0	1	0	0	2	0	0	2	2	2	2	2	2	0	2	0	0	2	2	2	2	2	0	1	0	0	1	2	0	1	1	1	0	1	1	0	0	0	0	0	0	0	0
301	2	0	2	1	2	0	1	1	1	2	1	0	2	2	1	0	0	2	2	2	2	2	2	2	2	2	2	2	2	2	2	2	2	2	2	2	2	2	2	2	2	2	2	2	2	2	2	2	2	2	2	2	2	2	2	2	2	2	2	2	2	2	2	0	2	2	2	2	1	1	1	0	0	0	0	0	0	0	1	1	1	2	2	2	2	2	2	2	2	2	2	2	2	2	0	0	0	0	2	1	0	0	0	2	0	0	0	2	0	2	2	2	2	2	0	2	2	2	2	0	2	0	2	2	2	0	2	0	2	2	0	2	0	0	0	2	0	1	0	0	2	0	0	2	2	2	2	2	2	0	2	0	0	2	2	2	2	2	0	0	0	0	0	1	0	0	0	0	1	1	1	0	0	0	0	1	0	0	0
302	2	0	2	1	2	0	1	1	1	1	1	2	2	2	2	0	0	2	2	2	2	2	2	2	2	2	2	2	2	2	2	2	2	2	2	2	2	2	2	2	2	2	2	2	2	2	2	2	2	2	2	2	2	2	2	2	2	2	2	2	2	2	2	0	2	2	2	2	1	1	1	0	1	1	1	1	1	2	1	1	1	2	2	2	2	2	2	2	2	2	2	2	2	2	0	0	0	0	2	2	0	0	0	2	0	0	0	2	0	2	2	2	2	2	0	2	1	2	1	0	2	0	2	2	2	0	2	0	2	2	0	2	0	0	0	2	0	2	0	0	2	0	0	2	2	2	2	2	2	0	2	0	0	2	2	2	2	2	0	0	0	0	1	2	0	1	1	1	0	1	1	0	1	0	0	0	0	0	0
303	2	1	1	1	2	0	2	2	1	2	1	0	2	2	1	0	0	2	2	2	1	2	2	2	2	1	1	2	1	0	0	1	0	0	1	1	1	2	1	1	1	0	0	1	1	1	1	0	1	1	1	1	1	1	1	1	1	1	1	1	2	1	1	1	1	1	1	1	1	0	0	0	0	0	0	0	0	0	0	0	0	1	0	1	1	2	0	2	1	1	1	1	0	0	0	1	1	1	1	1	0	0	0	0	0	0	1	1	0	1	1	2	0	0	0	2	1	2	2	1	2	0	1	1	2	0	2	0	2	2	1	1	1	0	0	2	0	2	0	0	2	0	1	1	1	1	1	0	0	0	0	1	0	1	0	0	1	1	0	0	0	0	1	2	0	1	1	1	0	1	1	0	1	0	0	0	0	0	0
304	2	0	2	1	2	0	1	1	1	2	2	1	2	2	2	0	0	2	2	2	2	2	2	2	2	2	2	2	2	2	2	2	2	2	2	2	2	2	2	2	2	2	2	2	2	2	2	2	2	2	2	2	2	2	2	2	2	2	2	2	2	2	2	0	2	2	2	2	2	1	0	1	1	1	1	1	1	2	2	2	2	2	2	2	2	2	2	2	2	2	2	2	2	2	0	0	0	0	2	2	0	0	0	2	0	0	0	2	0	2	2	2	2	2	0	2	2	2	1	0	2	0	2	2	2	0	2	0	2	2	0	2	0	0	0	2	0	2	0	0	2	0	0	2	2	2	2	2	2	0	2	0	0	2	2	2	2	2	0	0	0	0	1	2	1	1	1	1	0	1	1	0	1	0	0	0	0	0	0
305	2	0	2	2	2	0	1	1	1	1	1	1	2	2	2	0	0	2	2	2	2	2	2	2	2	2	2	2	2	1	1	1	1	1	1	1	1	2	1	1	1	1	1	2	1	1	2	2	2	2	1	2	1	2	1	1	1	2	1	1	2	2	2	1	1	2	2	2	1	1	0	1	0	2	2	2	2	2	2	2	2	1	1	1	2	2	1	2	1	2	2	2	1	1	0	0	0	0	1	1	0	0	0	1	0	0	0	1	0	1	1	1	1	1	0	1	1	1	1	0	1	0	1	1	1	0	1	0	1	1	0	1	0	0	0	1	0	0	0	0	1	0	0	1	1	1	1	1	1	0	1	0	0	2	1	1	2	2	0	0	0	0	0	1	0	0	0	1	1	1	1	0	1	0	0	1	0	0	1
306	2	0	1	2	2	0	1	2	2	2	2	2	2	2	2	0	0	2	2	2	2	2	2	2	2	2	2	2	2	2	2	2	2	2	2	2	2	2	2	2	2	2	2	2	1	2	2	2	2	2	2	2	2	2	2	2	2	2	2	2	2	2	2	0	2	2	2	2	2	1	0	1	1	1	2	2	2	2	2	2	2	2	2	2	2	2	2	2	2	2	2	2	2	2	0	0	0	0	2	2	0	0	0	2	0	0	0	2	0	2	2	2	2	2	0	2	2	2	2	0	2	0	2	2	2	0	2	0	2	2	0	2	0	0	0	2	0	2	0	0	2	0	0	2	2	2	2	2	2	0	2	0	0	2	2	2	2	2	1	0	0	1	1	2	1	1	1	1	1	1	1	0	1	0	0	1	0	0	1
307	2	0	2	1	1	0	1	1	1	2	1	1	2	2	1	0	0	2	2	2	1	2	2	2	2	1	2	2	1	1	1	1	1	1	1	1	1	2	1	1	1	1	1	1	1	1	1	1	1	1	1	1	1	1	1	1	1	1	1	1	2	1	1	1	1	1	1	1	1	0	0	0	0	0	0	0	0	0	0	1	1	1	1	1	1	2	1	2	1	1	1	1	1	1	0	1	1	1	1	1	1	1	1	1	1	1	1	1	1	1	1	1	1	1	1	1	1	1	1	1	1	1	1	1	1	1	1	1	1	1	1	1	1	1	1	1	1	1	1	1	1	0	1	1	1	1	1	1	1	0	1	1	0	2	1	1	2	2	0	0	0	0	0	1	0	0	0	1	0	0	0	0	1	0	0	0	0	0	0
308	2	0	1	2	2	0	2	2	2	2	2	2	2	2	2	0	0	2	2	2	2	2	2	2	2	2	2	2	2	2	2	2	2	2	2	2	2	2	2	2	2	2	2	2	2	2	2	2	2	2	2	2	2	2	2	2	2	2	2	2	2	2	2	0	2	2	2	2	2	2	1	2	2	2	2	2	2	2	2	2	2	2	2	2	2	2	2	2	2	2	2	2	2	2	0	0	0	0	2	2	0	0	0	2	0	0	0	2	0	2	2	2	2	2	0	2	1	2	2	0	2	0	2	2	2	0	2	0	2	2	0	2	0	0	0	2	0	2	0	0	2	0	0	2	2	2	2	2	2	0	2	0	0	1	1	1	1	1	0	0	0	0	0	1	0	1	0	1	1	1	1	1	1	0	0	1	0	0	0
309	2	0	2	1	2	0	1	1	1	2	1	1	2	2	2	0	0	2	2	2	2	2	2	2	2	2	2	2	2	2	2	2	2	2	2	2	2	2	2	2	2	2	2	2	2	2	2	2	2	2	2	2	2	2	2	2	2	2	2	2	2	2	2	0	1	2	2	2	2	2	1	2	2	1	2	2	2	2	1	2	2	2	2	2	2	2	2	2	1	1	1	2	1	1	0	0	0	1	2	1	0	0	0	1	0	0	0	2	0	2	2	2	2	2	0	2	1	2	1	0	2	0	2	2	2	0	2	0	2	2	0	2	0	0	0	2	0	2	0	0	2	0	0	2	2	2	2	2	2	0	2	0	0	2	2	2	2	2	0	2	0	0	1	2	0	1	1	1	0	1	1	0	1	0	0	0	0	0	0
310	2	1	1	2	2	0	2	2	2	2	2	1	2	2	2	0	0	2	2	2	2	2	2	2	2	2	2	2	2	2	2	2	2	2	2	2	2	2	2	2	2	2	2	2	2	2	2	2	2	2	2	2	2	2	2	2	2	2	2	2	2	2	2	0	2	2	2	2	2	0	0	1	1	1	1	1	1	1	1	1	1	2	2	2	2	2	2	2	2	2	2	2	2	2	0	0	0	0	2	2	0	0	0	2	0	0	0	2	0	2	2	2	2	2	0	2	2	2	2	0	2	0	2	2	2	0	2	0	2	2	0	2	0	0	0	2	0	2	0	0	2	0	0	2	2	2	2	2	2	0	2	0	0	2	2	2	2	2	0	0	0	0	0	2	0	0	0	0	0	0	0	0	0	0	0	0	0	0	1
311	2	0	2	1	2	0	1	1	1	2	2	1	2	2	2	0	0	2	2	2	2	2	2	2	2	2	2	2	2	2	2	2	2	2	2	2	2	2	2	2	2	1	2	2	2	2	2	2	2	2	2	2	2	2	2	2	2	2	2	2	2	2	2	0	2	2	2	2	2	2	2	1	1	2	1	1	1	2	2	2	2	2	2	2	2	2	2	2	2	2	2	2	2	2	0	0	0	0	2	2	0	0	0	2	0	0	0	2	0	2	2	2	2	2	0	2	2	2	1	0	2	0	2	2	2	0	2	0	2	2	0	2	0	0	0	2	0	2	0	0	2	0	0	2	2	2	2	2	2	0	2	0	0	2	2	2	2	2	0	0	0	0	0	2	0	1	1	0	0	0	0	0	0	0	0	0	0	0	0
312	2	0	2	2	2	0	2	2	2	2	2	1	2	2	2	0	0	2	2	2	2	2	2	2	2	2	2	2	2	2	2	2	2	2	2	2	2	2	2	2	2	2	2	2	2	2	2	2	2	2	2	2	2	2	2	2	2	2	2	2	2	2	2	0	1	2	2	2	2	2	2	2	2	2	2	2	2	2	2	2	2	2	2	2	2	2	2	2	1	1	1	2	1	1	0	0	0	1	2	1	0	0	0	1	0	0	0	2	0	2	2	2	2	2	0	2	2	2	2	0	2	0	2	2	2	0	2	0	2	2	0	2	0	0	0	2	0	1	0	0	2	0	0	2	2	2	2	2	2	0	2	0	0	2	2	2	2	2	0	0	0	0	0	2	0	0	0	0	0	0	0	0	0	0	0	0	0	0	0
313	2	0	2	2	2	0	2	2	2	2	2	2	2	2	2	0	0	2	2	2	2	2	2	2	2	2	2	2	2	2	2	2	2	2	2	2	2	2	2	2	2	2	2	2	2	2	2	2	2	2	2	2	2	2	2	2	2	2	2	2	2	2	2	0	2	2	2	2	1	2	2	2	2	2	2	2	2	2	2	2	2	2	1	2	2	2	2	2	2	2	2	2	2	2	0	0	0	0	2	2	0	0	0	2	0	0	0	2	0	2	2	2	2	2	0	2	2	2	2	0	2	0	2	2	2	0	2	0	2	2	0	2	0	0	0	2	0	2	0	0	2	0	0	1	2	2	2	2	2	0	2	0	0	1	1	1	1	1	0	0	0	0	0	1	0	1	0	2	2	2	2	1	2	0	0	2	0	0	0
314	2	1	1	2	2	0	2	2	2	2	2	2	2	2	2	0	0	2	2	2	2	2	2	2	2	2	2	2	2	2	2	2	2	2	2	2	2	2	2	2	2	2	2	2	2	2	2	2	2	2	2	2	2	2	2	2	2	2	2	2	2	2	2	0	2	2	2	2	2	0	0	1	0	1	1	1	1	1	1	2	2	2	2	2	2	2	2	2	2	2	2	2	2	2	0	0	0	0	2	2	0	0	0	2	0	0	0	2	0	2	2	2	2	2	0	2	2	2	2	0	2	0	2	2	2	0	2	0	2	2	0	2	0	0	0	2	0	2	0	0	2	0	0	2	2	2	2	2	2	0	2	0	0	2	2	2	2	2	0	0	0	0	0	2	0	0	0	1	1	1	1	1	0	0	0	1	0	0	0
315	2	0	2	2	2	0	2	2	2	2	2	2	2	2	2	0	0	2	2	2	2	2	2	2	2	2	2	2	2	2	2	2	2	2	2	2	2	2	2	2	2	2	2	2	2	2	2	2	2	2	2	2	2	2	2	2	2	2	2	2	2	2	2	0	2	2	2	2	2	2	1	0	0	2	2	2	2	2	2	2	2	2	2	2	2	2	2	2	2	2	2	2	2	2	0	0	0	0	2	1	0	0	0	2	0	0	0	2	0	2	2	2	2	2	0	2	2	2	2	0	2	0	2	2	2	0	2	0	2	2	0	2	0	0	0	1	0	1	0	0	2	0	0	2	2	2	2	2	2	0	2	0	0	2	2	2	2	2	0	0	0	0	0	2	0	0	0	0	0	0	0	0	0	0	0	0	0	0	0
316	2	0	2	1	2	0	1	1	1	1	1	2	2	2	2	0	0	2	2	2	2	2	2	2	2	2	2	2	2	2	2	2	2	2	2	2	2	2	2	2	2	2	2	2	2	2	2	2	2	2	2	2	2	2	2	2	2	2	2	2	2	2	2	0	2	2	2	2	2	2	1	2	2	2	2	2	2	2	2	1	2	2	2	2	2	2	2	2	2	2	2	2	2	2	0	0	0	0	2	2	0	0	0	2	0	0	0	2	0	2	2	2	2	2	0	2	2	2	2	0	2	0	2	2	2	0	2	0	2	2	0	2	0	0	0	2	0	2	0	0	2	0	0	2	2	2	2	2	2	0	2	0	0	2	2	2	2	2	0	0	0	0	0	2	0	0	0	2	1	1	1	0	1	0	0	1	0	0	0
317	2	0	2	1	2	0	1	1	1	2	1	2	2	2	2	0	0	2	2	2	2	2	2	2	2	2	2	2	2	2	2	2	2	2	2	2	2	2	2	2	2	2	2	2	2	2	2	2	2	2	2	2	2	2	2	2	2	2	2	2	2	2	2	0	2	2	2	2	2	2	1	2	2	2	2	2	2	2	2	1	2	2	2	2	2	2	2	2	2	2	2	2	2	2	0	0	0	0	2	2	0	0	0	2	0	0	0	2	0	2	2	2	2	2	0	2	2	2	2	0	2	0	2	2	2	0	2	0	2	2	0	2	0	0	0	2	0	2	0	0	2	0	0	2	2	2	2	2	2	0	2	0	0	1	1	1	1	1	0	0	1	0	0	1	0	1	0	2	1	1	1	0	1	0	0	1	0	0	0
318	2	2	0	2	2	0	2	2	2	2	2	2	2	2	2	0	0	2	2	2	2	2	2	2	1	2	2	2	2	2	2	2	2	2	2	2	2	2	2	2	2	2	2	2	2	2	2	2	2	2	2	2	2	2	2	2	2	2	2	2	2	2	2	0	2	2	2	2	2	1	2	2	2	0	2	2	2	1	2	2	2	2	2	2	2	2	2	2	2	2	2	2	2	2	0	0	0	0	2	2	0	0	0	2	0	0	0	2	0	2	2	2	2	2	0	2	2	2	2	0	2	0	2	2	2	0	2	0	2	2	0	2	0	0	0	2	0	2	0	0	2	0	0	2	2	2	2	2	2	0	2	0	0	2	2	2	2	2	0	0	1	0	0	2	0	0	0	2	1	1	1	0	1	0	0	1	0	0	0
319	2	0	2	2	2	0	2	2	2	2	2	2	2	2	2	0	0	2	2	2	2	2	2	2	2	2	2	2	2	2	2	2	2	2	2	2	2	2	2	2	2	2	2	2	2	2	2	2	2	2	2	2	2	2	2	2	2	2	2	2	2	2	2	0	2	2	2	2	2	2	2	2	2	2	2	2	2	2	2	2	2	2	2	2	2	2	2	2	2	2	2	2	2	2	0	0	0	0	2	2	0	0	0	2	0	0	0	2	0	2	2	2	2	2	0	2	2	2	2	0	2	0	2	2	2	0	2	0	2	2	0	2	0	0	0	2	0	2	0	0	2	0	0	2	2	2	2	2	2	0	2	0	0	2	2	2	2	2	0	0	1	0	0	2	0	0	0	0	0	0	0	0	0	0	0	1	0	0	0
320	2	1	1	2	2	0	2	2	2	2	2	2	2	2	2	0	0	2	2	2	2	2	2	2	2	2	2	2	2	2	2	2	2	2	2	2	2	2	2	2	2	2	2	2	2	2	2	2	2	2	2	2	2	2	2	2	2	2	2	2	2	2	2	0	2	2	2	2	2	2	1	1	1	2	2	2	2	2	2	2	2	2	2	2	2	2	2	2	2	2	2	2	2	2	0	0	0	0	2	2	0	0	0	2	0	0	0	2	0	2	2	2	2	2	0	2	2	2	2	0	2	0	2	2	2	0	2	0	2	2	0	2	0	0	0	2	0	2	0	0	2	0	0	2	2	2	2	2	2	0	2	0	0	2	2	2	2	2	1	2	0	1	1	2	1	1	1	1	1	1	1	1	1	1	1	1	1	1	1
321	2	0	2	2	2	0	2	2	2	2	2	1	2	2	2	0	0	2	2	2	2	2	2	2	2	2	2	2	2	2	2	2	2	2	2	2	2	2	2	2	2	2	2	2	2	2	2	2	2	2	2	2	2	2	2	2	2	2	2	2	2	2	2	0	2	2	2	2	2	1	1	0	0	0	0	0	0	0	2	2	2	2	2	2	2	2	2	2	2	2	2	2	2	2	0	0	0	0	2	2	0	0	0	2	0	0	0	2	0	2	2	2	2	2	0	2	2	2	2	0	2	0	2	2	2	0	2	0	2	2	0	2	0	0	0	2	0	1	0	0	2	0	0	2	2	2	2	2	2	0	2	0	0	1	1	1	1	1	0	1	0	0	0	1	0	1	0	1	1	1	1	0	1	0	0	1	0	0	0
322	2	0	2	1	2	0	1	1	1	2	1	1	2	2	1	0	0	2	2	2	2	2	2	2	2	2	2	2	2	2	2	2	2	2	2	2	2	2	2	2	2	2	2	2	2	2	2	2	2	2	2	2	2	2	2	2	2	2	2	2	2	2	2	0	2	2	2	2	2	2	2	2	2	2	2	2	2	2	2	2	2	2	2	2	2	2	2	2	2	2	2	2	2	2	0	0	0	0	2	2	0	0	0	2	0	0	0	2	0	2	2	2	2	2	0	2	2	2	2	0	2	0	2	2	2	0	2	0	2	2	0	2	0	0	0	2	0	1	0	0	2	0	0	2	2	2	2	2	2	0	2	0	0	2	2	2	2	2	0	0	0	0	0	2	0	0	0	0	0	0	0	0	0	0	0	0	0	0	0
323	2	1	1	2	2	0	2	2	2	2	2	2	2	2	2	0	0	2	2	2	2	2	2	2	2	2	2	2	2	2	2	2	2	2	2	2	2	2	2	2	2	2	2	2	2	1	2	2	2	2	2	2	2	2	2	2	2	2	2	2	2	2	2	0	2	2	2	2	2	0	1	1	1	2	1	2	2	2	2	2	2	2	2	2	2	2	2	2	2	2	2	2	2	2	0	0	0	0	2	2	0	0	0	2	0	0	0	2	0	2	2	2	2	2	0	2	1	2	2	0	2	0	2	2	2	0	2	0	2	2	0	2	0	0	0	2	0	2	0	0	2	0	0	1	2	2	2	2	2	0	2	0	0	2	2	2	2	2	0	0	0	0	0	2	0	0	0	0	0	0	0	0	0	0	0	0	0	0	1
324	2	0	2	2	2	0	2	2	2	2	2	1	2	2	2	0	0	2	2	2	2	2	2	2	2	2	2	2	2	2	2	2	2	2	2	2	2	2	2	2	2	2	2	2	2	2	2	2	2	2	2	2	2	2	2	2	2	2	2	2	2	2	2	0	1	2	2	2	2	2	1	2	2	2	2	2	2	2	2	2	2	2	1	2	2	2	2	2	1	1	1	2	1	1	0	0	0	1	2	1	0	0	0	1	0	0	0	2	0	2	2	2	2	2	0	2	2	2	2	0	2	0	2	2	2	0	2	0	2	2	0	2	0	0	0	2	0	2	0	0	2	0	0	2	2	2	2	2	2	0	2	0	0	2	2	2	2	2	0	0	0	0	0	2	0	0	0	1	1	1	1	1	1	0	0	1	0	0	0
325	2	0	2	2	2	0	2	2	2	1	2	2	2	2	2	0	0	2	2	2	2	2	2	2	2	2	2	2	2	2	2	2	2	2	2	2	2	2	2	2	2	2	2	2	2	2	2	2	2	2	2	2	2	2	2	2	2	2	2	2	2	2	2	0	2	2	2	2	2	0	1	1	1	2	2	2	2	2	2	2	2	2	2	2	2	2	2	2	2	2	2	2	2	2	0	0	0	0	2	2	0	0	0	2	0	0	0	2	0	2	2	2	2	2	0	2	2	2	2	0	2	0	2	2	2	0	2	0	2	2	0	2	0	0	0	2	0	2	0	0	2	0	0	2	2	2	2	2	2	0	2	0	0	2	2	2	2	2	0	1	0	0	0	2	0	0	0	1	1	1	1	1	0	0	0	1	0	0	0
326	2	1	1	1	2	0	1	1	1	2	1	2	2	2	2	0	0	2	2	2	2	2	2	2	1	2	2	2	2	2	2	2	2	2	2	2	2	2	2	2	2	2	2	2	2	2	2	2	1	2	2	2	2	2	2	2	2	2	2	2	2	2	2	0	2	2	2	2	1	0	1	1	1	0	1	1	1	2	1	1	1	2	2	2	2	2	2	2	2	2	2	1	2	2	0	0	0	0	2	2	0	0	0	2	0	0	0	2	0	2	2	2	2	2	0	2	1	2	1	0	2	0	2	2	2	0	2	0	2	2	0	2	0	0	0	2	0	2	0	0	2	0	0	1	1	2	2	2	2	0	2	0	0	2	2	2	2	1	0	0	1	0	1	2	0	1	1	2	1	2	2	0	2	0	0	1	0	0	0
327	2	0	2	1	2	0	2	2	2	2	2	2	2	2	2	0	0	2	2	2	2	2	2	2	2	2	2	2	2	2	2	2	2	2	2	2	2	2	2	2	2	2	2	2	0	2	2	2	2	2	2	2	2	2	2	2	2	2	2	2	2	2	2	0	2	2	2	2	1	1	0	1	1	1	1	1	1	1	1	1	1	2	2	2	2	2	2	2	2	2	2	2	2	2	0	0	0	0	2	2	0	0	0	2	0	0	0	2	0	2	2	2	2	2	0	2	2	2	2	0	2	0	2	2	2	0	2	0	2	2	0	2	0	0	0	2	0	2	0	0	2	0	0	1	2	2	2	2	2	0	2	0	0	2	2	2	2	2	2	0	2	2	2	2	2	2	2	2	2	2	2	0	2	0	0	2	0	0	0
328	2	0	2	1	2	0	1	1	1	2	1	2	2	2	2	0	0	2	2	2	2	2	2	2	2	2	2	2	2	2	2	2	2	2	2	2	2	2	2	2	2	2	2	2	2	2	2	1	2	2	2	2	2	2	2	2	2	2	2	2	2	2	2	0	2	2	2	2	2	1	2	1	2	2	2	2	2	2	2	2	2	2	1	2	2	2	2	2	2	2	2	2	2	2	0	0	0	0	1	2	0	0	0	2	0	0	0	2	0	2	2	2	2	2	0	1	1	2	2	0	2	0	2	2	2	0	2	0	2	2	0	2	0	0	0	2	0	2	0	0	2	0	0	2	2	2	2	2	2	0	2	0	0	2	2	2	2	2	0	0	0	0	0	2	0	0	0	0	0	0	0	0	0	0	0	0	0	0	0
329	2	0	2	2	2	0	2	2	2	1	2	0	2	2	2	0	0	2	2	2	2	2	2	2	2	2	2	2	2	2	2	2	2	2	2	2	2	2	2	2	2	2	2	2	2	2	2	2	2	2	2	2	2	2	2	2	2	2	2	2	2	2	2	0	2	2	2	2	2	2	1	1	1	1	2	1	2	2	2	2	2	2	2	2	2	2	2	2	2	2	2	2	2	2	0	0	0	0	2	2	0	0	0	2	0	0	0	2	0	2	2	2	2	2	0	2	2	2	2	0	2	0	2	2	2	0	2	0	2	2	0	2	0	0	0	2	0	2	0	0	2	0	0	2	2	2	2	2	2	0	2	0	0	1	1	1	1	1	0	0	0	0	0	1	0	1	0	1	1	1	1	0	1	0	0	2	0	0	0
330	2	1	1	2	2	0	2	2	2	2	2	2	2	2	2	0	0	2	1	2	2	2	2	2	1	2	2	2	2	2	2	2	2	2	2	2	2	2	2	2	2	2	2	2	2	2	2	2	2	2	2	2	2	2	2	2	2	2	2	2	2	2	2	0	2	2	2	2	2	2	1	2	2	2	2	2	2	2	2	2	2	2	1	2	2	2	2	2	2	2	2	2	2	2	0	0	0	0	2	2	0	0	0	2	0	0	0	2	0	2	2	2	2	2	0	2	2	2	2	0	2	0	2	2	2	0	2	0	2	2	0	2	0	0	0	2	0	2	0	0	2	0	0	2	2	2	2	2	2	0	2	0	0	1	1	1	1	1	0	0	0	0	0	1	0	1	0	2	1	1	1	0	0	0	0	1	0	0	0
331	2	1	1	2	2	0	2	2	2	2	2	2	2	2	2	0	0	2	2	2	2	2	2	2	1	2	2	2	2	2	2	2	2	2	2	2	2	2	2	2	2	2	2	2	2	2	2	2	2	2	2	2	2	2	2	2	2	2	2	2	2	2	2	0	2	2	2	2	2	1	0	1	1	2	2	2	2	2	2	2	2	2	2	2	2	2	2	2	2	2	2	2	2	2	0	0	0	0	2	2	0	0	0	2	0	0	0	2	0	2	2	2	2	2	0	2	2	2	2	0	2	0	2	2	2	0	2	0	2	2	0	2	0	0	0	2	0	2	0	0	2	0	0	2	2	2	2	2	2	0	2	0	0	2	2	2	2	2	0	0	0	0	0	2	0	0	0	1	1	1	1	0	1	0	0	1	0	0	0
332	2	0	2	2	2	0	2	2	2	2	2	2	2	2	2	0	0	2	2	2	2	2	2	2	2	2	2	2	2	2	2	2	2	2	2	2	2	2	2	2	2	2	2	2	1	2	2	2	2	2	2	2	2	2	2	2	2	2	2	2	2	2	2	0	2	2	2	2	2	2	0	2	2	2	2	2	2	2	2	2	2	2	2	2	2	2	2	2	2	2	2	2	2	2	0	0	0	0	2	2	0	0	0	2	0	0	0	2	0	2	2	2	2	2	0	2	2	2	2	0	2	0	2	2	2	0	2	0	2	2	0	2	0	0	0	2	0	2	0	0	2	0	0	1	2	2	2	2	2	0	2	0	0	2	2	2	2	2	1	1	1	1	1	2	1	1	1	1	1	1	1	0	1	0	0	1	0	0	0
333	2	0	2	2	2	0	2	2	2	2	2	2	2	2	2	0	0	2	2	2	2	2	2	2	2	2	2	2	2	2	2	2	2	2	2	2	2	2	2	2	2	2	2	2	1	1	2	2	2	2	2	2	2	2	2	2	2	2	2	2	2	2	2	0	2	2	2	2	2	1	1	0	0	1	1	2	2	2	2	2	2	2	2	2	2	2	2	2	2	2	2	2	2	2	0	0	0	0	2	2	0	0	0	2	0	0	0	2	0	2	2	2	2	2	0	2	1	2	2	0	2	0	2	2	2	0	2	0	2	2	0	2	0	0	0	2	0	2	0	0	2	0	0	1	2	2	2	2	2	0	2	0	0	2	2	2	2	2	1	1	1	1	1	2	1	1	1	1	1	1	1	0	0	0	0	1	0	0	0
334	2	0	2	1	2	0	0	1	1	2	1	1	2	2	2	0	0	2	2	2	2	2	2	2	2	2	2	2	2	2	2	2	2	2	2	2	2	2	2	2	2	2	2	2	1	2	2	2	2	2	2	2	2	2	2	2	2	2	2	2	2	2	2	0	2	2	2	2	2	0	1	2	2	0	2	2	2	2	2	2	2	2	2	2	2	2	2	2	2	2	2	2	2	2	0	0	0	0	2	2	0	0	0	2	0	0	0	2	0	2	2	2	2	2	0	2	1	2	1	0	2	0	2	2	2	0	2	0	2	2	0	2	0	0	0	2	0	2	0	0	2	0	0	2	2	2	2	2	2	0	2	0	0	2	2	2	2	2	1	2	1	1	2	2	1	2	2	2	1	2	2	0	1	0	0	1	0	0	0
335	2	0	2	2	2	0	2	2	2	2	2	2	2	2	2	0	0	2	2	2	2	2	2	2	2	2	2	2	2	2	2	2	2	2	2	2	2	2	2	2	2	2	2	2	2	1	2	2	2	2	2	2	2	2	2	2	2	2	2	2	2	2	2	0	2	2	2	2	2	2	1	0	1	2	2	2	2	2	2	2	2	2	2	2	2	2	2	2	2	2	2	2	2	2	0	0	0	0	2	2	0	0	0	2	0	0	0	2	0	2	2	2	2	2	0	2	2	2	2	0	2	0	2	2	2	0	2	0	2	2	0	2	0	0	0	2	0	1	0	0	2	0	0	2	2	2	2	2	2	0	2	0	0	2	2	2	2	2	0	0	0	0	0	2	0	0	0	0	0	0	0	0	0	0	0	0	0	0	0
336	2	0	2	2	2	0	2	2	2	2	2	2	2	2	2	0	0	2	2	2	2	2	2	2	2	2	2	2	2	2	2	2	2	2	2	2	2	2	2	2	2	2	2	2	2	2	2	2	2	2	2	2	2	2	2	2	2	2	2	2	2	2	2	0	2	2	2	2	2	2	1	2	2	1	2	2	2	2	2	2	2	2	1	2	2	2	2	2	2	2	2	2	2	2	0	0	0	0	2	2	0	0	0	2	0	0	0	2	0	2	2	2	2	2	0	2	2	2	2	0	1	0	2	2	2	0	2	0	2	2	0	2	0	0	0	2	0	2	0	0	2	0	0	1	2	2	2	2	2	0	2	0	0	1	1	1	1	1	0	0	0	0	0	1	0	1	0	1	1	1	1	0	1	0	0	1	0	0	0
337	2	1	1	1	1	0	1	1	1	1	1	1	1	1	1	0	0	1	1	1	1	1	1	1	2	1	1	1	1	1	1	1	1	1	1	1	1	1	1	1	1	1	1	1	1	1	2	1	1	1	1	1	1	1	1	1	1	1	1	1	1	1	1	0	1	1	1	1	0	0	0	0	0	0	0	0	0	0	0	0	0	1	1	1	1	1	1	1	1	1	1	1	1	1	1	1	1	1	1	1	1	1	1	1	1	1	1	1	1	1	1	1	1	1	1	1	1	1	1	1	1	1	1	0	1	1	1	1	1	1	1	1	1	1	1	0	1	2	1	1	1	0	1	0	1	1	1	1	1	1	1	1	1	2	2	2	2	2	1	1	0	1	1	2	1	1	1	1	1	1	1	1	1	1	1	1	1	1	1
338	2	1	1	1	1	0	0	0	0	0	0	1	1	1	1	0	0	1	1	1	1	1	1	1	1	1	1	1	1	1	1	1	1	1	1	1	1	1	1	1	1	1	1	1	1	1	2	0	1	1	1	1	1	1	1	1	1	1	1	1	1	1	1	0	1	1	1	1	1	1	0	0	0	0	0	0	0	0	0	0	0	1	1	1	1	1	1	1	1	1	1	1	1	1	1	1	1	1	1	1	1	1	1	1	1	1	1	1	1	1	1	1	1	1	1	1	1	1	1	1	1	1	1	1	1	1	1	1	1	1	1	1	1	1	1	1	1	2	1	1	1	0	1	1	1	1	1	1	1	1	1	1	1	2	2	2	2	2	1	1	0	1	1	2	1	1	1	1	1	1	1	1	1	1	1	1	1	1	1
339	2	1	1	2	2	0	2	2	2	2	2	2	2	2	2	0	0	2	2	2	2	2	2	2	1	2	2	2	2	2	2	2	2	2	2	2	2	2	2	2	2	2	2	2	2	2	2	2	1	1	2	2	2	2	2	2	2	2	2	2	2	2	2	0	2	2	2	2	1	1	1	1	1	1	1	1	1	2	1	1	1	2	2	2	2	2	2	2	2	2	2	1	2	2	0	0	0	0	1	2	0	0	0	2	0	0	0	2	0	2	2	2	2	2	0	2	2	2	2	0	2	0	2	2	2	0	2	0	2	2	0	2	0	0	0	1	0	2	0	0	2	0	0	1	2	2	2	2	2	0	2	0	0	2	2	2	2	2	0	0	0	0	0	2	0	0	0	1	1	1	1	0	0	0	0	1	0	0	0
340	2	0	2	2	2	0	1	2	2	2	2	2	2	2	2	0	0	2	2	2	2	2	2	2	2	2	2	2	2	2	2	2	2	2	2	2	2	2	2	2	2	2	2	2	1	2	2	2	2	2	2	2	2	2	2	2	2	2	2	2	2	2	2	0	2	2	2	2	1	1	1	1	1	1	1	1	1	1	1	1	1	2	2	2	2	2	2	2	2	2	2	2	2	2	0	0	0	0	2	2	0	0	0	2	0	0	0	2	0	2	2	2	2	2	0	2	2	2	2	0	2	0	2	2	2	0	2	0	2	2	0	2	0	0	0	2	0	2	0	0	2	0	0	2	2	2	2	2	2	0	2	0	0	1	1	1	1	1	0	0	0	0	0	1	0	1	0	2	2	2	2	0	2	0	0	2	0	0	0
341	2	0	2	2	2	0	2	2	2	1	2	1	2	2	2	0	0	2	2	2	2	2	2	2	2	2	2	2	2	2	2	2	2	2	2	2	2	2	2	2	2	2	2	2	2	2	2	2	2	2	2	2	2	2	2	2	2	2	2	2	2	2	2	0	2	2	2	2	2	1	1	2	1	2	2	2	2	2	2	2	2	2	2	2	2	2	2	2	2	2	2	2	2	2	0	0	0	0	2	2	0	0	0	2	0	0	0	2	0	2	2	2	2	2	0	2	2	2	2	0	2	0	2	2	2	0	2	0	2	2	0	2	0	0	0	2	0	2	0	0	2	0	0	2	2	2	2	2	2	0	2	0	0	2	2	2	2	2	0	1	0	0	0	2	0	0	0	1	1	1	1	0	1	0	0	2	0	0	0
342	2	1	1	0	1	0	1	1	0	1	0	0	1	1	1	0	0	1	1	1	1	1	1	1	1	1	0	1	1	0	0	1	0	0	1	1	1	1	1	1	1	0	0	1	1	1	2	0	1	1	1	1	1	1	1	1	1	1	1	1	1	1	1	0	1	1	1	1	1	0	0	0	0	0	0	0	1	1	1	1	1	1	1	1	1	1	0	1	1	1	1	1	0	0	1	1	1	1	0	0	1	1	1	0	1	1	2	0	1	0	0	1	0	0	1	1	1	1	1	1	1	1	1	0	1	1	1	1	1	1	1	1	1	1	1	1	1	2	1	1	1	0	1	1	1	1	1	0	0	1	0	1	1	1	1	1	1	1	1	1	1	1	1	2	1	1	1	1	1	1	1	1	1	1	1	1	1	1	0
343	2	0	2	2	1	0	2	2	1	2	2	2	2	2	2	0	0	2	2	2	2	2	2	2	2	2	2	2	2	2	2	2	2	2	2	2	2	2	2	2	2	2	2	2	2	2	2	2	2	2	2	2	2	2	2	2	2	2	2	2	2	2	2	0	2	2	2	2	2	2	1	0	0	1	1	1	1	1	1	2	2	2	2	2	2	2	2	2	2	2	2	2	2	2	0	0	0	0	2	2	0	0	0	2	0	0	0	2	0	2	2	2	2	2	0	2	2	2	2	0	2	0	2	2	2	0	2	0	2	2	0	2	0	0	0	2	0	2	0	0	2	0	0	2	2	2	2	2	2	0	2	0	0	1	1	1	1	1	0	0	0	0	0	1	0	1	1	1	1	1	1	0	1	0	0	1	0	0	0
344	2	0	2	2	2	0	2	2	2	2	2	2	2	2	2	0	0	2	2	2	2	2	2	2	2	2	2	2	2	2	2	2	2	2	2	2	2	2	2	2	2	2	2	2	2	2	2	2	2	2	2	2	2	2	2	2	2	2	2	2	2	2	2	0	2	2	2	2	2	2	1	0	1	2	2	2	2	2	2	2	2	2	2	2	2	2	2	2	2	2	2	2	2	1	0	0	0	0	2	2	0	0	0	2	0	0	0	2	0	2	2	2	2	2	0	2	2	2	2	0	2	0	2	2	2	0	2	0	2	2	0	2	0	0	0	2	0	0	0	0	2	0	0	2	2	2	2	2	2	0	2	0	0	2	2	2	2	2	0	1	0	0	1	2	0	1	1	1	0	1	1	0	1	0	0	0	0	0	0
345	2	0	2	2	2	0	2	2	2	1	2	0	2	2	2	0	0	2	2	2	2	2	2	2	2	2	2	2	2	2	2	2	2	2	2	2	2	2	2	2	2	2	2	2	1	2	2	2	2	2	2	2	2	2	2	2	2	2	2	2	2	2	2	0	1	2	2	2	2	0	0	0	0	0	1	1	1	1	1	1	1	2	1	2	2	2	2	2	1	1	1	2	1	1	0	0	0	1	2	1	0	0	0	1	0	0	0	2	0	2	2	2	2	2	0	2	2	2	2	0	2	0	2	2	2	0	2	0	2	2	0	2	0	0	0	2	0	2	0	0	2	0	0	1	1	2	2	2	2	0	2	0	0	1	1	1	1	1	0	0	0	0	0	1	0	1	0	1	1	1	1	0	1	0	0	1	0	0	0
346	2	0	2	2	2	0	2	2	2	2	2	1	2	2	2	0	0	2	2	2	2	2	2	2	2	2	2	2	2	2	2	2	2	2	2	2	2	2	2	2	2	2	2	2	1	2	2	2	2	2	2	2	2	2	2	2	2	2	2	2	2	2	2	0	1	2	2	2	2	1	0	2	2	2	2	2	2	2	2	2	2	2	1	2	2	2	2	2	1	1	1	2	1	1	0	0	0	1	2	1	0	0	0	1	0	0	0	2	0	2	2	2	2	2	0	2	2	2	2	0	2	0	2	2	2	0	2	0	2	2	0	2	0	0	0	2	0	2	0	0	2	0	0	1	2	2	2	2	2	0	2	0	0	2	2	2	2	2	1	1	1	1	1	2	1	1	1	1	1	1	1	0	1	0	0	1	0	0	0
347	2	1	1	2	2	0	2	2	2	2	2	2	2	2	2	0	0	2	2	2	2	2	2	2	2	2	2	2	2	2	2	2	2	2	2	2	2	2	2	2	2	2	2	2	2	2	2	2	2	2	2	2	2	2	2	2	2	2	2	2	2	2	2	0	2	2	2	2	2	0	1	1	1	1	1	1	1	2	1	0	1	2	2	2	2	2	2	2	2	2	2	2	2	2	0	0	0	0	2	2	0	0	0	2	0	0	0	2	0	2	2	2	2	2	1	2	2	2	2	0	2	0	2	2	2	0	2	1	2	2	0	2	0	0	0	2	0	2	0	0	2	0	0	2	1	2	2	2	2	0	2	0	0	2	1	1	2	2	0	0	0	0	0	2	0	1	0	2	0	0	0	0	0	0	0	0	0	0	0
348	2	1	1	1	1	0	1	1	1	2	2	1	2	2	2	0	0	2	2	2	2	2	2	2	2	2	2	2	2	2	2	2	2	2	2	2	2	2	2	2	2	2	2	2	2	2	2	2	2	2	2	2	2	2	2	2	2	2	2	2	2	2	2	0	2	2	2	2	1	2	2	1	1	1	1	1	1	1	1	1	1	2	2	2	2	2	2	2	2	2	2	2	2	2	0	0	0	0	2	2	0	0	0	2	0	0	0	2	0	2	2	2	2	1	0	2	2	2	2	0	2	0	2	2	2	0	2	0	2	2	0	2	0	0	0	2	0	2	0	0	2	0	0	2	2	2	2	2	2	0	2	0	0	2	2	2	2	2	0	0	0	0	0	2	0	0	0	1	0	0	0	0	0	0	0	0	0	0	0
349	2	1	1	1	2	0	1	1	1	2	1	1	2	2	2	0	0	2	2	2	2	2	2	2	2	2	2	2	2	2	2	2	2	2	2	2	2	2	2	2	2	2	2	2	2	2	2	2	2	2	2	2	2	2	2	2	2	2	2	2	2	2	2	0	2	2	2	2	2	1	2	2	2	1	2	2	2	2	2	2	2	2	2	2	2	2	2	2	2	2	2	2	2	2	0	0	0	0	2	2	0	0	0	2	0	0	0	2	0	2	2	2	2	2	0	2	2	2	1	0	2	0	2	2	2	0	2	0	2	2	0	2	0	0	0	2	0	2	0	0	2	0	0	2	2	2	2	2	2	0	2	0	0	2	2	2	2	2	0	0	0	0	0	2	0	1	0	1	0	0	0	0	0	0	0	0	0	0	0
350	2	1	1	2	2	0	2	2	2	2	2	2	2	2	2	0	0	2	2	2	2	2	2	2	2	2	2	2	2	2	2	2	2	2	2	2	2	2	2	2	2	2	2	2	2	2	2	2	2	2	2	2	2	2	2	2	2	2	2	2	2	2	2	0	2	2	2	2	2	2	2	2	2	2	2	2	2	2	2	2	2	2	1	2	2	2	2	2	2	2	2	2	2	2	0	0	0	0	2	2	0	0	0	2	0	0	0	2	0	2	2	2	2	2	0	2	2	2	2	0	2	0	2	2	2	0	2	0	2	2	0	2	0	0	0	2	0	2	0	0	2	0	0	2	2	2	2	2	2	0	2	0	0	1	1	1	1	1	1	1	0	1	1	1	1	2	1	2	2	2	2	1	1	1	1	2	1	1	1
351	2	0	2	1	2	0	2	2	1	1	1	1	2	2	2	0	0	2	2	2	2	2	2	2	2	2	1	2	2	1	1	2	1	1	2	2	2	2	2	2	2	0	0	2	2	2	2	0	2	2	2	2	2	2	2	2	2	2	2	2	2	2	2	0	2	2	2	2	2	2	2	2	2	2	2	2	2	2	2	2	2	2	0	2	2	2	0	2	2	2	2	2	0	0	0	0	0	0	0	0	0	0	0	0	0	0	2	0	0	0	0	2	0	0	0	2	1	2	2	1	2	0	2	2	2	0	2	0	2	2	0	2	0	0	0	1	0	1	0	0	1	0	0	1	1	1	1	0	0	0	0	0	0	0	0	0	0	0	0	1	0	0	0	2	0	0	0	0	0	0	0	1	0	0	0	0	0	0	0
352	2	0	2	2	2	0	2	2	2	1	2	1	2	2	2	0	0	2	2	2	2	2	2	2	2	2	2	2	2	2	2	2	2	2	2	2	2	2	2	2	2	2	2	2	1	2	2	1	2	2	2	2	2	2	2	2	2	2	2	2	2	2	2	0	2	2	2	2	2	1	1	0	1	1	2	2	2	2	2	2	2	2	2	2	2	2	2	2	2	2	2	2	2	2	0	0	0	0	2	2	0	0	0	2	0	0	0	2	0	2	2	2	2	2	0	2	2	2	2	0	2	0	2	2	2	0	2	0	2	2	0	2	0	0	0	2	0	2	0	0	2	0	0	2	2	2	2	2	2	0	2	0	0	1	0	0	1	1	0	0	0	0	0	0	0	1	0	2	2	2	2	0	2	0	0	2	0	0	0
353	2	1	1	1	2	0	1	1	1	2	1	1	2	2	1	0	0	2	2	2	2	2	2	2	1	2	2	2	2	2	2	2	2	2	2	2	2	2	2	2	2	2	2	2	2	2	2	2	1	1	2	2	2	2	2	2	2	2	2	2	2	2	2	0	2	2	2	2	2	1	1	1	1	1	1	1	1	1	1	1	1	2	2	2	2	2	2	2	2	2	2	1	2	2	0	0	0	0	2	2	0	0	1	2	0	0	0	2	0	2	2	2	2	2	0	2	2	2	2	0	2	0	2	2	2	0	2	0	2	2	0	2	0	0	0	1	0	2	0	0	2	0	0	1	1	2	2	2	2	0	2	0	0	2	2	2	2	2	0	0	0	0	0	1	0	0	0	1	1	1	1	0	0	0	0	1	0	0	0
354	2	0	2	2	2	0	2	2	2	1	2	2	2	2	2	0	0	2	2	2	2	2	2	2	2	2	2	2	2	2	2	2	2	2	2	2	2	2	2	2	2	2	2	2	2	2	2	2	1	1	2	2	2	2	2	2	2	2	2	2	2	2	2	0	2	2	2	2	1	2	1	1	1	0	1	1	1	1	1	1	1	2	2	2	2	2	2	2	2	2	2	1	2	2	0	0	0	0	1	2	0	0	0	2	0	0	0	2	0	2	2	2	2	2	0	2	2	2	2	0	2	0	2	2	2	0	2	0	2	2	0	2	0	0	0	1	0	2	0	0	2	0	0	1	2	2	2	2	2	0	2	0	0	2	2	2	2	2	0	0	0	0	1	2	0	1	1	1	0	1	1	0	1	0	0	0	0	0	0
355	2	0	2	2	2	0	2	2	2	2	2	2	2	2	2	0	0	2	2	2	2	2	2	2	1	2	2	2	2	2	2	2	2	2	2	2	2	2	2	2	2	2	2	2	1	2	2	2	2	2	2	2	2	2	2	2	2	2	2	2	2	2	2	0	2	2	2	2	2	2	2	1	1	1	2	2	2	2	1	2	2	2	2	2	2	2	2	2	2	2	2	2	2	2	0	0	0	0	2	2	0	0	0	2	0	0	0	2	0	2	2	2	2	2	0	2	2	2	2	0	2	0	2	2	2	0	2	0	2	2	0	2	0	0	0	2	0	2	0	0	2	0	0	2	2	2	2	2	2	0	2	0	0	2	2	2	2	2	1	1	1	1	1	2	1	1	1	2	2	2	2	0	1	0	0	2	0	0	0
356	2	1	1	2	2	0	2	2	2	2	2	1	2	2	2	0	0	2	2	2	2	2	2	2	2	2	2	2	2	2	2	2	2	2	2	2	2	2	2	2	2	2	2	2	2	2	2	2	2	2	2	2	2	2	2	2	2	2	2	2	2	2	2	0	2	2	2	2	2	2	1	2	2	2	2	2	2	2	2	2	2	2	2	2	2	2	2	2	2	2	2	2	2	2	0	0	0	0	2	2	0	0	0	2	0	0	0	2	0	2	2	2	2	2	0	2	1	2	2	0	2	0	2	2	2	0	2	0	2	2	0	2	0	0	0	2	0	2	0	0	2	0	0	2	2	2	2	2	2	0	2	0	0	2	2	2	2	2	0	0	0	0	0	2	0	0	0	1	0	0	0	0	0	0	0	0	0	0	0
357	2	0	2	2	2	0	2	2	2	2	2	2	2	2	2	0	0	2	2	2	2	2	2	2	2	2	2	2	2	2	2	2	2	2	2	2	2	2	2	2	2	2	2	2	2	2	2	2	2	2	2	2	2	2	2	2	2	2	2	2	2	2	2	0	2	2	2	2	2	2	1	2	2	2	2	2	2	2	2	2	2	2	2	2	2	2	2	2	2	2	2	2	2	2	0	0	0	0	2	2	0	0	0	2	0	0	0	2	0	2	2	2	2	2	0	2	2	2	2	0	2	0	2	2	2	0	2	0	2	2	0	2	0	0	0	2	0	1	0	0	2	0	0	2	2	2	2	2	2	0	2	0	0	2	2	2	2	2	1	1	1	1	1	2	1	1	1	1	1	1	1	0	1	0	0	1	0	0	1
358	2	0	2	1	1	0	1	1	1	2	1	1	2	2	2	0	0	1	2	2	1	2	2	2	2	2	2	2	2	2	2	2	2	2	2	2	2	2	2	2	2	2	2	2	2	2	2	2	2	2	2	2	2	2	2	2	2	2	2	2	2	2	2	0	2	2	2	2	1	1	1	2	1	2	2	2	2	2	2	2	2	2	2	2	2	2	2	2	2	1	1	1	1	1	0	1	1	1	1	1	1	0	0	2	0	0	0	1	0	2	1	2	1	1	0	2	2	2	2	0	2	0	2	2	2	0	2	0	1	1	0	2	1	0	1	1	1	2	0	1	2	0	1	1	1	1	1	1	1	0	1	1	0	2	1	1	2	2	0	1	0	0	0	1	0	0	0	2	2	2	2	0	2	0	0	2	0	0	1
359	2	0	2	1	2	0	1	1	1	2	2	1	2	2	1	0	0	2	2	2	1	2	2	2	2	1	2	2	1	1	1	1	1	1	1	1	1	2	1	1	1	1	1	1	1	1	1	1	1	1	1	1	1	1	1	1	1	1	1	1	2	1	1	1	1	1	1	1	1	1	1	0	0	1	1	1	1	1	1	1	1	1	1	1	1	2	1	2	1	1	1	1	1	1	0	1	1	1	2	2	0	0	0	1	0	0	0	2	0	2	2	2	1	1	0	2	2	2	2	0	2	0	1	1	2	0	2	0	2	2	1	1	1	0	0	2	0	2	0	0	2	0	1	1	1	1	1	1	1	0	1	1	0	2	1	1	2	2	0	0	0	0	1	2	0	1	1	1	0	1	1	0	1	0	0	0	0	0	0
360	2	1	1	2	2	0	2	2	2	2	2	2	2	2	2	0	0	2	2	2	2	2	2	2	1	2	2	2	2	2	2	2	2	2	2	2	2	2	2	2	2	2	2	2	2	2	2	2	2	2	2	2	2	2	2	2	2	2	2	2	2	2	2	0	2	2	2	2	2	1	2	2	2	2	2	2	2	2	2	2	2	2	2	2	2	2	2	2	2	2	2	1	2	2	0	0	0	0	2	2	0	0	0	2	0	0	0	2	0	2	2	2	2	2	0	2	2	2	2	0	2	0	2	2	2	0	2	0	2	2	0	2	0	0	0	2	0	2	0	0	2	0	0	2	2	2	2	2	2	0	2	0	0	1	1	1	1	1	0	1	1	0	0	1	0	1	0	2	2	2	2	0	2	0	0	2	0	0	0
361	2	0	2	2	2	0	2	2	2	1	2	1	2	2	2	0	0	2	2	2	2	2	2	2	2	2	2	2	2	2	2	2	2	2	2	2	2	2	2	2	2	2	2	2	2	2	2	2	2	2	2	2	2	2	2	2	2	2	2	2	2	2	2	0	1	2	2	2	2	1	1	2	1	2	2	2	2	2	2	2	2	2	1	2	2	2	2	2	1	2	2	2	2	2	0	0	0	0	2	2	0	0	0	2	0	0	0	2	0	2	2	2	2	2	0	2	2	2	2	0	2	0	2	2	2	0	2	0	2	2	0	2	0	0	0	2	0	2	0	0	2	0	0	2	2	2	2	2	2	0	2	0	0	2	2	2	2	2	0	1	0	0	0	2	0	0	0	1	1	1	1	1	0	0	0	1	0	0	0
362	2	0	2	1	1	0	2	2	0	2	2	1	2	2	2	0	0	2	2	2	2	2	2	2	2	2	1	2	2	1	1	2	1	1	2	2	2	2	2	2	2	1	1	2	2	2	2	1	2	2	2	2	2	2	2	2	2	2	2	2	2	2	2	0	2	2	2	2	2	1	1	0	0	1	1	1	1	1	1	1	1	2	1	2	2	2	1	2	2	2	2	2	1	1	0	0	0	0	1	1	0	0	0	1	0	0	1	1	0	1	1	2	1	1	0	2	1	2	2	1	2	0	2	2	2	0	2	0	2	2	0	2	0	0	0	2	0	2	0	0	2	0	0	2	2	2	2	1	1	0	1	0	0	1	1	1	1	1	0	0	0	0	0	2	0	0	0	0	0	0	0	0	0	0	0	0	0	0	0
363	2	1	1	2	2	0	1	2	2	2	1	0	1	1	1	0	0	1	1	1	1	1	1	1	2	1	1	1	1	1	1	1	1	1	1	1	1	1	1	1	1	1	1	1	0	1	2	1	1	1	1	1	1	1	1	1	1	1	1	1	1	1	1	0	1	1	1	1	1	0	0	0	0	0	1	1	1	1	1	1	1	1	1	1	1	1	1	1	1	1	1	1	1	1	1	1	1	1	1	1	1	1	1	1	1	1	1	1	1	1	1	1	1	1	1	1	1	1	1	1	1	1	1	1	1	1	1	1	1	1	1	1	1	1	1	1	1	2	1	1	1	0	1	1	1	1	1	1	1	1	1	1	1	2	2	2	2	2	2	1	1	2	2	2	2	2	2	2	2	2	2	1	2	1	1	2	1	1	1
364	2	1	1	2	2	0	2	2	2	2	2	2	2	2	2	0	0	2	2	2	2	2	2	2	1	2	2	2	2	2	2	2	2	2	2	2	2	2	2	2	2	2	2	2	2	2	2	2	2	2	2	2	2	2	2	2	2	2	2	2	2	2	2	0	2	2	2	2	2	2	1	1	1	1	1	1	1	1	1	2	2	2	2	2	2	2	2	2	2	2	2	2	2	2	0	0	0	0	2	2	0	0	0	2	0	0	0	2	0	2	2	2	2	2	0	2	2	2	2	0	1	0	2	2	2	0	2	0	2	2	0	2	0	0	0	2	0	1	0	0	2	0	0	1	2	2	2	2	2	0	2	0	0	1	1	1	1	1	0	1	0	0	0	1	0	1	0	2	2	2	2	1	1	0	0	2	0	0	0
365	2	1	1	2	2	0	2	2	2	2	2	2	2	2	2	0	0	2	2	2	2	2	2	2	2	2	2	2	2	2	2	2	2	2	2	2	2	2	1	1	1	1	1	1	1	1	1	1	1	1	1	1	1	1	1	1	1	1	1	1	2	1	1	1	0	1	1	1	1	0	0	0	0	0	0	0	0	0	1	1	1	1	1	1	1	2	1	2	0	0	0	1	0	0	0	1	1	2	2	1	0	0	0	0	0	0	0	2	0	2	2	2	1	1	0	2	2	2	2	0	2	0	1	1	2	0	2	0	2	2	1	1	1	0	0	2	0	2	0	0	2	0	1	1	1	1	1	1	1	0	1	1	0	2	1	1	2	2	0	0	0	0	1	2	0	1	1	1	0	1	1	0	1	0	0	0	0	0	0
366	2	0	1	1	2	0	1	1	1	2	1	2	2	2	2	0	0	2	2	2	2	2	2	2	2	2	2	2	2	2	2	2	2	2	2	2	2	2	2	2	2	2	2	2	2	2	2	2	2	2	2	2	2	2	2	2	2	2	2	2	2	2	2	0	2	2	2	2	2	1	2	1	1	1	1	2	2	2	2	2	2	2	2	2	2	2	2	2	2	2	2	2	2	2	0	0	0	0	2	2	0	0	0	2	0	0	0	2	0	2	2	2	2	2	0	2	2	2	1	0	2	0	2	2	2	0	2	0	2	2	0	2	0	0	0	2	0	2	0	0	2	0	0	2	2	2	2	2	2	0	2	0	0	1	1	1	1	1	0	0	0	0	1	1	0	2	1	2	1	2	2	0	2	0	0	1	0	0	0
367	2	0	2	2	2	0	2	2	2	2	2	2	2	2	2	0	0	2	2	2	2	2	2	2	2	2	2	2	2	2	2	2	2	2	2	2	2	2	2	2	2	2	2	2	1	2	2	2	2	2	2	2	2	2	2	2	2	2	2	2	2	2	2	0	2	2	2	2	2	1	1	2	2	2	2	2	2	2	2	2	2	2	2	2	2	2	2	2	2	2	2	2	2	2	0	0	0	0	2	2	0	0	0	2	0	0	0	2	0	2	2	2	2	2	0	2	2	2	2	0	2	0	2	2	2	0	2	0	2	2	0	2	0	0	0	2	0	2	0	0	2	0	0	1	2	2	2	2	2	0	2	0	0	2	2	2	2	2	1	0	1	1	1	2	1	1	1	1	1	1	1	0	1	0	0	1	0	0	1
368	2	1	1	2	2	0	2	2	2	2	2	2	2	2	2	0	0	2	2	2	2	2	2	2	2	2	2	2	2	2	2	2	2	2	2	2	2	2	2	2	2	2	2	2	2	2	2	2	2	2	2	2	2	2	2	2	2	2	2	2	2	2	2	0	2	2	2	2	2	2	1	2	1	2	2	2	2	2	2	2	2	2	2	2	2	2	2	2	2	2	2	2	2	2	0	0	0	0	2	2	0	0	0	2	0	0	0	2	0	2	2	2	2	2	0	2	2	2	2	0	2	0	2	2	2	0	2	0	2	2	0	2	0	0	0	2	0	1	0	0	2	0	0	2	2	2	2	2	2	0	2	0	0	2	2	2	2	2	0	0	0	0	0	2	0	0	0	1	0	0	0	0	0	0	0	0	0	0	1
369	2	0	2	2	2	0	2	2	2	2	2	2	2	2	2	0	0	2	2	2	2	2	2	2	2	2	2	2	2	2	2	2	2	2	2	2	2	2	2	2	2	2	2	2	1	2	2	2	2	2	2	2	2	2	2	2	1	2	2	2	2	2	2	0	1	2	2	2	2	2	1	2	0	2	2	2	2	2	1	2	2	2	2	2	2	2	2	2	1	1	1	2	1	1	0	0	0	1	2	1	0	0	0	1	0	0	0	2	0	2	2	2	2	2	0	2	2	2	2	0	2	0	2	2	2	0	2	0	2	2	0	2	0	0	0	2	0	2	0	0	2	0	0	2	2	2	2	2	2	0	2	0	0	2	2	2	2	2	0	1	0	0	0	2	0	0	0	1	1	1	1	1	1	0	0	1	0	0	0
370	2	0	2	2	2	0	2	2	2	2	1	2	2	2	2	0	0	2	2	2	2	2	2	2	2	2	2	2	2	2	2	2	2	2	2	2	2	2	2	2	2	2	2	2	2	2	2	1	2	2	2	2	2	2	2	2	2	2	2	2	2	2	2	0	2	2	2	2	2	1	1	1	2	2	2	2	2	2	2	2	2	2	1	2	2	2	2	2	2	2	2	2	2	2	0	0	0	0	2	2	0	0	0	2	0	0	0	2	0	2	2	2	2	2	0	1	1	2	2	0	2	0	2	2	2	0	2	0	2	2	0	2	0	0	0	2	0	2	0	0	2	0	0	2	2	2	2	2	2	0	2	0	0	2	2	2	2	2	0	0	0	0	0	2	0	0	0	0	0	0	0	0	0	0	0	0	0	0	0
371	2	0	1	2	2	0	2	2	2	2	2	2	2	2	2	0	0	2	2	2	2	2	2	2	2	2	2	2	2	2	2	2	2	2	2	2	2	2	2	2	2	2	2	2	2	2	2	2	2	2	2	2	2	2	2	2	2	2	2	2	2	2	2	0	2	2	2	2	2	2	1	1	1	2	2	2	2	2	2	2	2	2	2	2	2	2	2	2	2	2	2	2	2	2	0	0	0	0	2	2	0	0	0	2	0	0	0	2	0	2	2	2	2	2	0	2	1	2	2	0	1	0	2	2	2	0	2	0	2	2	0	2	0	0	0	2	0	2	0	0	2	0	0	2	2	2	2	2	2	0	2	0	0	2	2	2	2	2	0	0	0	0	0	2	0	0	0	0	0	0	0	1	0	0	0	0	0	0	0
372	2	1	1	2	2	0	2	2	2	2	2	2	2	2	2	0	0	2	2	2	2	2	2	2	2	2	2	2	2	2	2	2	2	2	2	2	2	2	2	2	2	2	2	2	1	2	2	2	2	2	2	2	2	2	2	2	2	2	2	2	2	2	2	0	2	2	2	2	2	2	2	2	2	1	2	2	2	2	2	2	2	2	2	2	2	2	2	2	2	1	1	1	1	1	0	1	1	1	1	1	1	0	0	2	0	0	0	1	0	2	1	2	1	1	0	2	2	2	2	0	2	0	2	2	2	0	2	0	1	1	0	2	1	0	1	1	1	2	0	1	2	0	1	1	1	1	1	1	1	0	1	1	0	2	1	1	2	2	0	0	0	0	0	1	0	0	0	2	1	1	1	0	1	0	0	1	0	0	0
