0	0
2	0
3	0
4	0
5	0
6	0
7	1
8	1
9	0
10	0
11	1
12	0
13	1
14	0
15	0
16	0
17	1
18	1
19	0
20	0
21	2
22	0
23	0
24	0
25	0
26	0
27	0
28	1
41	0
42	2
43	0
44	0
45	0
46	0
47	0
48	0
49	0
50	0
51	0
52	1
53	1
54	0
55	2
56	0
57	0
58	0
59	1
60	1
61	0
62	1
63	0
64	1
65	0
66	0
67	0
68	0
69	1
70	1
71	0
72	0
73	0
74	0
75	0
76	0
77	1
78	0
79	0
80	0
81	1
82	0
83	0
84	0
85	0
86	0
87	0
88	0
89	1
90	0
91	1
92	0
93	0
94	0
95	1
96	1
97	0
98	0
99	2
100	0
101	0
102	0
103	1
104	0
105	0
106	1
107	0
108	0
109	0
110	1
111	0
112	0
113	1
114	0
115	0
117	1
118	0
119	0
120	1
121	0
122	1
123	1
124	0
125	0
126	0
127	1
128	1
129	0
130	0
131	0
132	1
133	0
134	0
135	0
136	0
137	0
138	0
139	1
140	0
141	0
142	0
143	1
144	2
145	1
146	1
147	1
148	0
149	1
150	0
151	0
152	0
153	0
154	0
155	0
156	0
157	0
158	1
159	1
160	0
161	1
162	0
163	0
164	0
165	0
166	1
167	1
168	0
169	1
170	1
171	0
172	1
173	1
174	1
175	0
176	0
177	0
178	0
179	0
180	0
181	0
182	0
183	0
184	0
185	0
186	1
187	1
188	1
189	0
190	0
191	0
192	0
193	0
194	1
195	0
196	0
197	0
198	0
199	0
200	0
201	0
202	0
203	0
204	1
205	0
206	0
207	0
208	0
209	0
210	0
211	0
212	0
213	0
214	0
215	1
216	0
217	1
218	0
219	0
220	0
222	0
223	1
224	0
225	1
226	0
227	0
228	0
229	0
230	1
231	0
232	0
233	1
234	0
235	2
236	0
237	0
238	0
239	1
240	1
241	0
242	0
243	1
244	0
245	0
246	0
247	0
248	0
249	0
250	0
251	0
252	0
253	1
254	0
255	0
256	1
257	0
258	0
259	1
260	0
261	0
262	0
263	0
264	0
265	0
266	0
267	0
268	0
269	1
270	0
271	0
272	0
273	1
274	0
275	1
276	0
277	0
278	1
279	0
280	0
281	0
282	0
283	0
284	0
285	0
286	0
287	1
288	0
289	0
290	0
291	0
292	0
293	0
294	0
295	1
373	0
374	0
375	0
376	0
377	1
378	0
379	0
380	0
381	1
382	1
383	0
384	0
385	1
386	1
387	0
388	0
389	0
390	0
391	0
392	0
393	0
394	0
395	0
396	0
397	0
398	0
399	0
400	0
401	1
402	0
403	0
404	0
405	1
406	0
407	0
408	0
409	1
410	0
411	1
412	1
413	0
414	0
415	0
416	1
417	0
418	0
419	0
420	0
421	0
422	0
423	0
424	1
425	1
426	0
427	0
428	0
429	1
430	0
431	0
432	0
433	0
434	0
435	0
436	0
437	0
438	0
439	0
440	0
441	0
442	0
443	1
444	0
445	0
446	0
447	0
448	1
449	2
450	2
451	0
452	0
453	0
454	0
455	0
456	0
457	0
458	0
459	0
460	0
461	0
462	0
463	0
464	0
