29	1	1	1	1	1	1	0
30	2	2	1	1	1	1	1
31	1	1	0	0	0	0	0
32	1	1	1	1	1	1	1
33	0	0	0	1	0	0	0
34	0	0	0	0	0	0	0
35	1	1	1	1	1	1	1
36	0	0	2	2	2	2	2
37	0	0	1	1	1	1	1
38	0	0	2	2	2	2	2
39	0	0	2	2	2	2	2
40	0	0	2	2	2	2	2
296	1	1	2	1	2	2	2
297	0	0	2	2	2	2	2
298	0	0	2	2	2	2	2
299	0	0	1	1	1	1	1
300	0	0	1	1	1	1	1
301	0	0	2	2	2	2	2
302	0	0	2	2	2	2	1
303	2	2	1	1	1	1	1
304	1	1	0	0	0	0	0
305	0	0	2	2	2	2	2
306	2	2	0	0	0	0	0
307	0	0	2	2	2	2	2
308	0	0	2	2	2	2	2
309	0	0	1	1	1	1	1
310	0	0	0	0	0	0	0
311	1	1	0	0	0	0	0
312	0	0	1	1	1	1	1
313	0	0	1	1	1	1	1
314	0	0	1	1	1	1	1
315	0	0	2	2	2	2	2
316	2	2	0	0	0	0	0
317	0	0	1	1	1	1	1
318	1	1	1	1	1	1	1
319	1	1	2	2	2	2	1
320	0	0	2	2	2	2	2
321	2	2	1	1	1	1	1
322	0	0	2	2	2	2	2
323	2	2	1	1	1	1	1
324	0	0	1	1	1	1	1
325	0	0	2	2	2	2	2
326	0	0	1	1	1	1	1
327	1	1	1	1	1	1	1
328	0	0	1	1	1	1	1
329	1	1	1	1	1	1	1
330	0	0	1	1	1	1	1
331	0	0	1	1	1	1	1
332	0	0	2	1	2	2	2
333	0	0	1	1	1	1	1
334	0	0	0	0	0	0	0
335	0	0	2	2	2	2	2
336	0	0	2	1	2	2	2
337	1	1	1	1	1	1	1
338	0	0	2	2	2	2	2
339	0	0	0	0	0	0	0
340	0	0	1	1	1	1	1
341	1	1	1	1	1	1	1
342	0	0	1	1	1	1	1
343	1	1	1	1	1	1	1
344	0	0	1	1	1	1	1
345	1	1	2	2	2	2	2
346	1	1	2	1	2	2	2
347	1	1	2	2	2	2	1
348	0	0	2	2	2	2	1
349	1	1	1	1	1	1	1
350	0	0	2	2	2	2	2
351	1	1	1	1	1	1	1
352	1	1	2	2	2	2	2
353	0	0	2	2	2	2	2
354	0	0	1	1	1	1	1
355	1	1	1	1	1	1	1
356	1	1	1	1	1	1	1
357	0	0	1	1	1	1	1
358	0	0	2	2	2	2	2
359	0	0	2	2	2	2	2
360	0	0	2	2	2	2	2
361	0	0	1	1	1	1	1
362	0	0	2	2	2	2	2
363	0	0	1	1	1	1	1
364	0	0	2	2	2	2	2
365	0	0	2	1	2	2	2
366	0	0	2	1	2	2	2
367	0	0	2	2	2	2	2
368	0	0	1	1	1	1	1
369	1	1	2	2	2	2	2
370	0	0	2	2	2	2	2
371	1	1	2	2	2	2	2
372	1	1	2	1	2	2	2
