0	1	1	1	1	1	1	1
2	1	1	1	1	1	1	1
3	2	2	1	1	1	1	1
4	1	1	1	1	1	1	1
5	0	0	0	0	0	0	0
6	1	1	0	0	0	0	0
7	0	0	1	1	1	1	1
8	1	1	1	0	1	1	1
9	2	2	2	2	2	2	2
10	1	1	1	1	1	1	1
11	1	1	1	1	1	1	1
12	0	0	2	2	2	2	2
13	0	0	2	2	2	2	2
14	2	2	0	0	0	0	0
15	0	0	0	0	0	0	0
16	1	1	1	1	1	1	1
17	0	0	1	1	1	1	1
18	1	1	1	1	1	1	1
19	1	1	1	1	1	1	1
20	0	0	1	1	1	1	1
21	0	0	0	0	0	0	0
22	0	0	0	0	0	0	0
23	0	0	1	1	1	1	1
24	1	1	0	0	0	0	0
25	1	1	1	1	1	1	1
26	0	0	0	0	0	0	0
27	2	2	1	1	1	1	1
28	1	1	2	2	2	2	2
41	0	0	1	1	1	1	1
42	2	2	2	2	2	2	2
43	0	0	0	0	0	0	0
44	2	2	0	0	0	0	0
45	0	0	1	1	1	1	1
46	0	0	2	1	2	2	2
47	2	2	1	1	1	1	1
48	0	0	1	1	1	1	1
49	0	0	2	2	2	2	2
50	2	2	2	2	2	2	2
51	1	1	0	0	0	0	0
52	2	2	2	2	2	2	2
53	2	2	1	1	1	1	1
54	0	0	0	0	0	0	0
55	0	0	1	1	1	1	1
56	0	0	0	0	0	0	0
57	0	0	1	1	1	1	1
58	0	0	0	0	0	0	0
59	2	2	2	2	2	2	2
60	0	0	0	0	0	0	0
61	0	0	1	1	1	1	1
62	0	0	1	1	1	1	1
63	1	1	1	1	1	1	1
64	0	0	2	2	2	2	2
65	0	0	0	0	0	0	0
66	0	0	2	2	2	2	2
67	1	1	1	1	1	1	1
68	2	2	1	1	1	1	1
69	0	0	1	1	1	1	1
70	1	1	1	1	1	1	1
71	0	0	2	2	2	2	2
72	1	1	1	1	1	1	1
73	1	1	1	1	1	1	1
74	1	1	0	0	0	0	0
75	2	2	1	1	1	1	1
76	1	1	0	0	0	0	0
77	0	0	0	0	0	0	0
78	0	0	0	0	0	0	0
79	2	2	2	2	2	2	2
80	0	0	0	0	0	0	0
81	1	1	1	1	1	1	1
82	1	1	1	1	1	1	1
83	1	1	1	1	1	1	1
84	1	1	1	1	1	1	1
85	0	0	0	0	0	0	0
86	0	0	0	0	0	0	0
87	1	1	2	2	2	2	2
88	0	0	2	2	2	2	2
89	0	0	1	1	1	1	1
90	0	0	1	1	1	1	1
91	2	2	2	2	2	2	2
92	0	0	0	0	0	0	0
93	1	1	1	1	1	1	1
94	0	0	0	0	0	0	0
95	1	1	1	1	1	1	1
96	1	1	2	2	2	2	2
97	1	1	2	2	2	2	2
98	1	1	1	1	1	1	1
99	1	1	0	0	0	0	0
100	1	1	1	1	1	1	1
101	1	1	1	1	1	1	1
102	2	2	1	1	1	1	1
103	0	0	1	1	1	1	1
104	0	0	1	1	1	1	1
105	0	0	0	0	0	0	0
106	0	0	0	0	0	0	0
107	1	1	1	1	1	1	1
108	2	2	2	2	2	2	2
109	1	1	2	2	2	2	2
110	1	1	1	1	1	1	1
111	0	0	0	0	0	0	0
112	0	0	0	0	0	0	0
113	2	2	1	1	1	1	1
114	1	1	1	1	1	1	1
115	1	1	1	1	1	1	1
117	0	0	0	0	0	0	0
118	1	1	2	2	2	2	2
119	1	1	1	1	1	1	1
120	0	0	0	0	0	0	0
121	1	1	0	0	0	0	0
122	1	1	1	1	1	1	1
123	1	1	1	1	1	1	1
124	0	0	0	0	0	0	0
125	0	0	0	0	0	0	0
126	1	1	1	1	1	1	1
127	2	2	2	2	2	2	2
128	0	0	0	0	0	0	0
129	0	0	1	1	1	1	1
130	0	0	1	1	1	1	1
131	1	1	1	1	1	1	1
132	0	0	0	0	0	0	0
133	2	2	1	1	1	1	1
134	1	1	0	0	0	0	0
135	0	0	0	0	0	0	0
136	1	1	1	1	1	1	1
137	1	1	1	1	1	1	1
138	1	1	1	1	1	1	1
139	0	0	1	1	1	1	1
140	0	0	0	0	0	0	0
141	0	0	0	0	0	0	0
142	1	1	0	0	0	0	0
143	2	2	1	1	1	1	1
144	1	1	1	1	1	1	1
145	1	1	1	1	1	1	1
146	2	2	1	1	1	1	1
147	1	1	1	1	1	1	1
148	1	1	0	0	0	0	0
149	0	0	2	2	2	2	2
150	1	1	1	1	1	1	1
151	1	1	2	2	2	2	2
152	2	2	1	1	1	1	1
153	2	2	1	1	1	1	1
154	0	0	1	1	1	1	1
155	0	0	2	2	2	2	2
156	0	0	0	0	0	0	0
157	1	1	0	0	0	0	0
158	0	0	1	1	1	1	1
159	0	0	1	1	1	1	1
160	1	1	0	0	0	0	0
161	1	1	2	2	2	2	2
162	0	0	0	0	0	0	0
163	2	2	2	2	2	2	2
164	0	0	2	2	2	2	2
165	1	1	0	0	0	0	0
166	1	1	2	2	2	2	2
167	1	1	0	0	0	0	0
168	1	1	0	0	0	0	0
169	0	0	1	1	1	1	1
170	1	1	1	1	1	1	1
171	2	2	2	2	2	2	2
172	0	0	1	1	1	1	1
173	1	1	1	1	1	1	1
174	0	0	1	1	1	1	1
175	1	1	1	1	1	1	1
176	1	1	0	0	0	0	0
177	2	2	1	1	1	1	1
178	1	1	1	1	1	1	0
179	1	1	1	1	1	1	1
180	1	1	0	0	0	0	0
181	1	1	2	2	2	2	2
182	0	0	0	0	0	0	0
183	1	1	2	2	2	2	2
184	1	1	1	1	1	1	1
185	1	1	2	2	2	2	2
186	1	1	1	1	1	1	1
187	1	1	1	1	1	1	1
188	0	0	2	2	2	2	2
189	0	0	0	0	0	0	0
190	0	0	0	0	0	0	0
191	1	1	1	1	1	1	1
192	0	0	1	1	1	1	1
193	2	2	1	1	1	1	1
194	2	2	2	2	2	2	2
195	0	0	1	1	1	1	1
196	0	0	1	1	1	1	1
197	0	0	0	0	0	0	0
198	1	1	1	1	1	1	1
199	1	1	2	2	2	2	2
200	1	1	1	1	1	1	1
201	1	1	2	2	2	2	2
202	1	1	2	2	2	2	2
203	1	1	1	1	1	1	1
204	1	1	1	1	1	1	1
205	0	0	0	0	0	0	0
206	0	0	0	0	0	0	0
207	1	1	0	0	0	0	0
208	1	1	1	1	1	1	1
209	1	1	1	1	1	1	1
210	0	0	2	2	2	2	2
211	2	2	2	2	2	2	2
212	0	0	0	0	0	0	0
213	2	2	2	2	2	2	2
214	1	1	2	2	2	2	2
215	2	2	2	2	2	2	2
216	0	0	2	2	2	2	2
217	1	1	1	1	1	1	1
218	0	0	1	1	1	1	1
219	1	1	0	0	0	0	0
220	0	0	0	0	0	0	0
222	0	0	1	1	1	1	1
223	1	1	1	1	1	1	1
224	2	2	2	2	2	2	2
225	1	1	0	0	0	0	0
226	0	0	1	1	1	1	1
227	2	2	1	1	1	1	1
228	1	1	2	2	2	2	2
229	1	1	1	1	1	1	1
230	1	1	0	0	0	0	0
231	0	0	0	0	0	0	0
232	1	1	1	1	1	1	1
233	1	1	1	1	1	1	1
234	1	1	1	1	1	1	1
235	0	0	0	0	0	0	0
236	0	0	0	0	0	0	0
237	0	0	0	0	0	0	0
238	0	0	0	0	0	0	0
239	0	0	0	0	0	0	0
240	2	2	1	1	1	1	1
241	0	0	0	0	0	0	0
242	0	0	2	2	2	2	2
243	0	0	0	0	0	0	0
244	1	1	0	0	0	0	0
245	2	2	1	1	1	1	1
246	1	1	1	1	1	1	1
247	0	0	0	0	0	0	0
248	0	0	2	2	2	2	2
249	1	1	0	0	0	0	0
250	1	1	1	1	1	1	1
251	1	1	1	0	1	1	1
252	2	2	2	2	2	2	2
253	1	1	2	2	2	2	2
254	0	0	0	0	0	0	0
255	0	0	0	0	0	0	0
256	1	1	0	0	0	0	0
257	1	1	0	0	0	0	0
258	1	1	2	2	2	2	2
259	0	0	1	1	1	1	1
260	0	0	1	1	1	1	1
261	1	1	1	1	1	1	1
262	1	1	1	1	1	1	1
263	1	1	2	2	2	2	2
264	1	1	1	1	1	1	1
265	0	0	1	1	1	1	1
266	1	1	1	1	1	1	1
267	1	1	1	1	1	1	1
268	2	2	1	1	1	1	1
269	2	2	2	2	2	2	1
270	1	1	1	1	1	1	1
271	0	0	0	0	0	0	0
272	0	0	1	1	1	1	1
273	1	1	0	0	0	0	0
274	1	1	1	1	1	1	1
275	0	0	0	0	0	0	0
276	1	1	1	1	1	1	1
277	0	0	0	0	0	0	0
278	1	1	1	1	1	1	1
279	0	0	1	1	1	1	1
280	0	0	0	0	0	0	0
281	1	1	1	1	1	1	1
282	0	0	0	0	0	0	0
283	0	0	1	1	1	1	1
284	1	1	1	1	1	1	1
285	1	1	1	1	1	1	1
286	0	0	0	0	0	0	0
287	0	0	1	1	1	1	1
288	2	2	2	1	2	2	2
289	1	1	1	1	1	1	1
290	1	1	1	1	1	1	1
291	2	2	2	2	2	2	2
292	0	0	0	0	0	0	0
293	0	0	1	1	1	1	1
294	1	1	2	2	2	2	2
295	1	1	2	2	2	2	2
373	1	1	1	1	1	1	1
374	0	0	1	1	1	1	1
375	0	0	0	0	0	0	0
376	0	0	1	1	1	1	1
377	0	0	1	1	1	1	1
378	0	0	0	0	0	0	0
379	0	0	0	0	0	0	0
380	1	1	0	0	0	0	0
381	1	1	1	1	1	1	1
382	0	0	0	0	0	0	0
383	1	1	1	1	1	1	1
384	1	1	2	2	2	2	2
385	1	1	1	1	1	1	1
386	1	1	0	0	0	0	0
387	0	0	1	1	1	1	1
388	1	1	1	1	1	1	1
389	1	1	1	1	1	1	1
390	0	0	0	0	0	0	0
391	1	1	1	1	1	1	1
392	2	2	1	1	1	1	1
393	0	0	0	0	0	0	0
394	2	2	1	1	1	1	1
395	1	1	1	1	1	1	1
396	1	1	2	2	2	2	2
397	1	1	1	1	1	1	1
398	0	0	1	1	1	1	1
399	0	0	0	0	0	0	0
400	1	1	1	1	1	1	1
401	0	0	1	1	1	1	1
402	1	1	1	1	1	1	1
403	1	1	1	1	1	1	1
404	1	1	2	1	1	1	1
405	1	1	1	1	1	1	1
406	1	1	1	1	1	1	1
407	0	0	0	0	0	0	0
408	2	2	2	2	2	2	2
409	0	0	0	0	0	0	0
410	1	1	1	1	1	1	1
411	1	1	1	1	1	1	1
412	1	1	0	0	0	0	0
413	1	1	1	1	1	1	1
414	2	2	2	2	2	2	2
415	2	2	0	0	0	0	0
416	2	2	2	2	2	2	2
417	0	0	1	1	1	1	1
418	0	0	0	0	0	0	0
419	1	1	1	1	1	1	1
420	2	2	1	1	1	1	1
421	1	1	2	2	2	2	2
422	0	0	1	1	1	1	1
423	0	0	0	0	0	0	0
424	0	0	0	0	0	0	0
425	0	0	2	2	2	2	2
426	2	2	2	2	2	2	2
427	1	1	1	0	1	1	1
428	0	0	1	1	1	1	1
429	0	0	1	1	1	1	1
430	1	1	0	0	0	0	0
431	2	2	1	1	1	1	1
432	1	1	2	2	2	2	2
433	2	2	2	2	2	2	2
434	0	0	2	1	1	1	1
435	0	0	0	0	0	0	0
436	0	0	0	0	0	0	0
437	1	1	2	2	2	2	2
438	1	1	1	1	1	1	1
439	1	1	2	1	2	2	2
440	1	1	1	1	1	1	1
441	0	0	0	0	0	0	0
442	1	1	0	0	0	0	0
443	0	0	0	0	0	0	0
444	0	0	0	0	0	0	0
445	1	1	0	0	0	0	0
446	0	0	0	0	0	0	0
447	0	0	1	1	1	1	1
448	1	1	1	1	1	1	1
449	1	1	2	1	2	2	2
450	0	0	1	1	1	1	1
451	1	1	1	1	1	1	1
452	0	0	1	1	1	1	1
453	1	1	1	1	1	1	1
454	1	1	1	1	1	1	1
455	0	0	1	1	1	1	1
456	0	0	0	0	0	0	0
457	1	1	1	1	1	1	1
458	0	0	0	0	0	0	0
459	0	0	0	0	0	0	0
460	1	1	0	0	0	0	0
461	0	0	0	0	0	0	0
462	1	1	1	1	1	1	1
463	1	1	2	2	2	2	2
464	2	2	2	2	2	2	2
