29	0	1	0	-1
30	0	0	0	-1
31	0	0	0	-1
32	0	0	0	-1
33	1	1	0	-1
34	0	0	0	-1
35	0	0	0	-1
36	0	0	0	-1
37	0	0	0	-1
38	0	0	0	-1
39	0	0	0	-1
40	1	1	0	-1
296	0	0	0	0
297	0	0	1	0
298	0	0	0	0
299	0	0	1	0
300	1	0	0	0
301	0	0	0	0
302	0	0	0	0
303	0	0	0	0
304	0	0	0	0
305	0	0	0	0
306	0	0	0	0
307	1	1	0	0
308	0	0	0	0
309	0	0	0	0
310	0	0	0	0
311	0	0	0	0
312	0	0	0	0
313	0	0	0	0
314	2	2	0	1
315	0	0	0	0
316	0	0	0	0
317	0	0	0	0
318	1	0	0	0
319	0	1	1	0
320	1	0	1	0
321	0	0	1	0
322	0	0	0	0
323	1	1	0	0
324	0	0	0	0
325	0	0	0	0
326	0	0	0	0
327	0	0	0	0
328	0	0	0	0
329	0	0	0	0
330	1	1	0	0
331	1	1	0	0
332	0	0	0	0
333	1	1	0	0
334	0	0	1	0
335	0	0	0	0
336	1	1	0	0
337	0	0	0	0
338	0	0	0	0
339	0	0	1	1
340	0	0	0	0
341	0	0	0	0
342	0	0	0	0
343	0	0	0	0
344	0	0	0	0
345	0	0	0	0
346	0	0	0	0
347	1	1	0	0
348	0	0	0	0
349	0	0	1	0
350	0	0	0	0
351	0	0	0	0
352	0	0	0	0
353	0	0	0	0
354	1	1	0	0
355	0	0	1	0
356	0	0	0	0
357	0	0	0	2
358	0	0	0	0
359	1	1	0	0
360	1	1	1	1
361	0	0	0	0
362	1	1	0	0
363	0	0	0	0
364	0	0	1	1
365	0	0	1	0
366	0	0	0	0
367	0	0	0	0
368	2	1	0	0
369	0	0	0	0
370	1	1	0	0
371	0	0	0	0
372	1	1	0	0
