29	0	0	0	0	0	0	0	0	0	0	0	0
30	0	1	0	1	0	0	0	1	2	1	0	1
31	0	0	0	0	0	0	0	2	0	0	0	0
32	0	0	0	1	0	0	0	1	1	1	0	1
33	0	0	1	1	1	0	1	0	1	1	0	1
34	0	1	1	1	1	1	0	0	1	0	0	1
35	1	1	1	1	1	1	1	2	1	1	1	1
36	0	1	0	0	0	0	0	1	0	0	0	0
37	0	0	1	1	1	0	1	0	1	1	0	1
38	0	0	0	0	0	0	0	0	0	0	0	0
39	0	1	1	1	1	1	1	1	1	1	0	1
40	0	0	0	1	0	0	0	2	1	1	0	1
296	0	0	0	0	0	0	0	0	0	0	0	1
297	0	1	1	1	1	1	0	0	1	0	0	1
298	0	1	0	1	0	0	0	1	1	1	0	1
299	0	1	0	1	0	0	0	1	1	1	0	1
300	0	2	1	1	1	2	1	1	2	1	0	2
301	0	0	0	1	0	0	0	2	1	1	0	1
302	1	1	1	1	1	1	1	2	1	1	1	1
303	0	1	1	1	1	1	0	0	1	0	0	1
304	0	1	1	1	1	1	0	0	1	0	0	1
305	0	0	0	0	0	0	0	0	0	0	0	0
306	0	2	2	2	2	2	0	0	2	0	0	2
307	0	0	0	0	0	0	0	0	0	0	0	0
308	0	0	0	2	0	0	0	2	2	2	0	2
309	0	2	2	2	2	2	0	0	2	0	0	2
310	0	2	2	2	2	2	0	0	2	0	0	2
311	0	1	1	1	1	1	0	0	1	0	0	1
312	0	0	0	0	0	0	0	0	1	0	0	0
313	0	0	0	1	0	0	0	1	1	1	0	1
314	0	0	0	0	0	0	0	1	0	0	0	0
315	0	0	0	1	0	0	0	1	1	1	0	1
316	0	1	2	2	2	1	1	0	2	1	0	2
317	0	0	0	1	0	0	0	1	1	1	0	1
318	0	0	0	0	0	0	0	1	0	0	0	0
319	0	2	2	2	2	2	0	0	2	0	0	2
320	0	1	0	1	0	1	1	1	1	1	0	1
321	0	0	0	0	0	1	0	0	1	0	0	1
322	0	2	1	2	1	1	0	1	2	1	0	2
323	0	0	0	0	0	0	0	1	0	0	0	0
324	0	0	0	0	0	0	0	0	0	0	0	0
325	0	0	0	0	0	0	0	1	0	0	0	0
326	0	0	0	1	0	0	0	1	1	1	0	1
327	0	1	1	1	1	1	0	0	1	0	0	1
328	0	0	0	1	0	0	0	1	1	1	0	1
329	0	0	0	1	0	0	0	1	1	1	0	1
330	1	1	1	1	1	1	1	1	1	1	1	1
331	0	0	1	1	1	0	1	0	1	1	0	1
332	1	1	1	1	1	1	1	2	1	1	1	1
333	0	1	1	1	1	1	0	0	1	0	0	1
334	0	0	0	1	0	0	0	1	2	1	0	1
335	0	1	2	2	2	2	1	0	2	0	0	1
336	0	0	0	1	0	0	0	1	1	1	0	0
337	1	1	1	1	1	1	1	1	2	1	1	1
338	0	1	1	1	1	1	0	0	1	0	0	1
339	0	1	0	0	0	0	0	0	0	0	0	0
340	0	1	1	1	1	1	0	0	1	0	0	1
341	1	2	2	2	2	2	1	1	2	1	1	2
342	0	1	1	1	1	1	0	0	1	0	0	1
343	1	1	1	1	1	1	1	1	1	1	1	1
344	1	1	1	1	1	1	1	1	1	1	1	1
345	0	1	0	1	0	1	1	1	1	1	0	1
346	0	0	0	0	0	0	0	0	0	0	0	0
347	0	1	1	1	1	1	1	1	1	1	1	1
348	0	0	0	0	0	0	0	0	1	0	0	0
349	0	1	1	1	1	2	0	0	2	0	0	2
350	0	0	0	0	0	0	0	1	0	0	0	0
351	0	0	0	1	0	0	0	2	1	1	0	1
352	0	0	0	1	0	0	0	1	2	1	0	2
353	1	2	2	2	2	2	1	1	2	1	1	2
354	0	0	0	1	0	1	0	1	1	1	0	1
355	1	1	1	1	1	1	1	1	1	1	1	1
356	0	0	0	0	0	0	0	0	1	0	0	1
357	0	1	1	1	1	1	0	0	1	0	0	1
358	1	1	0	1	0	1	0	0	1	0	0	0
359	0	0	0	0	0	0	0	1	0	0	0	0
360	1	1	1	1	1	1	1	1	1	1	1	1
361	0	0	0	1	0	0	0	2	1	1	0	1
362	0	0	0	0	0	0	0	0	0	0	0	0
363	1	1	1	1	1	1	1	1	1	1	1	1
364	0	0	0	1	0	0	0	1	1	1	0	1
365	1	2	1	2	1	1	1	2	2	2	1	2
366	1	1	0	2	0	1	0	1	2	1	0	1
367	0	0	0	0	0	0	0	0	0	0	0	0
368	0	1	2	2	1	2	0	1	2	1	0	2
369	0	0	0	1	0	0	0	1	1	1	0	1
370	0	1	1	1	1	2	1	1	2	1	0	2
371	1	1	0	1	0	1	0	0	1	0	0	0
372	0	0	0	0	0	0	0	0	0	0	0	0
