0	1	1	1	1	1	1	1	1	1	1	1	1
2	0	0	0	0	0	0	0	0	0	0	0	0
3	0	0	0	0	0	0	0	0	0	0	0	0
4	2	2	2	2	2	2	2	2	2	2	1	2
5	1	1	2	2	2	2	2	2	2	2	0	2
6	0	0	0	0	0	0	0	0	0	0	0	0
7	2	2	2	2	2	2	2	2	2	2	1	2
8	0	0	1	1	1	1	1	1	1	1	1	1
9	0	0	0	0	0	0	0	0	0	0	0	0
10	0	0	0	0	0	0	0	0	0	0	0	0
11	2	2	2	2	2	2	2	2	2	2	2	2
12	1	1	1	1	1	1	1	1	1	1	1	1
13	1	1	1	1	1	1	1	1	1	1	1	1
14	1	1	2	2	2	2	2	2	2	2	1	2
15	0	0	0	0	0	0	0	0	0	0	0	0
16	1	1	1	1	1	1	1	1	1	1	1	1
17	1	1	1	1	1	1	1	1	2	1	1	1
18	0	0	1	1	1	1	1	1	1	1	1	1
19	0	0	0	0	0	0	0	0	0	0	0	0
20	0	0	1	1	1	1	1	1	1	1	1	1
21	0	0	0	0	0	0	0	0	0	0	0	0
22	1	1	1	1	1	1	1	1	1	1	1	1
23	0	0	0	0	0	0	0	0	0	0	0	0
24	0	0	0	0	0	0	0	0	0	0	0	0
25	0	0	0	0	0	0	0	0	0	0	0	0
26	2	2	2	2	2	2	2	2	2	2	2	2
27	1	1	1	1	1	1	1	1	1	1	1	1
28	0	0	1	1	1	1	1	1	1	1	1	1
41	1	1	1	1	1	1	1	1	1	1	1	1
42	1	1	1	1	1	1	1	1	1	1	1	1
43	1	1	1	1	1	1	1	1	1	1	1	1
44	0	0	0	0	0	0	0	0	0	0	0	0
45	0	0	0	0	0	0	0	0	0	0	0	0
46	0	0	0	0	0	0	0	0	0	0	0	0
47	0	0	0	0	0	0	0	0	0	0	0	0
48	1	1	1	1	1	1	1	1	1	1	1	1
49	1	1	1	1	1	1	1	1	1	1	1	1
50	1	1	1	1	1	1	1	1	1	1	1	1
51	0	0	0	0	0	0	0	0	0	0	0	0
52	1	1	1	1	1	1	1	1	1	1	1	1
53	0	0	1	1	1	1	1	1	1	1	1	1
54	0	0	0	0	0	0	0	0	0	0	0	1
55	0	0	0	0	0	0	0	0	0	0	0	0
56	1	1	1	1	1	1	1	1	1	1	1	1
57	1	1	1	1	1	1	1	1	1	1	1	1
58	1	1	1	0	1	1	1	1	1	1	1	1
59	0	0	1	1	1	1	1	1	1	1	1	1
60	0	0	0	0	0	0	0	0	0	0	0	0
61	2	2	2	2	2	2	2	2	2	2	2	2
62	0	0	0	0	0	0	0	0	0	0	0	0
63	0	1	1	1	1	1	1	1	1	1	1	1
64	0	0	0	0	0	0	0	0	0	0	0	0
65	0	0	0	0	0	0	0	0	1	0	0	0
66	0	0	0	0	0	0	0	0	0	0	0	0
67	0	0	0	0	0	0	0	0	0	0	0	0
68	0	0	0	0	0	0	0	0	0	0	0	0
69	0	0	0	0	0	0	0	0	0	0	0	0
70	0	0	0	0	0	0	0	1	1	1	0	1
71	0	0	0	0	0	0	0	0	0	0	0	0
72	0	0	0	0	0	0	0	0	0	0	0	0
73	1	1	1	1	1	1	1	1	2	1	1	1
74	0	0	0	0	0	0	0	0	0	0	0	0
75	1	1	1	1	1	1	1	1	1	1	1	1
76	0	0	0	0	0	0	0	0	2	0	0	0
77	0	0	0	0	0	0	0	0	0	0	0	0
78	0	0	0	0	0	0	0	0	0	0	0	0
79	1	1	1	1	1	1	1	1	1	1	1	1
80	0	0	0	0	0	0	0	0	0	0	0	1
81	0	0	0	0	0	0	0	0	0	0	0	0
82	2	2	2	2	2	2	2	2	2	2	2	2
83	1	1	1	1	1	1	1	1	1	1	1	1
84	0	0	0	0	0	0	0	0	0	0	0	0
85	0	0	0	0	0	0	0	0	0	0	0	0
86	0	0	0	0	0	0	0	0	1	0	0	0
87	0	0	0	0	0	0	0	0	0	0	0	0
88	1	1	1	1	1	1	1	1	1	1	1	1
89	0	0	0	0	0	0	0	0	0	0	0	0
90	1	1	1	1	1	1	1	1	1	1	1	1
91	0	0	0	0	0	0	0	0	0	0	0	0
92	0	0	0	0	0	1	1	1	1	1	1	1
93	0	0	0	0	0	0	0	0	0	0	0	0
94	0	0	0	0	0	0	0	0	0	0	0	0
95	1	1	1	1	1	1	1	1	1	1	1	1
96	0	0	0	0	0	0	0	0	0	0	0	0
97	0	0	0	0	0	0	0	0	0	0	0	0
98	0	0	0	0	0	0	0	0	0	0	0	0
99	0	0	1	1	1	1	1	1	1	1	1	1
100	1	1	1	1	1	1	1	1	1	1	1	1
101	1	1	1	1	1	1	1	1	1	1	1	1
102	1	1	1	1	1	1	1	1	1	1	1	1
103	1	1	1	1	1	1	1	1	1	1	1	1
104	1	1	1	1	1	1	1	1	1	1	1	1
105	0	0	0	0	0	0	0	0	0	0	0	0
106	1	1	1	1	1	1	1	1	2	1	0	1
107	1	1	1	1	1	1	1	1	1	1	0	1
108	1	1	1	1	1	1	1	1	1	1	1	1
109	0	0	0	0	0	0	0	0	1	0	0	0
110	0	0	0	0	0	0	0	0	0	0	0	0
111	1	1	1	1	1	1	1	1	1	1	1	1
112	0	0	0	0	0	0	0	0	0	0	0	0
113	2	2	2	2	2	2	2	2	2	2	2	2
114	2	2	2	2	2	2	2	2	2	2	2	2
115	1	1	1	1	1	1	1	1	1	1	1	1
117	1	1	1	1	1	1	1	1	2	1	1	1
118	1	1	1	1	1	1	1	1	1	1	1	1
119	1	1	1	1	1	1	1	1	1	1	1	1
120	0	0	0	0	0	0	0	0	0	0	0	0
121	0	0	0	0	0	0	0	0	0	0	0	0
122	0	0	0	0	0	0	0	0	0	0	0	0
123	0	0	0	0	0	0	0	0	0	0	0	0
124	1	1	2	2	2	2	2	2	2	2	2	2
125	0	0	0	0	0	0	0	0	0	0	0	0
126	0	0	0	0	0	0	0	0	0	0	0	0
127	0	0	0	0	0	0	0	0	0	0	0	0
128	1	1	1	1	1	1	1	1	1	1	1	1
129	1	1	1	1	1	1	1	1	1	1	1	1
130	0	0	0	0	0	0	0	0	0	0	0	0
131	0	0	0	0	0	0	0	0	0	0	0	0
132	0	0	0	0	0	0	0	0	0	0	0	0
133	2	2	2	2	2	2	2	2	2	2	1	2
134	1	1	1	1	1	1	1	1	1	1	1	1
135	0	0	0	0	0	0	0	0	0	0	0	0
136	0	0	0	0	0	0	0	0	0	0	0	0
137	1	1	1	1	1	1	1	1	1	1	1	1
138	0	0	0	0	0	0	0	0	0	0	0	0
139	1	1	1	1	1	1	1	1	1	1	1	1
140	1	1	1	1	1	1	1	1	1	1	1	1
141	0	0	0	0	0	0	0	0	0	0	0	0
142	0	0	1	1	1	1	1	1	1	1	1	1
143	0	0	0	0	0	0	0	0	0	0	0	0
144	1	1	1	1	1	1	1	1	1	1	1	1
145	0	0	0	0	0	0	0	0	0	0	0	0
146	0	0	0	0	0	0	0	0	0	0	0	0
147	0	0	0	0	0	0	0	0	0	0	0	0
148	1	1	1	1	1	1	1	1	1	1	1	1
149	0	0	0	0	0	0	0	0	1	0	0	0
150	0	0	0	0	0	0	0	0	0	0	0	0
151	0	0	0	0	0	0	0	0	0	0	0	0
152	1	1	1	1	1	1	1	1	1	1	1	1
153	1	1	1	1	1	1	1	1	1	1	0	1
154	0	0	0	0	0	0	0	0	0	0	0	0
155	0	0	0	0	0	0	0	0	0	0	0	0
156	0	0	1	0	1	1	1	1	1	1	1	1
157	0	1	1	1	1	1	1	1	1	1	0	1
158	0	0	0	0	0	0	0	0	0	0	0	0
159	0	0	0	0	0	0	0	0	0	0	0	0
160	2	2	2	2	2	2	2	2	2	2	2	2
161	1	1	1	1	1	1	1	1	1	1	0	1
162	0	0	0	0	0	0	0	0	0	0	0	0
163	1	1	1	1	1	1	1	1	1	1	1	1
164	0	0	0	0	0	0	0	0	0	0	0	0
165	1	1	1	1	1	1	1	1	1	1	1	1
166	0	0	0	0	0	0	0	0	1	0	0	0
167	0	0	0	0	0	0	0	0	0	0	0	0
168	1	1	1	1	1	1	1	1	1	1	1	1
169	1	1	2	2	2	2	2	2	2	2	2	2
170	0	0	1	0	1	1	1	1	1	1	1	1
171	1	1	1	1	1	1	1	1	1	1	1	1
172	0	0	0	0	0	0	0	0	0	0	0	0
173	0	0	0	0	0	0	0	0	0	0	0	0
174	0	0	0	0	0	0	0	0	0	0	0	0
175	1	1	1	1	1	1	1	1	1	1	1	1
176	0	0	1	1	1	1	1	1	1	1	1	1
177	0	0	0	0	0	0	0	0	1	0	0	0
178	1	1	1	1	1	1	1	1	1	1	1	1
179	1	1	1	1	1	1	1	1	1	1	1	1
180	1	1	1	1	1	1	1	1	1	1	0	1
181	0	0	0	0	0	0	0	0	0	0	0	0
182	2	2	2	2	2	2	2	2	2	2	2	2
183	0	0	0	0	0	0	0	0	0	0	0	0
184	1	1	1	1	1	1	1	1	1	1	1	1
185	0	0	0	0	0	0	0	0	1	0	0	0
186	1	2	2	2	2	2	2	2	2	2	0	2
187	1	1	1	1	1	1	1	1	1	1	1	1
188	0	0	0	0	0	0	0	0	0	0	0	0
189	0	0	0	0	0	0	0	0	1	0	0	0
190	0	0	0	0	0	0	0	0	0	0	0	0
191	1	1	1	1	1	1	1	1	1	1	1	1
192	1	1	1	1	1	1	1	1	1	1	1	1
193	0	0	0	0	0	0	0	0	0	0	0	0
194	0	0	0	0	0	0	0	0	0	0	0	1
195	1	1	1	1	1	1	1	1	1	1	1	1
196	2	2	2	2	2	2	2	2	2	2	1	2
197	0	0	0	0	0	0	0	0	0	0	0	0
198	1	1	1	2	1	1	1	1	1	1	1	1
199	2	2	2	2	2	2	2	2	2	2	2	2
200	1	1	1	1	1	1	1	1	1	1	1	1
201	1	1	1	1	1	1	1	1	1	1	1	1
202	1	1	1	1	1	1	1	1	1	1	1	1
203	2	2	2	2	2	2	2	2	2	2	2	2
204	0	1	1	1	1	1	1	1	1	1	0	1
205	1	1	1	1	1	1	1	1	1	1	1	1
206	1	1	1	1	1	1	1	1	1	1	1	1
207	0	0	0	0	0	0	0	0	1	0	0	0
208	0	0	0	0	0	0	0	0	0	0	0	0
209	0	0	0	0	0	0	0	0	0	0	0	0
210	0	0	0	0	0	0	0	0	0	0	0	0
211	1	1	1	1	1	1	1	1	1	1	1	1
212	0	0	0	1	0	0	0	0	0	0	0	0
213	1	1	1	1	1	1	1	1	1	1	1	2
214	1	1	1	1	1	1	1	1	1	1	1	1
215	1	1	1	1	1	1	1	1	1	1	1	1
216	1	1	1	1	1	1	1	1	1	1	1	1
217	0	0	0	0	0	0	0	0	0	0	0	0
218	1	1	1	1	1	1	1	1	1	1	1	1
219	1	1	1	1	1	1	1	1	1	1	1	1
220	0	0	0	0	0	0	0	0	0	0	0	0
222	1	1	1	1	1	1	1	1	1	1	1	1
223	0	0	0	0	0	0	0	0	0	0	0	0
224	1	1	1	1	1	1	1	1	1	1	1	1
225	1	1	1	1	1	1	1	1	1	1	1	1
226	1	1	1	1	1	1	1	1	1	1	1	1
227	0	0	0	0	0	0	0	0	0	0	0	0
228	1	1	1	1	1	1	1	1	1	1	1	1
229	0	0	0	0	0	0	0	0	1	0	0	0
230	1	1	1	1	1	1	1	1	1	1	0	1
231	0	0	1	1	1	1	1	1	1	1	1	1
232	0	0	0	0	0	0	0	0	0	0	0	0
233	1	1	2	2	2	2	2	2	2	2	2	2
234	0	0	0	0	0	0	0	0	0	0	0	0
235	0	0	0	0	0	0	0	0	1	0	0	0
236	0	0	0	0	0	0	0	0	0	0	0	0
237	1	1	1	1	1	1	1	1	1	1	1	1
238	0	0	0	0	0	0	0	0	0	0	0	0
239	1	1	1	1	1	1	1	1	1	1	1	1
240	0	0	0	0	0	0	0	0	0	0	0	0
241	1	1	1	1	1	1	1	1	1	1	1	1
242	0	0	0	0	0	0	0	0	0	0	0	0
243	0	0	1	1	1	1	1	1	1	1	1	1
244	0	0	0	0	0	0	0	0	0	0	0	0
245	0	0	1	1	1	1	1	1	1	1	1	1
246	1	1	1	1	1	1	1	1	1	1	0	1
247	1	0	0	0	0	0	0	0	0	0	0	0
248	1	1	1	1	1	1	1	1	1	1	1	1
249	1	1	1	1	1	1	1	1	1	1	1	1
250	1	1	1	1	1	1	1	1	1	1	1	1
251	1	1	1	1	1	1	1	1	1	1	1	1
252	1	1	1	1	1	1	1	1	1	1	0	1
253	1	1	1	1	1	1	1	1	1	1	1	1
254	1	1	1	1	1	1	1	1	2	1	1	1
255	0	0	1	1	1	2	2	2	2	2	2	2
256	0	0	0	0	0	0	0	0	0	0	0	0
257	0	0	0	0	0	0	0	0	0	0	0	0
258	0	0	0	0	0	0	0	0	1	0	0	0
259	0	0	0	0	0	0	0	0	0	0	0	0
260	0	0	0	0	0	0	0	0	0	0	0	0
261	0	0	0	0	0	0	0	0	0	0	0	0
262	2	2	2	2	2	2	2	2	2	2	2	2
263	0	0	0	0	0	0	0	0	0	0	0	0
264	0	0	0	0	0	0	0	0	0	0	0	0
265	1	1	1	1	1	1	1	1	1	1	1	1
266	0	0	0	0	0	0	0	0	0	0	0	0
267	0	0	0	0	0	0	0	0	0	0	0	0
268	1	1	1	1	1	1	1	1	1	1	1	1
269	1	1	1	1	1	1	1	1	1	1	1	1
270	1	1	1	1	1	1	1	1	1	1	1	0
271	0	0	0	0	0	0	0	0	0	0	0	0
272	0	0	0	0	0	0	0	0	0	0	0	0
273	1	1	1	1	1	1	1	1	2	1	1	1
274	0	0	1	1	1	1	1	1	1	1	1	1
275	1	1	1	1	1	1	1	1	1	1	1	1
276	1	1	1	1	1	1	1	1	1	1	1	1
277	0	0	0	0	0	0	0	0	0	0	0	0
278	0	0	0	0	0	0	0	0	0	0	0	0
279	1	1	1	1	1	1	1	1	1	1	1	1
280	0	0	0	0	0	0	0	0	0	0	0	0
281	0	0	0	0	0	0	0	1	1	1	0	1
282	1	1	1	1	1	1	1	1	1	1	1	1
283	2	2	2	2	2	2	2	2	2	2	2	2
284	0	0	0	0	0	0	0	0	0	0	0	0
285	0	0	0	0	0	0	0	0	0	0	0	0
286	1	1	1	1	1	1	1	1	1	1	1	1
287	0	0	0	0	0	0	0	0	0	0	0	0
288	0	0	0	0	0	0	0	0	0	0	0	0
289	0	0	0	0	0	0	0	0	0	0	0	0
290	1	1	1	1	1	1	1	1	1	1	1	1
291	0	0	0	0	0	0	0	0	0	0	0	0
292	0	0	0	0	0	0	0	0	0	0	0	0
293	0	0	0	0	0	0	0	0	0	0	0	0
294	0	0	1	1	1	1	1	1	1	1	1	1
295	1	1	1	1	1	1	1	1	1	1	1	1
373	0	0	0	0	0	0	0	0	0	0	0	0
374	1	1	1	1	1	1	1	1	1	1	1	1
375	0	0	0	0	0	0	0	0	0	0	0	0
376	0	0	1	1	1	1	1	1	1	1	1	1
377	0	0	0	0	0	0	0	0	0	0	0	0
378	1	1	1	1	1	1	1	1	1	1	1	1
379	1	1	1	1	1	1	1	1	1	1	1	1
380	0	0	0	0	0	0	0	0	0	0	0	0
381	0	0	0	0	0	0	0	0	0	0	0	0
382	0	0	1	1	1	1	1	1	1	1	1	1
383	1	1	1	1	1	1	1	1	1	1	1	2
384	0	0	0	0	0	0	0	0	0	0	0	0
385	1	1	1	1	1	1	1	1	1	1	1	1
386	1	1	1	1	1	1	1	1	1	1	1	1
387	0	0	0	0	0	0	0	0	0	0	0	0
388	1	1	1	1	1	1	1	1	1	1	1	1
389	2	2	2	2	2	2	2	2	2	2	2	2
390	2	2	2	2	2	2	2	2	1	1	1	1
391	0	0	0	0	0	0	0	0	0	0	0	0
392	0	0	0	0	0	0	0	0	0	0	0	0
393	0	0	0	0	0	0	0	0	0	0	0	0
394	0	0	0	0	0	0	0	0	1	0	0	0
395	1	1	1	1	1	1	1	1	1	1	1	1
396	0	0	0	0	0	0	0	0	0	0	0	0
397	1	1	1	1	1	1	1	1	1	1	1	1
398	1	1	1	1	1	1	1	1	1	1	1	1
399	1	1	1	1	1	1	1	1	2	1	1	1
400	1	1	1	1	1	1	1	1	1	1	1	1
401	1	1	1	1	1	1	1	1	1	0	0	1
402	0	0	1	1	1	1	1	1	1	1	1	1
403	0	0	0	0	0	0	0	0	0	0	0	0
404	0	0	1	1	1	1	1	1	1	1	1	1
405	2	2	2	2	2	2	2	2	2	2	2	2
406	0	0	0	0	0	0	0	0	0	0	0	0
407	0	0	0	0	0	0	0	0	0	0	0	0
408	0	0	1	1	1	1	1	1	1	1	0	1
409	1	1	1	1	1	1	1	1	1	1	1	1
410	0	0	1	1	1	1	1	1	1	1	1	1
411	1	1	1	1	1	1	1	1	1	1	1	1
412	1	1	1	1	1	1	1	1	1	1	1	1
413	2	2	2	2	2	2	2	2	2	1	1	2
414	1	1	1	1	1	1	1	1	1	1	1	1
415	0	0	0	0	0	0	0	0	0	0	0	0
416	2	2	2	2	2	2	1	2	2	2	1	2
417	1	1	1	1	1	1	1	1	1	1	1	1
418	0	0	0	0	0	0	0	0	0	0	0	0
419	2	2	2	2	2	2	2	2	2	2	2	2
420	1	1	1	1	1	1	1	1	1	1	1	1
421	0	0	0	0	0	0	0	0	1	0	0	0
422	0	0	0	0	0	0	0	0	0	0	0	0
423	0	0	0	0	0	0	0	0	0	0	0	0
424	1	1	1	1	1	1	1	1	1	1	0	1
425	0	0	0	0	0	0	0	0	0	0	0	0
426	0	0	0	0	0	0	0	0	0	0	0	0
427	1	1	1	1	1	1	1	1	1	1	0	1
428	2	2	2	2	2	2	2	2	2	2	2	2
429	1	1	1	1	1	1	1	1	1	1	1	1
430	0	0	0	0	0	0	0	0	0	0	0	0
431	0	1	1	1	1	1	1	1	2	1	0	1
432	1	1	1	1	1	1	1	1	1	1	1	1
433	1	1	1	1	1	1	1	1	1	1	1	1
434	1	1	1	1	1	1	1	1	1	1	1	1
435	1	1	1	1	1	1	1	2	2	2	1	2
436	0	0	0	0	0	0	0	0	0	0	0	0
437	0	0	1	1	1	1	1	1	1	1	1	1
438	1	1	1	1	1	1	1	1	1	1	1	1
439	1	1	1	1	1	1	1	1	2	1	1	1
440	0	0	0	0	0	0	0	0	0	0	0	0
441	1	1	1	1	1	1	1	1	1	1	0	1
442	1	1	1	1	1	1	1	1	1	1	1	1
443	0	0	0	0	0	0	0	0	0	0	0	0
444	0	0	0	0	0	0	0	0	0	0	0	0
445	0	0	0	0	0	0	0	0	0	0	0	0
446	2	2	2	2	2	2	2	2	2	2	2	2
447	1	1	1	1	1	1	1	1	1	1	1	1
448	1	1	1	1	1	1	1	1	1	1	1	1
449	0	0	0	0	0	0	0	0	0	0	0	0
450	1	1	1	1	1	1	1	1	1	1	1	1
451	1	1	1	1	1	1	1	1	1	1	1	1
452	0	0	1	1	1	1	1	1	1	1	1	2
453	0	0	0	0	0	0	0	0	0	0	0	0
454	2	2	2	2	2	2	2	2	2	2	2	2
455	1	1	1	1	1	1	1	1	1	1	1	1
456	2	2	2	2	2	2	2	2	2	2	2	2
457	1	1	0	0	0	0	0	0	1	0	0	0
458	0	0	0	0	0	0	0	0	0	0	0	0
459	1	1	2	2	2	2	2	2	2	2	2	2
460	0	0	1	1	1	1	1	1	1	1	1	1
461	0	0	0	0	0	0	0	0	0	0	0	0
462	1	1	1	1	1	1	1	1	1	1	1	1
463	1	1	1	1	1	1	1	1	1	1	1	1
464	1	1	1	1	1	1	1	1	1	1	1	1
