29	1	1	2	1	1	1	2	2	1	1	1	2	1	0	2	2	0	0	0	0	0	0	2	0	0	0	1	1	2	1	0	0	2	0	1	1	2	1	2	1
30	1	0	2	1	2	1	2	2	2	1	1	2	1	0	1	2	0	0	0	0	0	0	2	0	0	1	0	2	2	0	0	0	2	0	1	1	1	1	1	0
31	2	1	2	2	2	2	2	2	2	1	2	2	2	1	2	2	1	1	0	1	1	1	2	1	1	2	2	2	2	1	0	1	2	1	1	1	2	1	2	1
32	0	0	1	0	0	0	1	1	0	0	0	1	0	0	1	1	0	0	0	0	0	0	1	0	0	0	1	0	1	1	0	0	1	0	0	0	1	0	1	0
33	1	1	1	1	1	1	1	1	1	1	1	1	1	1	2	1	1	1	0	1	1	1	2	1	1	1	1	1	2	1	0	1	2	1	1	1	2	1	2	1
34	2	0	2	2	2	2	2	2	2	1	2	2	2	0	2	2	0	0	0	0	0	0	2	0	0	1	1	2	2	0	0	0	2	0	1	1	2	1	2	0
35	1	1	2	1	2	2	2	2	2	1	1	2	1	1	2	2	0	0	0	0	0	0	2	1	0	1	1	1	2	0	0	0	2	0	1	1	2	1	2	1
36	1	0	1	1	1	1	1	1	1	0	1	1	1	0	2	1	0	0	0	0	0	0	2	0	0	1	1	1	2	0	0	0	2	0	0	0	2	0	1	0
37	0	0	1	0	0	0	2	2	0	0	0	2	0	0	2	2	0	0	0	0	0	0	2	0	0	0	2	0	2	2	0	0	2	0	0	0	2	0	2	0
38	2	1	2	2	2	2	2	2	2	1	2	2	2	1	2	2	1	1	0	1	1	1	2	1	1	2	2	2	2	1	0	1	2	1	1	1	2	1	2	1
39	1	0	2	1	2	1	2	2	2	0	1	2	1	1	2	2	0	0	0	0	0	0	2	1	0	2	2	1	2	0	0	0	2	0	0	0	2	1	2	0
40	0	0	1	0	1	0	1	1	1	0	0	1	0	0	2	1	0	0	0	0	0	0	2	1	0	0	0	0	2	0	0	0	2	0	1	1	2	1	2	0
296	1	1	1	1	1	1	1	1	1	1	1	1	1	0	2	1	0	0	0	0	0	0	2	0	0	0	0	1	2	0	0	0	2	0	1	1	2	1	2	1
297	1	0	2	1	2	1	2	2	2	0	1	2	1	1	2	2	0	0	0	0	0	0	2	1	0	2	2	1	2	0	0	0	2	0	0	0	2	1	2	0
298	2	0	2	2	2	2	2	2	2	2	2	2	2	0	2	2	0	0	0	0	0	0	2	0	0	0	0	2	2	0	0	0	2	0	2	2	2	2	1	0
299	2	1	2	2	2	2	2	2	2	1	2	2	2	1	2	2	1	1	0	1	1	1	2	1	1	1	1	2	2	1	0	1	2	1	2	2	2	2	2	2
300	0	0	2	0	0	1	2	2	0	0	0	2	0	0	2	2	0	0	0	0	0	0	2	0	0	0	2	0	2	2	0	0	1	0	0	0	2	0	2	0
301	1	1	1	1	1	1	1	1	1	1	1	1	1	1	1	1	1	1	0	1	1	1	1	1	1	1	1	1	1	1	0	1	1	1	1	1	1	1	1	1
302	1	1	2	1	2	1	2	2	2	1	1	2	1	2	2	2	1	1	0	1	1	1	2	2	1	2	2	1	2	1	0	1	2	1	1	1	2	2	2	1
303	0	0	2	0	2	0	2	2	2	0	0	2	0	2	2	2	0	0	0	0	0	0	2	2	0	2	2	0	2	0	0	0	2	0	0	0	2	2	2	0
304	2	1	2	2	2	2	2	2	2	1	2	2	2	1	2	2	1	1	0	1	1	1	2	1	1	2	2	2	2	1	0	1	2	1	1	1	2	1	1	1
305	1	1	1	1	2	1	2	2	2	1	1	2	1	2	2	2	1	1	0	1	1	1	2	2	1	2	2	1	2	1	0	1	2	1	1	1	2	0	2	1
306	1	0	2	1	1	1	2	2	1	0	1	2	1	0	2	2	0	0	0	0	0	0	2	0	0	1	2	1	2	1	0	0	2	0	0	0	2	0	2	0
307	1	0	1	1	1	1	1	2	1	1	1	2	1	0	2	1	0	0	0	0	0	0	2	0	0	0	0	1	2	0	0	0	2	1	1	0	1	1	2	0
308	0	0	1	0	1	0	1	1	1	0	0	1	0	1	1	1	0	0	0	0	0	0	1	1	1	1	1	0	1	0	0	0	1	0	0	0	1	0	0	0
309	0	0	2	0	2	1	2	2	2	0	0	2	0	1	1	1	0	0	0	0	0	0	2	1	0	1	1	0	1	0	0	0	1	1	0	0	1	0	1	0
310	0	0	2	0	1	0	2	2	1	0	1	2	1	0	2	2	0	0	0	0	0	0	2	0	0	1	2	1	2	1	0	0	2	0	0	0	2	0	1	1
311	1	1	2	1	1	1	2	2	2	1	1	2	1	1	2	2	1	1	0	1	1	1	2	2	1	1	2	2	2	1	0	1	2	1	1	1	2	2	2	1
312	1	1	2	1	1	2	2	2	1	1	1	2	1	1	2	2	1	1	0	1	1	1	2	1	1	1	2	1	2	2	0	1	2	1	1	1	2	1	2	1
313	2	1	2	2	2	2	2	2	2	2	2	2	2	0	1	2	0	0	0	0	0	0	2	0	0	0	0	2	2	0	0	0	2	0	2	2	2	2	1	1
314	1	0	2	1	2	1	2	2	2	0	1	2	1	1	2	2	0	0	0	0	0	0	2	1	0	2	1	1	2	0	0	0	2	0	0	0	2	1	2	0
315	0	0	2	0	1	0	2	2	1	0	0	2	0	0	2	2	0	0	0	0	0	0	2	0	0	1	2	0	2	1	0	0	2	0	0	0	2	0	2	0
316	2	2	2	2	2	2	2	2	2	2	2	2	2	1	2	2	1	1	0	1	1	1	2	1	1	1	1	2	2	1	0	1	2	1	2	2	2	2	2	1
317	0	0	1	0	1	0	1	2	1	0	0	2	0	1	2	2	0	0	0	0	0	0	2	1	0	2	2	1	2	0	0	0	2	0	0	0	2	1	2	0
318	0	0	1	0	1	0	1	1	1	0	0	1	0	0	2	1	0	0	0	0	0	0	2	1	0	1	1	0	2	0	0	0	2	0	0	0	2	0	2	0
319	1	0	2	1	2	1	2	2	2	1	2	2	2	0	1	2	0	0	0	0	0	0	2	0	0	1	1	2	2	0	0	0	2	0	1	1	2	1	1	1
320	0	0	1	0	0	0	1	1	0	0	0	1	0	1	1	1	0	0	0	0	0	0	1	1	0	1	0	0	1	0	0	0	1	0	0	0	1	1	1	0
321	0	0	1	0	1	0	1	1	1	0	0	1	0	1	2	1	0	0	0	0	0	0	2	1	0	1	1	0	2	0	0	0	2	0	0	0	2	0	2	0
322	1	0	1	1	1	1	1	1	1	0	1	1	1	0	1	1	0	0	0	0	0	0	1	0	0	1	1	0	1	0	0	0	1	0	0	0	1	0	1	0
323	0	0	1	0	1	0	1	1	1	0	0	1	0	1	2	1	0	0	0	1	0	0	2	1	0	1	1	0	2	0	0	0	2	0	0	0	2	1	2	0
324	1	1	2	1	2	1	2	2	2	1	1	2	1	1	2	2	1	1	0	1	1	1	2	2	1	2	2	1	2	1	0	1	2	1	1	1	2	1	2	0
325	2	0	2	2	2	2	2	2	2	0	2	2	2	0	2	2	0	0	0	0	0	0	2	0	0	2	2	2	2	0	0	0	2	0	0	0	2	0	2	0
326	0	0	1	0	0	1	1	1	0	0	0	1	0	0	1	1	0	0	0	0	0	0	2	0	0	0	1	1	2	1	0	0	2	0	0	0	2	0	1	0
327	1	1	2	1	2	1	2	2	2	1	1	2	1	1	1	2	1	1	0	1	1	1	2	2	1	1	1	1	2	1	0	1	2	1	2	2	2	1	1	1
328	1	1	2	1	2	1	2	2	2	1	1	2	1	1	2	2	0	0	0	0	0	0	2	1	0	1	1	1	2	0	0	0	2	0	1	1	2	2	2	1
329	2	1	2	2	2	2	2	2	2	2	2	2	2	0	2	2	0	0	0	0	0	0	2	0	0	0	0	2	2	0	0	0	2	0	2	2	2	2	1	1
330	1	1	1	1	1	1	1	1	1	1	1	1	1	0	1	2	0	0	0	0	0	0	2	0	0	0	0	2	2	0	0	0	2	0	2	2	2	2	1	1
331	2	1	2	2	2	2	2	2	2	2	2	2	2	1	2	2	1	1	0	1	1	1	2	1	1	1	1	2	2	1	0	1	2	1	2	2	2	2	2	1
332	1	1	1	1	1	1	1	1	1	1	1	1	1	1	2	1	1	1	0	1	1	1	2	1	1	1	1	1	2	1	0	1	2	1	1	1	2	1	1	1
333	1	0	1	1	1	1	1	1	1	0	1	1	1	0	2	1	0	0	0	0	0	0	2	0	0	1	1	1	2	0	0	0	2	0	0	0	2	0	2	0
334	1	0	2	1	1	1	2	2	1	1	1	2	1	0	2	2	0	0	0	0	0	0	2	0	0	0	1	1	2	1	0	0	2	0	1	0	1	1	2	0
335	0	0	1	0	0	0	1	1	0	0	0	1	0	0	2	1	0	0	0	0	0	0	2	0	0	0	1	0	2	1	0	0	2	0	0	0	2	0	2	0
336	1	1	2	1	1	1	2	2	1	1	1	2	1	2	2	2	1	1	0	1	1	1	2	2	1	2	1	1	2	1	0	1	2	1	1	0	1	0	0	1
337	0	0	2	0	2	1	2	2	2	0	0	2	0	1	2	2	0	0	0	0	0	0	2	1	0	2	2	1	2	0	0	0	2	0	0	0	1	0	1	0
338	1	1	2	1	1	1	2	2	1	1	1	2	1	1	2	2	1	1	0	1	1	1	2	1	1	1	2	1	2	2	0	1	2	1	1	1	2	1	2	1
339	2	2	2	2	2	2	2	2	2	2	2	2	2	2	1	2	2	2	0	2	2	2	2	2	2	2	2	2	2	2	0	2	2	2	2	2	2	0	0	1
340	1	1	1	1	1	1	1	1	1	1	1	1	1	1	1	1	0	0	0	0	0	0	1	1	0	1	1	0	1	0	0	0	1	0	0	0	1	1	1	0
341	1	0	2	1	2	1	2	2	2	1	1	2	1	1	2	2	0	0	0	0	0	0	2	1	0	1	1	1	2	0	0	0	2	0	1	1	2	2	1	0
342	1	0	2	1	2	1	2	2	2	1	1	2	1	1	2	2	0	0	0	0	0	0	2	1	0	1	1	1	2	0	0	0	2	0	1	1	2	2	2	0
343	1	1	1	1	1	1	1	1	1	1	1	1	1	1	1	1	1	1	0	1	1	1	1	1	1	1	1	1	1	1	0	1	1	1	1	1	1	1	1	1
344	0	0	1	0	1	0	1	1	1	0	0	1	0	1	1	1	0	0	0	0	0	0	1	1	0	1	1	0	1	0	0	0	1	0	0	0	1	1	1	0
345	1	0	2	1	2	1	2	2	2	1	1	2	1	0	1	2	0	0	0	0	0	0	2	0	0	1	0	2	2	0	0	0	2	0	1	1	1	0	1	0
346	0	0	1	0	1	0	1	2	1	0	0	2	0	1	2	1	0	0	0	0	0	0	2	1	0	1	1	0	2	0	0	0	2	0	0	0	2	1	2	0
347	0	0	1	0	1	0	1	1	1	0	0	1	0	0	1	1	0	0	0	0	0	0	2	1	0	0	0	0	2	0	0	0	2	0	1	1	2	1	1	0
348	0	0	1	0	1	0	1	2	1	0	0	2	0	0	1	2	0	0	0	0	0	0	2	0	0	2	1	2	2	0	0	0	2	0	0	0	1	0	1	0
349	2	1	2	2	2	2	2	2	2	1	2	2	2	1	2	2	1	1	1	1	1	1	2	1	1	2	2	2	2	1	1	1	2	1	1	1	2	0	1	1
350	1	0	2	1	1	1	2	2	2	1	1	2	1	0	2	2	0	0	0	0	0	0	2	1	0	0	1	2	2	0	0	0	2	0	1	1	2	2	0	0
351	1	0	1	1	1	1	1	2	1	0	1	2	1	0	2	2	0	0	0	0	0	0	2	0	0	2	2	2	2	0	0	0	2	0	0	0	2	0	2	0
352	0	0	1	0	1	0	1	2	1	0	0	2	0	1	2	1	0	0	0	0	0	0	2	1	0	1	0	0	2	0	0	0	2	0	1	1	2	1	1	0
353	1	1	2	1	2	1	2	2	2	1	1	2	1	0	1	2	0	0	0	0	0	0	2	0	0	1	0	1	2	0	0	0	2	0	1	0	0	0	0	0
354	1	1	2	1	2	1	2	2	2	1	1	2	1	1	1	2	1	1	0	1	1	1	2	1	1	2	1	2	2	1	0	1	2	1	1	1	1	0	1	0
355	1	1	2	1	2	1	2	2	2	1	1	2	1	1	2	2	1	1	0	1	1	1	2	1	1	2	2	2	2	1	0	1	2	1	1	1	2	1	2	1
356	0	0	1	0	0	0	1	1	0	0	0	1	0	0	1	1	0	0	0	0	0	0	1	0	0	0	1	0	1	1	0	0	1	0	0	0	1	0	1	0
357	1	1	2	1	2	1	2	2	2	1	1	2	1	0	2	2	0	0	0	0	0	0	2	1	0	0	0	1	2	0	0	0	2	0	2	2	2	2	2	1
358	0	0	2	0	2	0	1	2	2	0	0	2	0	0	1	2	0	0	0	0	0	0	2	1	0	1	1	1	2	0	0	0	2	0	1	1	2	1	2	0
359	1	1	2	1	2	1	2	2	2	1	1	2	1	2	2	2	1	1	0	1	1	1	2	2	1	2	2	1	2	1	0	1	2	1	1	1	2	2	2	0
360	0	0	2	0	0	0	2	2	0	0	0	2	0	2	2	2	0	0	0	0	0	0	2	2	0	2	0	0	2	0	0	0	2	0	0	0	2	1	2	0
361	1	0	2	1	1	1	2	2	1	0	1	2	1	0	2	2	0	0	0	0	0	0	2	0	0	1	2	1	2	1	0	0	2	0	0	0	2	0	2	0
362	0	0	1	0	1	2	2	2	1	0	0	2	0	1	2	1	0	0	0	0	0	0	2	1	0	1	1	0	2	0	0	0	2	0	0	0	2	0	2	0
363	0	0	1	0	1	1	1	2	1	0	0	2	0	1	2	2	0	0	0	0	0	0	2	1	0	2	2	1	2	0	0	0	2	0	0	0	2	0	2	0
364	0	0	1	0	0	0	1	2	1	0	0	2	0	0	2	1	0	0	0	0	0	0	2	1	0	0	1	1	2	0	0	0	2	0	0	0	2	1	2	0
365	0	0	1	0	1	0	1	1	1	0	0	1	0	1	2	1	0	0	0	0	0	0	2	1	0	1	1	0	2	0	0	0	2	0	0	0	2	1	2	0
366	0	0	1	0	1	0	1	2	1	0	0	2	0	0	2	1	0	0	0	0	0	0	2	1	0	0	0	0	2	0	0	0	2	0	1	1	2	0	2	0
367	0	0	1	0	0	0	1	2	0	0	0	2	0	0	2	1	0	0	0	0	0	0	2	0	0	0	1	0	2	1	0	0	2	0	0	0	2	0	2	0
368	1	1	2	1	2	1	2	2	2	1	1	2	1	1	2	2	0	0	0	0	0	0	2	1	0	2	2	1	2	0	0	0	2	0	0	0	2	0	2	0
369	0	0	2	0	1	0	2	2	1	0	0	2	0	2	2	2	0	0	0	0	0	0	2	2	0	2	1	0	2	0	0	0	2	0	0	0	2	1	1	0
370	2	1	2	2	2	2	2	2	2	1	2	2	2	0	1	1	0	0	0	0	0	0	1	0	0	0	0	1	1	0	0	0	1	0	1	1	1	0	0	0
371	2	0	2	2	2	2	2	2	2	1	2	2	2	0	2	2	0	0	0	0	0	0	2	0	0	1	1	2	2	0	0	0	2	0	1	1	2	1	1	0
372	2	1	2	2	2	2	2	2	2	2	2	2	2	0	2	2	0	0	0	0	0	0	2	0	0	0	0	2	2	0	0	0	2	0	2	2	2	2	2	1
