29	1	0	0	2	0	0	0	0	0	0	0	0	0	0	0	1	1	1	0	1
30	0	0	0	1	0	0	0	1	1	0	0	0	0	0	0	0	0	0	0	0
31	0	0	0	0	0	0	0	0	0	0	0	0	0	0	1	0	0	0	0	1
32	0	0	0	2	0	0	0	0	0	0	0	0	0	0	0	1	1	1	1	1
33	2	0	0	2	1	1	1	2	2	0	0	0	0	0	0	0	1	0	0	1
34	1	0	0	2	1	0	0	0	0	0	0	0	0	0	1	0	0	0	0	1
35	1	0	0	1	0	0	0	0	0	0	0	0	0	0	0	1	1	0	0	0
36	2	0	0	1	0	0	0	0	0	0	0	0	0	0	1	0	0	0	0	0
37	2	0	0	0	0	0	0	0	0	0	0	0	0	0	1	0	0	0	0	0
38	0	0	0	1	0	0	0	0	0	1	1	1	0	1	0	1	1	0	0	1
39	1	0	0	2	0	0	0	0	0	0	1	1	0	0	1	0	0	0	0	0
40	2	0	0	2	1	1	1	1	1	1	1	1	1	1	2	1	1	1	0	0
296	2	0	0	2	0	0	0	0	0	0	0	0	0	0	2	0	0	0	0	0
297	0	0	0	1	0	0	0	0	0	0	0	0	0	0	1	1	1	0	0	0
298	0	0	0	0	0	0	0	0	0	0	0	0	0	0	0	0	0	0	0	0
299	1	0	0	1	0	0	0	0	0	0	0	0	0	0	1	0	0	0	0	0
300	0	0	0	2	0	0	1	0	0	0	0	0	0	0	0	1	1	0	0	0
301	0	0	0	0	0	0	0	0	0	0	0	0	0	0	0	1	1	0	0	0
302	1	0	0	1	0	0	0	0	0	0	0	0	0	0	0	2	2	1	0	0
303	1	0	0	0	1	1	1	1	1	0	0	0	0	0	0	0	0	0	0	0
304	1	0	0	1	1	0	0	0	0	1	1	1	0	0	0	0	0	0	0	0
305	1	0	0	1	1	0	0	0	0	1	1	1	0	1	0	1	1	0	0	0
306	0	0	0	1	0	0	0	0	0	0	0	0	0	0	1	0	0	0	0	0
307	1	0	0	0	1	0	0	1	1	2	2	2	1	2	1	2	2	1	0	1
308	1	0	0	2	0	0	0	0	0	0	0	0	0	0	2	0	0	0	0	0
309	0	0	0	1	0	0	0	0	0	0	0	0	0	0	1	0	0	0	0	0
310	1	0	0	2	0	0	0	0	0	1	1	1	0	1	0	2	2	0	0	0
311	1	0	0	0	1	0	0	0	0	0	0	0	0	0	0	1	1	1	0	0
312	1	0	0	2	0	0	0	0	0	0	0	0	0	0	1	1	2	0	0	0
313	0	0	0	0	0	0	0	0	0	1	1	1	0	1	0	1	1	0	0	0
314	1	0	0	0	0	0	0	0	0	1	1	1	0	1	0	1	1	0	0	0
315	0	0	0	1	0	0	0	0	0	0	0	0	0	0	0	0	0	0	0	0
316	1	0	0	1	1	0	0	0	0	0	0	0	0	0	0	0	0	0	0	1
317	1	0	0	0	1	1	1	1	1	0	0	0	0	0	0	0	1	0	0	0
318	1	0	0	1	0	0	0	0	0	1	1	1	0	1	0	1	1	0	0	0
319	2	0	0	2	0	0	0	0	0	0	0	0	0	0	1	1	1	0	0	0
320	2	0	0	1	0	0	0	0	0	1	1	1	0	1	0	1	1	0	0	0
321	1	0	0	0	0	0	0	0	0	1	1	1	1	0	0	0	0	0	0	0
322	0	0	0	1	0	0	0	0	0	0	0	0	0	0	1	0	0	0	0	0
323	0	0	0	1	0	0	0	0	0	1	1	1	0	1	0	1	1	0	0	0
324	1	0	0	1	0	0	0	0	0	0	0	0	0	0	1	0	0	0	0	1
325	2	0	0	1	1	1	1	1	1	0	0	0	0	0	1	0	1	0	0	0
326	0	0	0	0	1	0	0	0	0	0	0	0	0	0	0	1	1	1	0	0
327	1	0	0	1	1	1	1	1	1	0	0	0	0	0	0	1	1	0	0	0
328	0	0	0	0	0	0	0	0	0	1	1	1	0	1	0	1	1	0	0	0
329	2	0	0	1	0	0	0	0	0	1	1	1	0	1	1	1	1	0	0	0
330	1	0	0	1	0	0	0	0	0	1	1	1	0	1	0	2	2	0	0	0
331	1	0	0	2	0	0	0	0	0	1	1	1	0	0	1	1	1	0	0	0
332	1	0	0	1	0	0	0	0	0	0	0	0	0	0	1	0	0	0	0	0
333	1	0	0	1	0	0	0	0	0	0	0	0	0	0	1	0	0	0	0	0
334	1	0	0	1	0	0	0	0	0	1	1	1	0	1	0	1	1	0	0	0
335	1	0	0	0	0	0	0	0	0	0	0	0	0	0	1	0	0	0	0	0
336	0	0	0	0	0	0	0	0	0	0	0	0	0	0	0	0	0	0	0	0
337	1	0	0	1	0	0	0	0	0	1	1	1	0	1	0	1	1	0	0	0
338	1	0	0	0	1	1	1	1	1	0	0	0	0	0	0	1	1	0	0	1
339	1	0	0	1	0	0	0	0	0	0	0	0	0	0	1	0	0	0	0	0
340	1	0	0	0	0	0	0	0	0	0	0	0	0	0	0	1	1	0	0	0
341	2	0	0	1	0	0	0	0	0	0	0	0	0	0	1	0	0	0	0	0
342	2	0	0	2	0	0	0	0	0	0	0	0	0	0	0	2	2	0	0	0
343	0	0	0	1	0	0	0	0	0	1	1	1	0	1	0	1	1	0	0	0
344	2	0	0	2	0	0	0	0	0	1	1	1	0	1	0	1	1	0	0	0
345	1	0	0	1	1	0	0	0	0	1	1	1	0	1	0	1	2	0	0	0
346	1	0	0	1	0	0	0	0	0	0	0	0	0	0	1	0	0	0	0	0
347	0	0	0	1	2	1	1	1	1	0	0	0	0	0	0	0	1	0	0	0
348	1	0	0	1	0	0	0	0	0	0	0	0	0	0	0	1	1	0	0	1
349	1	0	0	1	1	0	0	0	0	0	0	0	0	0	1	0	0	0	0	0
350	2	0	0	2	0	0	0	0	0	1	1	1	0	1	0	1	1	0	0	1
351	1	0	0	1	0	0	0	0	0	1	1	1	0	1	0	1	1	0	0	1
352	1	0	0	0	0	0	0	0	0	0	0	0	0	0	0	1	1	0	0	1
353	0	0	0	1	0	0	0	0	0	1	1	1	0	1	0	1	1	0	0	0
354	2	0	0	0	1	0	0	0	0	0	0	0	0	0	0	0	1	0	0	0
355	0	0	0	0	0	0	0	0	0	0	0	0	0	0	0	0	0	0	0	1
356	0	0	0	1	0	0	0	0	0	0	0	0	0	0	0	1	1	1	0	0
357	1	0	0	2	1	1	1	1	1	1	1	1	0	1	0	1	2	0	0	0
358	1	0	0	1	0	0	0	0	0	0	0	0	0	0	1	0	0	0	0	0
359	1	0	0	2	0	0	0	0	0	2	2	2	0	2	0	2	2	0	0	0
360	1	0	0	1	0	0	0	0	0	0	0	0	0	0	0	0	0	0	0	1
361	0	0	0	2	0	0	0	0	0	1	1	1	0	1	0	2	2	1	0	0
362	2	0	0	2	0	0	0	0	0	1	1	1	0	1	1	1	1	0	0	0
363	1	0	0	2	1	1	1	1	1	1	1	1	0	1	0	1	2	0	0	0
364	0	0	0	1	0	0	1	1	1	1	1	1	1	1	1	1	1	1	1	1
365	1	0	0	1	0	0	0	0	0	0	0	0	0	0	1	0	0	0	0	1
366	1	0	0	1	0	0	0	0	0	0	0	0	0	0	1	0	0	0	0	0
367	1	0	0	1	0	0	0	0	0	0	0	0	0	0	1	0	0	0	0	1
368	1	0	0	1	1	1	0	0	0	1	1	1	0	1	0	1	1	0	0	0
369	2	0	0	2	1	1	1	1	1	0	0	0	0	0	1	0	1	0	0	0
370	1	0	0	2	0	0	0	0	0	1	0	1	0	0	0	1	0	0	0	1
371	1	0	0	1	0	0	0	0	0	0	0	0	0	0	0	0	0	0	0	0
372	1	0	0	1	0	0	0	0	0	1	1	1	0	1	0	1	1	0	0	0
