29	0	1	1	0	1	0	1	2	2	2	0	0	0	0	0	0	0	0	0	0	0	0	0	0	1	0	1	1	1	1	0	0	0	0	1	0	1	0	0	0	1	0	0	1	1	1	1	1	0	0	1	1	1	1	1	1	0	1	1	1	0	1	1	1	1	1	1	1	0	2	2	2	2	2	1	0	1	0	1	1	2	0	0	1	0	0	1	1	1	1	1	1	0	1
30	0	1	1	0	1	0	1	2	2	2	1	1	1	1	1	1	2	2	2	1	1	1	1	0	1	1	1	1	1	1	1	1	1	1	1	1	0	1	1	1	1	1	1	1	1	1	1	1	1	1	1	1	1	1	1	1	1	1	2	1	1	1	1	1	1	1	1	1	0	2	2	2	2	2	2	0	0	1	2	2	2	2	2	1	1	2	2	2	2	2	2	2	2	2
31	0	0	0	0	0	0	0	0	0	0	0	0	0	0	0	0	2	2	2	0	0	0	0	0	0	0	0	0	0	0	0	0	0	0	2	0	1	0	0	0	2	0	0	2	2	2	2	2	0	0	2	2	2	2	2	2	0	2	2	0	0	0	0	0	0	0	0	0	0	1	1	1	1	2	0	0	0	0	0	0	1	0	0	0	0	0	1	2	2	2	2	2	1	2
32	1	1	1	0	0	0	0	0	0	0	0	0	0	0	0	0	0	0	0	0	0	0	0	0	1	0	1	1	1	1	0	0	0	0	1	0	1	0	0	0	1	0	0	1	1	1	1	1	0	0	1	1	1	1	1	1	0	1	1	0	0	0	0	0	0	0	0	0	1	0	1	1	1	1	0	0	0	0	0	0	2	0	0	0	0	0	1	0	0	0	0	0	0	0
33	0	0	0	0	0	0	0	0	0	0	0	0	0	0	0	0	1	1	1	0	0	0	0	0	1	0	1	1	1	1	0	0	0	0	1	0	1	0	0	0	1	0	0	1	1	1	1	1	0	0	2	1	1	1	1	1	0	1	1	0	1	1	1	1	1	1	0	0	0	1	1	1	1	1	1	0	0	1	2	2	2	0	0	0	0	0	1	0	0	0	0	0	0	0
34	1	1	1	0	1	1	1	1	1	1	1	1	1	1	1	1	1	1	1	1	1	1	1	0	2	1	2	2	2	2	1	1	1	1	0	1	0	1	1	1	0	1	1	0	0	0	0	0	1	1	0	0	0	0	0	0	1	0	0	1	1	1	1	1	1	1	1	1	0	1	1	1	1	1	1	0	0	1	2	2	2	1	1	1	1	1	2	2	2	2	2	2	1	2
35	0	0	0	0	0	0	0	0	0	0	0	0	0	0	0	0	2	2	2	0	0	0	0	0	0	0	0	0	0	0	0	0	0	0	2	0	0	0	0	0	2	0	0	2	2	2	2	2	0	0	2	1	1	1	2	2	0	2	2	0	0	0	0	0	0	0	0	0	0	2	2	2	2	2	0	0	0	0	0	0	2	0	0	0	0	0	0	0	0	0	0	0	0	0
36	0	0	0	0	0	0	1	1	1	1	0	0	0	0	0	0	1	1	1	0	0	0	0	0	0	0	0	0	0	1	0	0	0	0	2	0	1	0	0	0	1	0	0	2	2	2	2	2	0	0	2	2	2	2	2	2	0	1	1	1	0	1	1	0	0	0	1	1	0	2	1	1	2	2	0	0	0	0	0	0	1	0	0	1	0	0	0	0	0	0	0	0	0	0
37	1	1	1	0	1	1	1	1	1	1	1	1	1	1	1	1	1	1	1	1	1	1	1	0	2	1	2	2	2	2	1	1	1	1	0	1	0	1	1	1	0	1	1	0	0	0	0	0	1	1	1	0	0	0	0	0	1	0	1	1	1	1	1	1	1	1	1	1	0	1	1	1	1	1	1	0	0	1	2	2	2	1	1	0	0	1	1	1	1	1	1	1	1	1
38	0	0	1	0	0	0	0	0	0	0	0	0	0	0	0	0	2	2	2	0	0	0	0	0	0	0	0	0	0	0	0	0	0	0	2	0	1	0	0	0	2	0	0	2	2	2	2	2	0	0	2	2	2	2	2	2	0	2	2	0	0	0	0	0	0	0	0	0	0	1	1	1	1	2	0	0	0	0	0	0	1	0	0	0	0	0	1	1	1	1	1	1	1	1
39	1	1	1	0	1	1	1	1	1	1	2	2	2	2	2	1	1	1	1	1	1	1	1	0	1	1	1	1	1	2	1	1	1	1	1	1	1	1	1	1	0	1	1	1	1	1	1	1	1	1	1	1	1	1	1	1	1	1	1	2	1	2	1	1	1	1	2	1	0	2	2	2	2	2	1	0	0	1	1	1	2	1	1	2	2	2	1	1	1	1	1	1	1	1
40	0	0	0	0	0	0	0	0	0	0	0	0	0	0	0	0	2	2	2	0	0	0	0	0	0	0	0	0	0	0	0	0	0	0	2	0	0	0	0	0	2	0	0	2	2	2	2	2	0	0	2	2	2	2	2	2	0	2	2	0	0	0	0	0	0	0	0	0	0	2	2	2	2	2	0	0	0	0	0	0	2	0	0	1	0	0	0	0	0	0	0	0	0	0
296	0	0	0	0	0	0	0	1	0	0	2	2	2	2	1	0	0	0	0	0	0	0	0	0	0	0	0	0	0	1	0	0	0	0	2	0	1	1	1	1	1	1	1	1	1	1	1	1	1	1	1	1	1	1	1	1	0	1	1	1	1	1	1	1	1	1	1	0	1	1	1	1	1	1	1	0	0	1	1	1	1	0	0	1	1	1	0	0	0	0	0	0	0	0
297	1	1	1	0	0	1	1	1	1	1	2	2	2	2	2	1	1	1	1	1	1	1	0	0	1	1	1	1	1	1	0	1	1	1	1	1	1	1	1	1	1	1	1	1	1	1	1	1	1	1	1	0	1	1	1	1	0	1	1	1	1	1	1	1	1	1	1	1	0	1	1	1	1	2	1	0	0	1	1	1	1	1	1	2	2	2	2	0	0	0	0	0	0	0
298	0	0	0	0	0	0	0	0	0	0	0	0	0	0	0	0	2	2	2	0	0	0	0	0	0	0	0	0	0	0	0	0	0	0	2	0	1	0	0	0	2	0	0	2	2	2	2	2	0	0	2	1	1	1	2	2	0	2	1	0	0	0	0	0	0	0	0	0	0	0	0	0	0	1	0	0	0	0	0	0	0	0	0	0	0	0	1	0	0	0	0	0	0	0
299	1	1	1	0	0	0	0	0	0	0	0	0	0	0	0	0	1	1	1	0	0	0	0	0	1	0	1	1	1	1	0	0	0	0	1	0	0	0	0	0	1	0	0	1	1	1	1	1	0	0	1	1	1	1	1	1	0	1	1	0	1	1	1	1	1	1	0	0	0	1	1	1	1	1	1	0	0	1	1	1	2	0	0	0	0	0	1	0	0	0	0	0	0	0
300	0	0	0	0	0	0	0	0	0	0	1	1	1	1	1	0	1	1	1	0	0	0	0	0	0	0	0	0	0	1	0	0	0	0	2	0	1	0	0	0	1	0	0	2	2	2	2	2	0	0	2	1	1	1	2	2	0	2	2	1	0	1	0	0	0	0	1	1	0	1	1	1	2	2	1	0	0	0	1	1	1	1	1	1	1	1	1	2	2	2	2	2	1	2
301	0	0	0	0	0	0	1	1	1	1	0	0	0	0	0	0	1	1	1	0	0	0	0	0	0	0	0	0	0	1	0	0	0	0	2	0	1	0	0	0	1	0	0	2	2	2	2	2	0	0	2	2	2	2	2	2	0	1	1	1	0	1	1	0	0	0	1	1	0	2	1	1	2	2	0	0	0	0	0	0	1	0	0	0	0	0	1	0	0	0	0	0	0	0
302	0	0	0	0	0	0	0	0	0	0	1	1	1	1	1	0	1	1	1	0	0	0	0	0	0	0	0	0	0	1	0	0	0	0	2	0	1	1	1	1	1	1	1	1	1	1	1	1	1	1	1	0	1	1	1	1	0	1	1	1	1	1	1	1	1	1	1	0	0	2	2	2	2	2	1	0	0	0	1	1	2	0	0	1	0	0	0	0	0	0	0	0	0	0
303	1	1	1	0	1	1	1	1	1	1	1	1	1	1	1	1	2	2	2	1	1	1	1	0	1	1	1	1	1	1	1	1	1	1	1	1	0	1	1	1	1	1	1	1	1	1	1	1	1	1	1	1	1	1	1	1	1	1	1	1	1	1	1	1	1	1	1	1	0	2	2	2	1	2	1	0	0	1	0	0	1	0	0	1	1	1	0	0	0	0	0	0	0	0
304	0	0	0	0	0	0	0	0	0	0	0	0	0	0	0	0	0	0	0	0	0	0	0	0	1	0	1	1	1	1	0	0	0	0	1	0	1	0	0	0	1	0	0	1	1	1	1	1	0	0	2	0	0	0	1	1	0	1	1	0	0	0	0	0	0	0	0	0	0	0	0	0	0	0	0	0	0	0	0	0	2	0	0	0	0	0	2	0	0	0	0	0	0	0
305	0	0	0	0	0	0	0	0	0	0	0	0	0	0	0	0	2	2	2	0	0	0	0	0	0	0	0	0	0	0	0	0	0	0	2	0	0	0	0	0	2	0	0	2	2	2	2	2	0	0	2	2	2	2	2	2	0	2	2	0	0	0	0	0	0	0	0	0	0	2	2	2	2	2	0	0	0	0	0	0	2	0	0	1	0	0	0	0	0	0	0	0	0	0
306	0	0	0	0	0	0	0	0	0	0	0	0	0	0	0	0	2	2	2	0	0	0	0	0	0	0	0	0	0	0	0	0	0	0	2	0	0	0	0	0	2	0	0	2	2	2	2	2	0	0	2	1	1	1	2	2	0	2	2	0	1	1	1	1	1	1	0	0	0	1	2	2	2	2	1	0	0	1	2	2	2	0	0	0	0	0	1	0	0	0	0	0	0	0
307	1	1	1	0	1	1	2	2	2	2	1	1	1	1	1	1	1	1	1	1	1	1	2	0	1	1	1	1	1	1	1	1	1	1	1	1	1	1	1	1	1	1	1	1	1	1	1	1	1	1	1	1	1	1	1	1	1	1	1	1	1	1	1	1	1	1	1	1	0	1	1	1	1	1	1	0	0	1	1	1	1	2	1	2	1	1	1	2	2	2	2	2	2	2
308	0	0	0	0	0	0	0	0	0	0	0	0	0	0	0	0	2	1	1	0	0	0	1	0	0	0	0	0	0	0	0	0	0	0	2	0	0	0	0	0	2	0	0	2	2	2	2	2	0	0	2	2	2	2	2	2	0	2	2	0	0	0	0	0	0	0	0	0	0	1	1	1	1	1	0	0	0	0	0	0	1	0	0	1	0	0	0	0	0	0	0	0	0	0
309	0	0	0	0	0	0	0	0	0	0	0	0	0	0	0	0	2	2	2	0	0	0	0	0	0	0	0	0	0	0	0	0	0	0	2	0	0	0	0	0	2	0	0	2	2	2	2	2	0	0	2	2	2	2	2	2	0	2	2	0	0	0	0	0	0	0	0	0	0	2	2	2	2	2	0	0	0	0	0	0	2	0	0	0	0	0	0	1	1	1	1	1	0	1
310	0	0	0	0	0	0	0	0	0	0	0	0	0	0	0	0	1	1	1	0	0	0	0	0	1	0	1	1	1	1	0	0	0	0	1	0	0	0	0	0	1	0	0	1	1	1	1	1	0	0	1	0	0	0	1	1	0	1	1	0	0	0	0	0	0	0	0	0	0	1	1	1	1	1	0	0	0	0	0	0	2	0	0	0	0	0	1	1	1	1	1	1	1	1
311	0	0	0	0	0	0	0	0	0	0	0	0	0	0	0	0	2	2	2	0	0	0	0	0	0	0	0	0	0	0	0	0	0	0	2	0	0	0	0	0	2	0	0	2	2	2	2	2	0	0	2	2	2	2	2	2	0	2	2	0	0	0	0	0	0	0	0	0	0	2	2	2	2	2	0	0	0	0	0	0	2	0	0	2	0	0	0	0	0	0	0	0	0	0
312	0	0	0	0	0	0	0	1	0	0	1	1	1	1	0	0	1	1	1	0	0	0	0	1	0	0	0	0	0	0	0	0	0	0	2	0	1	0	0	0	2	0	0	2	2	2	2	2	0	0	2	1	2	2	2	2	0	2	2	0	0	0	0	0	0	0	0	0	0	1	1	1	1	2	0	0	0	0	0	0	1	1	1	0	0	0	0	1	1	1	1	1	0	1
313	0	0	1	0	1	0	1	1	0	0	0	0	0	0	0	0	0	0	0	0	0	0	0	0	0	0	0	0	0	0	0	0	0	0	2	0	1	0	0	0	2	0	0	2	2	2	2	2	0	0	2	2	2	2	2	2	0	2	2	0	0	0	0	0	0	0	0	0	2	0	0	0	0	0	0	0	0	0	0	0	0	0	0	0	0	0	1	0	1	1	1	1	0	1
314	0	0	0	0	0	0	1	1	1	1	1	1	1	1	1	0	0	0	0	0	0	0	0	0	0	0	0	0	0	2	0	0	0	0	2	0	2	0	0	0	0	0	0	2	2	2	2	2	0	0	2	2	2	2	2	2	0	1	1	2	0	2	1	0	0	0	2	1	0	2	1	1	2	2	0	0	0	0	0	0	1	0	0	0	0	0	0	1	1	1	1	1	0	1
315	0	0	0	0	0	0	0	0	0	0	1	1	1	1	1	0	1	1	1	0	0	0	0	0	0	0	0	0	0	1	0	0	0	0	2	0	1	0	0	0	1	0	0	2	2	2	2	2	0	0	2	1	1	1	2	2	0	2	2	1	0	1	0	0	0	0	1	0	0	1	1	2	2	2	1	0	0	1	1	1	1	1	1	2	1	1	1	1	1	1	1	1	1	1
316	1	1	1	0	1	1	1	1	1	1	2	2	2	2	2	0	1	1	1	0	0	0	0	0	0	0	0	0	0	1	0	0	0	0	2	0	1	0	0	0	1	0	0	2	2	2	2	2	0	0	2	2	2	2	2	2	0	2	2	1	0	1	0	0	0	0	1	0	1	1	1	1	1	1	0	0	0	0	0	0	2	1	1	1	1	1	1	1	1	1	1	1	0	1
317	1	1	1	0	1	1	2	2	2	2	1	1	1	1	1	1	1	1	1	1	1	1	1	0	1	1	1	1	1	1	1	1	1	1	1	1	1	1	1	1	1	1	1	1	1	1	1	1	1	1	1	1	1	1	1	1	1	1	1	1	1	1	1	1	1	1	2	1	1	1	1	1	1	1	1	0	0	1	1	1	1	1	1	1	1	1	1	1	1	1	1	1	1	1
318	0	0	0	0	0	0	0	0	0	0	1	1	1	1	1	0	1	1	1	0	0	0	0	0	0	0	0	0	0	1	0	0	0	0	2	0	1	0	0	0	1	0	0	2	2	2	2	2	0	0	2	2	2	2	2	2	0	2	2	1	0	1	0	0	0	0	1	1	0	2	2	2	2	2	0	0	0	0	0	0	2	0	0	0	0	0	1	2	2	2	2	2	0	2
319	1	2	1	0	2	1	1	1	1	1	2	2	2	2	2	0	1	1	1	0	0	0	0	0	0	0	0	0	0	1	0	0	0	0	2	0	1	0	0	0	1	0	0	2	2	2	2	2	0	0	2	2	2	2	2	2	0	2	2	1	0	1	0	0	0	0	1	0	0	2	2	2	2	2	0	0	0	0	0	0	2	0	0	1	0	0	0	0	0	0	0	0	0	0
320	0	0	0	0	0	0	0	0	0	0	0	0	0	0	0	0	2	2	2	0	0	0	0	0	0	0	0	0	0	0	0	0	0	0	2	0	0	0	0	0	2	0	0	2	2	2	2	2	0	0	2	2	2	2	2	2	0	2	2	0	0	0	0	0	0	0	0	0	0	1	2	2	2	2	0	0	0	0	0	0	2	0	0	1	0	0	0	1	1	1	1	1	0	1
321	0	0	0	0	0	0	0	0	0	0	0	0	0	0	0	0	1	1	1	1	1	0	0	0	1	0	1	1	1	1	0	1	1	1	1	1	1	0	0	1	1	1	1	1	1	1	1	1	0	1	1	1	1	1	1	1	0	1	2	1	0	1	0	0	0	1	1	0	1	1	1	1	1	1	1	0	0	0	0	0	1	0	0	1	0	0	0	1	1	1	1	1	0	1
322	0	1	1	0	1	1	1	1	1	1	2	2	2	2	2	1	1	1	1	1	1	1	0	0	1	0	1	1	1	2	0	0	0	0	1	0	1	0	0	0	0	0	0	1	1	1	1	1	0	0	1	0	1	1	1	1	0	1	1	1	0	1	0	0	0	0	1	0	0	0	0	1	1	1	0	0	0	0	0	0	0	0	0	1	0	0	1	1	1	1	1	1	1	1
323	0	0	1	0	0	0	0	1	0	0	2	2	2	2	1	0	0	0	0	0	0	0	0	0	0	0	0	0	0	0	0	0	0	0	2	0	2	0	0	0	2	0	0	2	2	2	2	2	0	0	2	1	2	2	2	2	0	2	2	0	0	0	0	0	0	0	0	1	0	0	0	0	0	1	0	0	0	0	0	0	1	0	0	1	1	1	2	1	1	1	1	1	1	1
324	1	1	1	0	0	0	0	0	0	0	0	0	0	0	0	0	1	1	1	0	0	0	0	0	1	0	1	1	1	1	0	0	0	0	1	0	0	0	0	0	1	0	0	1	1	1	1	1	0	0	1	1	1	1	1	1	0	1	1	0	0	0	0	0	0	0	0	0	0	1	1	1	1	1	0	0	0	0	0	0	1	0	0	1	0	0	0	0	0	0	0	0	0	0
325	0	0	0	0	0	0	0	0	0	0	1	1	1	1	1	0	1	1	1	0	0	0	0	0	0	0	0	0	0	1	0	0	0	0	2	0	1	0	0	0	1	0	0	2	2	2	2	2	0	0	2	1	1	1	2	2	0	2	2	1	0	1	0	0	0	0	1	1	0	2	2	2	2	2	0	0	0	0	0	0	2	1	1	0	0	1	1	2	2	2	2	2	1	2
326	1	1	2	0	2	1	1	2	2	2	1	1	1	1	1	0	1	1	1	1	1	1	0	1	0	1	1	1	1	1	1	1	1	1	1	1	1	1	1	1	1	1	1	1	1	1	1	1	1	1	1	1	1	1	1	1	1	1	1	1	1	1	1	1	1	1	0	0	0	1	2	1	1	2	1	0	0	1	0	0	1	0	0	2	1	1	0	0	0	0	0	0	0	0
327	0	0	0	0	0	0	1	1	1	1	0	0	0	0	0	0	0	0	0	0	0	0	1	0	0	0	0	0	0	0	0	0	0	0	2	0	1	0	0	0	2	0	0	2	2	2	2	2	0	0	2	2	2	2	2	2	0	2	2	0	0	0	0	0	0	0	0	0	2	0	0	0	0	0	0	0	0	0	0	0	0	2	1	1	1	1	1	0	0	0	0	0	0	0
328	1	1	1	0	0	0	0	0	0	0	1	1	1	1	1	0	1	1	1	0	0	0	0	0	0	0	0	0	0	1	0	0	0	0	2	0	1	0	0	0	1	0	0	2	2	2	2	2	0	0	2	2	2	2	2	2	0	2	2	1	0	1	0	0	0	0	1	0	0	1	1	2	2	2	0	0	0	0	0	0	1	0	0	1	0	0	0	0	0	0	0	0	0	0
329	0	0	0	0	0	0	0	0	0	0	0	0	0	0	0	0	2	2	2	0	0	0	0	0	0	0	0	0	0	0	0	0	0	0	2	0	0	0	0	0	2	0	0	2	2	2	2	2	0	0	2	2	2	2	2	2	0	2	2	0	0	0	0	0	0	0	0	0	0	2	2	1	2	2	0	0	0	0	0	0	2	0	0	2	0	0	0	1	1	1	1	1	0	1
330	0	0	0	0	1	0	2	2	1	1	0	0	0	0	0	0	0	0	0	0	0	0	0	0	0	0	0	0	0	0	0	0	0	0	2	0	1	0	0	0	2	0	0	2	2	2	2	2	0	0	2	2	2	2	2	2	0	2	2	0	0	0	0	0	0	0	1	0	2	0	0	0	0	0	0	0	0	0	0	0	0	0	0	0	0	0	0	0	1	1	1	1	0	1
331	0	1	1	0	1	0	0	1	1	1	0	0	0	0	0	0	0	0	0	0	0	0	0	0	1	0	1	1	1	1	0	0	0	0	1	0	1	0	0	0	1	0	0	1	1	1	1	1	0	0	1	1	1	1	1	1	0	1	1	1	0	1	1	1	1	1	1	0	0	1	1	1	1	1	1	0	0	0	1	1	2	0	0	0	0	0	2	2	2	2	2	2	1	2
332	1	2	2	0	2	1	1	2	2	2	1	1	1	1	1	1	1	1	1	1	1	1	0	0	1	1	1	1	1	1	0	1	1	1	1	1	1	1	1	1	1	1	1	1	1	1	1	1	1	1	1	1	1	1	1	1	0	1	1	1	1	1	1	1	1	1	1	1	0	2	2	2	2	2	1	0	0	0	1	1	2	0	0	1	0	0	0	0	0	0	0	0	0	0
333	0	0	0	0	0	0	0	0	0	0	1	1	1	1	0	0	1	1	1	0	0	0	0	0	0	0	0	0	0	0	0	0	0	0	2	0	1	0	0	0	2	0	0	2	2	2	2	2	0	0	2	1	1	1	2	2	0	2	2	0	0	0	0	0	0	0	0	0	1	1	1	1	1	1	0	0	0	0	0	0	0	0	0	1	0	0	1	0	0	0	0	0	0	0
334	1	1	1	0	1	1	1	1	1	1	1	1	1	1	1	1	2	2	2	1	1	1	1	0	1	1	1	1	1	1	1	1	1	1	1	1	0	1	1	1	1	1	1	1	1	1	1	1	1	1	1	0	0	0	1	1	1	1	1	1	1	1	1	1	1	1	1	1	0	2	2	2	1	2	1	0	0	1	0	0	1	0	0	1	1	1	1	1	1	1	1	1	0	1
335	0	0	0	0	0	0	1	0	0	0	0	0	0	0	0	0	1	1	1	0	0	0	0	0	0	0	0	0	0	0	0	0	0	0	2	0	1	0	0	0	2	0	0	2	2	2	2	2	0	0	2	2	2	2	2	2	0	2	2	0	0	0	0	0	0	0	0	0	0	1	1	1	1	1	0	0	0	0	0	0	2	0	0	1	0	0	2	1	1	1	1	1	1	1
336	0	1	1	0	1	1	1	1	1	1	2	2	2	2	2	1	1	1	1	1	1	1	0	0	1	1	1	1	1	2	0	1	1	1	1	1	1	2	2	2	0	2	2	0	0	0	0	0	2	2	0	0	0	0	0	0	0	0	0	2	2	2	2	2	2	2	2	0	0	2	2	1	2	2	2	0	0	1	2	2	2	1	1	1	1	1	1	0	0	0	0	0	0	0
337	0	0	0	0	0	0	0	0	0	0	0	0	0	0	0	0	2	2	2	0	0	0	0	0	0	0	0	0	0	0	0	0	0	0	2	0	1	0	0	0	2	0	0	2	2	2	2	2	0	0	2	2	2	2	2	2	0	2	2	0	0	0	0	0	0	0	0	0	0	1	1	1	1	2	0	0	0	0	0	0	1	0	0	1	0	0	1	0	0	0	0	0	0	0
338	0	0	0	0	1	1	1	1	1	1	1	1	1	1	1	1	0	0	0	0	0	0	0	0	1	0	1	1	1	1	0	0	0	0	1	0	1	0	0	0	1	0	0	1	1	1	1	1	0	0	1	0	1	0	1	1	0	1	1	0	0	0	0	0	0	0	0	0	1	0	0	0	0	0	0	0	0	0	0	0	1	1	1	0	0	0	1	0	0	0	0	0	0	0
339	0	0	0	0	0	0	0	0	0	0	0	0	0	0	0	0	2	2	2	0	0	0	0	1	0	0	0	0	0	0	0	0	0	0	2	0	0	0	0	0	2	0	0	2	2	2	2	2	0	0	2	1	1	1	2	2	0	2	2	0	0	0	0	0	0	0	0	0	0	2	2	1	2	2	0	0	0	0	0	0	0	0	0	2	0	0	0	0	0	0	0	0	0	0
340	1	1	1	0	1	1	1	1	1	1	1	1	1	1	1	1	2	2	2	1	1	1	1	1	1	1	1	1	1	1	1	1	1	1	1	1	0	1	1	1	1	1	1	1	1	1	1	1	1	1	1	1	1	1	1	1	1	1	1	1	1	1	1	1	1	1	1	1	0	2	2	2	2	2	2	0	0	1	2	2	2	2	2	2	2	2	1	1	1	1	1	1	1	1
341	0	0	0	0	0	0	0	0	0	0	0	0	0	0	0	0	2	2	2	0	0	0	0	0	0	0	0	0	0	0	0	0	0	0	2	0	0	0	0	0	2	0	0	2	2	2	2	2	0	0	2	0	0	0	2	2	0	2	2	0	0	0	0	0	0	0	0	0	0	2	2	2	2	2	0	0	0	0	0	0	2	1	1	0	0	1	1	1	1	1	1	1	1	1
342	1	1	1	0	1	1	2	1	1	1	1	1	1	1	1	1	1	1	1	1	1	1	1	0	1	1	1	1	1	1	1	1	1	1	1	1	1	1	1	1	1	1	1	1	1	1	1	1	1	1	1	1	1	1	1	1	1	1	1	1	0	0	0	0	0	0	0	0	0	0	0	0	0	0	0	0	0	0	0	0	2	0	0	0	0	0	2	1	1	1	1	1	0	1
343	1	1	1	0	1	1	1	1	1	1	2	2	2	2	2	1	1	1	1	1	1	1	1	0	1	1	1	1	1	2	1	1	1	1	1	1	1	1	1	1	0	1	1	1	1	1	1	1	1	1	1	1	1	1	1	1	1	1	1	2	1	2	1	1	1	1	2	1	0	2	2	2	2	2	1	0	0	0	1	1	2	1	1	1	1	1	2	1	1	1	1	1	1	1
344	0	0	0	0	0	0	0	0	0	0	0	0	0	0	0	0	2	1	2	0	0	0	0	0	0	0	0	0	0	0	0	0	0	0	2	0	0	0	0	0	2	0	0	2	2	2	2	2	0	0	2	2	2	2	2	2	0	2	2	0	0	0	0	0	0	0	0	0	0	1	2	2	2	2	0	0	0	0	0	0	2	0	0	0	0	0	0	1	1	1	1	1	0	1
345	0	0	0	0	0	0	0	0	0	0	0	0	0	0	0	0	2	2	2	0	0	0	0	0	0	0	0	0	0	0	0	0	0	0	2	0	0	0	0	0	2	0	0	2	2	2	2	2	0	0	2	1	1	1	2	2	0	2	2	0	0	0	0	0	0	0	0	1	0	2	2	1	2	2	0	0	0	0	0	0	1	0	0	0	0	0	1	0	0	0	0	0	0	0
346	1	1	1	0	1	1	2	2	2	2	1	1	1	1	1	1	1	1	1	1	1	1	0	0	0	0	0	0	0	0	0	0	0	0	2	0	1	0	0	0	2	0	0	2	2	2	2	2	0	0	2	2	2	2	2	2	0	2	1	0	0	0	0	0	0	0	0	0	2	0	0	0	0	0	0	0	0	0	0	0	0	1	0	1	0	0	1	0	0	0	0	0	0	0
347	0	0	0	0	0	0	0	0	0	0	1	1	1	1	1	0	0	1	1	0	0	0	0	0	0	0	0	0	0	1	0	0	0	0	2	0	2	0	0	0	1	0	0	2	2	2	2	2	0	0	2	2	2	2	2	2	0	2	2	1	0	1	0	0	0	0	1	2	0	0	0	1	1	2	0	0	0	0	0	0	0	1	1	1	0	0	2	1	1	1	1	1	1	1
348	0	1	0	0	0	0	0	0	0	0	1	1	1	1	1	0	0	0	0	0	0	0	0	0	0	0	0	0	0	1	0	0	0	0	2	0	2	0	0	0	1	0	0	2	2	2	2	2	0	0	2	1	1	1	2	2	0	2	2	1	0	1	0	0	0	0	1	0	0	0	0	0	1	1	0	0	0	0	0	0	1	0	0	1	0	0	1	1	1	1	1	1	1	1
349	0	0	0	0	1	0	1	1	0	0	0	0	0	0	0	0	1	1	1	0	0	0	0	0	0	0	0	0	0	0	0	0	0	0	2	0	0	0	0	0	2	0	0	2	2	2	2	2	0	0	2	1	1	1	2	2	0	2	2	0	0	0	0	0	0	0	0	0	1	1	1	1	1	1	0	0	0	0	0	0	1	0	0	0	0	0	0	0	1	1	1	1	0	1
350	1	1	1	0	0	1	1	1	1	1	1	1	1	1	1	1	2	1	2	1	1	1	0	0	1	1	1	1	1	1	0	1	1	1	1	1	0	1	1	1	1	1	1	1	1	1	1	1	1	1	1	0	0	0	1	1	0	1	1	1	1	1	1	1	1	1	1	0	0	2	2	2	2	2	1	0	0	1	1	1	2	1	1	1	1	1	1	1	1	1	1	1	0	1
351	1	1	1	0	1	1	1	1	1	1	1	1	1	1	1	1	2	1	2	1	1	1	0	0	1	1	1	1	1	1	0	1	1	1	1	1	1	1	1	1	1	1	1	1	1	1	1	1	1	1	1	1	1	1	1	1	0	1	1	1	1	1	1	1	1	1	1	1	0	1	1	1	1	2	1	0	0	0	1	1	1	0	0	0	0	0	1	0	0	0	0	0	0	0
352	0	0	0	0	0	0	0	1	0	0	1	1	1	1	0	0	1	1	1	0	0	0	0	0	0	0	0	0	0	1	0	0	0	0	2	0	2	0	0	0	1	0	0	2	2	2	2	2	0	0	2	2	2	2	2	2	0	2	2	1	0	1	0	0	0	0	1	1	0	0	0	1	1	2	0	0	0	1	0	0	0	0	0	1	0	0	1	1	1	1	1	1	0	1
353	0	0	0	0	0	0	0	0	0	0	1	1	1	1	1	0	1	1	1	0	0	0	1	0	0	0	0	0	0	1	0	0	0	0	2	0	1	0	0	0	1	0	0	2	2	2	2	2	0	0	2	0	0	0	2	2	0	2	1	1	0	1	0	0	0	0	1	1	0	0	0	0	1	1	0	0	0	0	0	0	0	0	0	0	0	0	0	1	1	1	1	1	0	1
354	0	0	0	0	0	0	1	1	1	1	0	0	0	0	0	0	1	1	1	0	0	0	0	0	0	0	0	0	0	1	0	0	0	0	2	0	1	0	0	0	1	0	0	2	2	2	2	2	0	0	2	2	2	2	2	2	0	1	1	1	0	1	1	0	0	0	1	1	0	2	1	1	2	2	0	0	0	0	0	0	1	0	0	0	0	0	0	1	1	1	1	1	0	1
355	0	0	0	0	1	1	1	1	1	1	1	1	1	1	1	1	2	2	2	1	1	1	1	0	1	1	1	1	1	1	1	1	1	1	1	1	0	1	1	1	1	1	1	1	1	1	1	1	1	1	1	0	0	0	1	1	1	1	1	1	1	1	1	1	1	1	1	0	0	2	2	2	2	2	1	0	0	0	1	1	2	1	1	1	1	1	2	1	1	1	1	1	1	1
356	0	0	0	0	0	0	0	0	0	0	0	0	0	0	0	0	2	2	2	0	0	0	0	0	0	0	0	0	0	0	0	0	0	0	2	0	0	0	0	0	2	0	0	2	2	2	2	2	0	0	2	1	1	1	2	2	0	2	2	0	0	0	0	0	0	0	0	0	0	2	2	2	2	2	0	0	0	0	0	0	2	0	0	0	0	0	0	0	0	0	0	0	0	0
357	2	2	2	0	1	1	1	1	1	1	1	1	1	1	1	0	2	2	1	0	0	0	0	0	1	0	1	1	1	1	0	0	0	0	1	0	0	0	0	0	1	0	0	1	1	1	1	1	0	0	1	1	1	1	1	1	0	1	1	0	0	0	0	0	0	0	0	0	0	1	1	1	1	1	0	0	0	0	0	0	2	0	0	0	0	0	0	0	0	0	0	0	0	0
358	1	1	1	0	1	1	1	1	1	1	1	1	1	1	1	1	2	2	2	1	1	1	1	0	1	1	1	1	1	1	1	1	1	1	1	1	0	1	1	1	1	1	1	1	1	1	1	1	1	1	1	1	1	1	1	1	1	1	1	1	1	1	1	1	1	1	1	1	0	2	2	2	1	2	1	0	0	1	0	0	1	0	0	2	1	1	0	1	1	1	1	1	0	1
359	0	0	1	0	0	0	0	1	0	0	2	2	2	2	1	0	1	1	1	1	1	1	0	0	1	1	0	0	0	2	0	0	0	0	2	0	2	0	0	0	0	0	0	2	2	2	2	2	0	0	2	2	2	2	2	2	0	2	2	2	0	2	0	0	0	0	2	1	0	1	1	2	2	2	0	0	0	0	0	0	1	1	1	1	0	0	0	0	0	0	0	0	0	0
360	1	1	1	0	1	1	1	1	1	1	1	1	1	1	1	1	2	1	2	1	1	1	1	0	1	1	1	1	1	1	1	1	1	1	1	1	0	1	1	1	1	1	1	1	1	1	1	1	1	1	1	1	1	1	1	1	1	1	1	1	0	0	0	0	0	0	0	0	0	1	1	1	1	1	0	0	0	0	0	0	2	0	0	0	0	0	1	0	0	0	0	0	0	0
361	0	0	0	0	0	0	0	0	0	0	1	1	1	1	1	0	1	1	1	0	0	0	0	0	0	0	0	0	0	1	0	0	0	0	2	0	1	0	0	0	1	0	0	2	2	2	2	2	0	0	2	2	2	2	2	2	0	2	2	1	0	1	0	0	0	0	1	1	0	1	1	2	2	2	0	0	0	0	0	0	1	1	1	0	0	0	0	0	0	0	0	0	0	0
362	0	0	0	0	0	0	1	1	1	1	1	1	1	1	1	1	1	1	1	1	1	1	1	0	2	1	2	2	2	2	1	1	1	1	0	1	1	1	1	1	0	1	1	0	0	0	0	0	1	1	1	0	0	0	0	0	1	0	1	1	1	1	1	1	1	1	1	1	0	1	1	1	1	1	1	0	0	1	2	2	2	1	1	0	0	1	1	1	1	1	1	1	1	1
363	0	0	0	0	0	0	1	1	1	1	0	0	0	0	0	0	1	1	1	0	0	0	0	0	0	0	0	0	0	1	0	0	0	0	2	0	1	0	0	0	1	0	0	2	2	2	2	2	0	0	2	2	2	2	2	2	0	1	1	1	0	1	1	0	0	0	1	1	0	1	0	1	1	2	0	0	0	0	0	0	0	0	0	0	0	0	1	1	1	1	1	1	0	1
364	1	0	1	0	1	1	1	1	1	1	1	1	1	1	1	0	2	2	2	1	1	1	0	1	0	1	1	1	1	1	1	1	1	1	1	1	0	1	1	1	1	1	1	1	1	1	1	1	1	1	1	0	0	0	1	1	1	1	1	1	1	1	1	1	1	1	1	1	0	2	2	1	1	2	1	0	0	1	0	0	0	0	0	1	1	1	1	0	0	0	0	0	0	0
365	0	1	1	0	2	0	1	2	1	1	0	0	0	0	0	0	0	0	0	0	0	0	0	0	0	0	0	0	0	0	0	0	0	0	2	0	1	0	0	0	2	0	0	2	2	2	2	2	0	0	2	2	2	2	2	2	0	2	2	0	0	0	0	0	0	0	0	0	1	1	1	1	1	1	0	0	0	0	0	0	1	0	0	1	0	0	0	0	1	1	1	1	0	1
366	1	1	1	0	1	1	1	1	1	1	1	1	1	1	1	1	2	2	2	1	1	1	1	0	1	1	1	1	1	1	1	1	1	1	1	1	0	1	1	1	1	1	1	1	1	1	1	1	1	1	1	1	1	1	1	1	1	1	1	1	1	1	1	1	1	1	1	1	0	2	2	1	2	2	1	0	0	1	1	1	2	1	1	2	1	1	1	1	1	1	1	1	1	1
367	0	0	0	0	0	0	0	0	0	0	0	0	0	0	0	0	2	2	2	0	0	0	0	0	0	0	0	0	0	0	0	0	0	0	2	0	0	0	0	0	2	0	0	2	2	2	2	2	0	0	2	2	2	2	2	2	0	2	2	0	0	0	0	0	0	0	0	0	0	2	2	2	2	2	0	0	0	0	0	0	2	0	0	1	0	0	0	0	0	0	0	0	0	0
368	1	1	1	0	1	1	1	1	1	1	1	1	1	1	1	1	2	2	2	0	0	0	0	0	0	0	0	0	0	0	0	0	0	0	2	0	0	0	0	0	2	0	0	2	2	2	2	2	0	0	2	2	2	2	2	2	0	2	2	0	0	0	0	0	0	0	0	0	0	2	2	2	2	2	0	0	0	0	0	0	2	0	0	0	0	0	0	0	0	0	0	0	0	0
369	0	0	0	0	0	0	0	0	0	0	1	1	1	1	1	0	1	1	1	0	0	0	0	0	0	0	0	0	0	1	0	0	0	0	2	0	1	0	0	0	1	0	0	2	2	2	2	2	0	0	2	2	2	2	2	2	0	2	2	1	0	1	0	0	0	0	1	0	0	2	2	2	2	2	0	0	0	0	0	0	2	0	0	0	0	0	0	0	0	0	0	0	0	0
370	1	1	1	0	1	1	1	1	1	1	1	1	1	1	1	1	2	2	2	1	1	1	0	0	1	1	1	1	1	1	0	1	1	1	1	1	0	1	1	1	1	1	1	1	1	1	1	1	1	1	1	1	1	1	1	1	0	1	1	1	1	1	1	1	1	1	1	1	0	2	2	2	2	2	1	0	0	0	1	1	2	0	0	1	0	0	0	0	0	0	0	0	0	0
371	0	0	0	0	0	0	0	0	0	0	1	1	1	1	1	0	1	1	1	0	0	0	0	0	0	0	0	0	0	1	0	0	0	0	2	0	1	0	0	0	1	0	0	2	2	2	2	2	0	0	2	1	1	1	2	2	0	2	2	1	0	1	0	0	0	0	1	1	0	1	1	1	2	2	0	0	0	0	0	0	1	0	0	0	0	0	0	2	2	2	2	2	0	2
372	0	0	0	0	0	0	1	1	1	1	1	1	1	1	1	0	0	0	0	0	0	0	0	0	0	0	0	0	0	1	0	0	0	0	2	0	2	0	0	0	1	0	0	2	2	2	2	2	0	0	2	0	1	1	2	2	0	2	2	1	0	1	0	0	0	0	2	0	1	1	1	1	1	1	0	0	0	0	0	0	1	0	0	0	0	0	2	1	1	1	1	1	1	1
