29	0	0	0	0	0	0	0	0	0	0	0	0	0	1	0	0	1	1	0	0	2	2	1	2	2	2	0	0	0	1	1	1	1	1
30	0	0	0	0	0	0	0	0	1	1	0	0	0	1	0	0	1	1	0	0	2	2	1	2	2	2	1	1	0	1	1	1	2	0
31	0	0	0	0	0	0	0	0	0	0	0	0	0	0	0	0	0	0	0	0	2	2	2	2	2	2	1	0	0	0	0	0	2	0
32	0	0	0	0	1	0	0	0	0	0	0	0	0	0	0	0	0	0	0	0	2	2	2	2	2	2	1	0	0	0	0	0	2	0
33	1	0	1	1	1	1	0	0	1	1	0	1	1	1	0	0	1	1	0	0	2	2	2	2	2	2	1	0	0	0	0	1	2	0
34	0	0	0	0	0	0	0	0	0	0	0	0	0	0	0	0	0	0	0	0	2	2	2	2	2	2	1	1	0	1	1	1	1	1
35	0	0	0	0	1	0	0	0	0	0	0	0	0	0	0	0	0	0	0	0	2	2	2	2	2	2	1	0	0	0	0	0	2	0
36	0	0	0	0	0	0	0	0	0	0	0	0	0	1	0	0	1	1	0	0	2	2	1	2	2	2	1	1	0	2	2	2	1	1
37	1	0	1	1	1	1	0	0	1	1	0	1	1	1	0	0	1	1	0	0	2	2	2	2	1	2	1	0	0	0	0	0	2	0
38	0	0	0	0	1	0	0	0	0	0	0	0	0	0	0	0	0	0	0	0	2	2	2	1	2	2	1	0	0	0	0	0	2	0
39	0	0	0	0	0	0	0	0	0	0	0	0	0	0	0	0	0	0	0	0	2	2	2	2	2	2	0	0	0	0	0	0	2	0
40	0	0	0	0	1	0	0	0	0	0	0	0	0	0	0	0	0	0	0	0	2	2	2	2	2	2	2	0	0	0	0	0	2	0
296	1	0	1	1	1	1	0	0	1	1	0	1	1	1	0	0	1	1	0	0	2	2	2	2	2	2	2	0	0	0	0	0	2	0
297	0	0	0	0	0	0	0	0	1	1	0	1	1	1	0	0	1	1	0	0	2	2	2	2	2	2	1	0	0	0	0	0	2	0
298	0	0	0	0	2	0	0	0	0	0	0	0	0	0	0	0	0	0	0	0	2	2	2	2	2	2	2	0	0	0	0	0	2	0
299	0	0	0	0	0	0	0	0	2	2	0	2	2	1	0	0	2	2	0	0	2	2	2	2	2	2	0	0	0	2	2	2	0	2
300	1	0	1	1	2	1	0	0	1	1	0	1	1	1	0	0	1	1	0	0	2	2	2	2	2	2	2	0	0	0	0	0	2	0
301	0	0	0	0	1	0	0	0	0	0	0	0	0	1	0	0	1	1	0	0	2	2	1	2	2	2	0	0	0	0	0	0	2	0
302	0	0	0	0	0	0	0	0	0	0	0	0	0	0	0	0	0	0	0	0	2	2	2	2	2	2	1	0	0	0	0	0	2	0
303	1	1	1	1	1	1	1	1	1	1	1	0	0	0	0	0	0	0	0	0	2	2	2	2	2	2	0	0	0	0	0	0	2	1
304	0	0	0	0	0	0	0	0	1	1	0	1	1	2	0	0	2	2	0	0	2	2	1	2	2	2	1	0	0	1	1	1	1	1
305	0	0	0	0	0	0	0	0	0	0	0	0	0	0	0	0	0	0	0	0	2	2	2	2	1	2	1	0	0	0	0	0	2	0
306	0	0	0	0	1	0	0	0	0	0	0	0	0	0	0	0	0	0	0	0	2	2	2	2	2	2	1	0	0	0	0	0	2	0
307	0	0	0	0	0	0	0	0	0	0	0	0	0	0	0	0	0	0	0	0	2	2	2	2	2	2	0	0	0	0	0	0	2	0
308	0	0	0	0	0	0	0	0	1	1	0	1	1	1	0	0	1	1	0	0	2	2	2	2	2	2	2	1	0	2	2	2	1	2
309	0	0	0	0	0	0	0	0	1	1	0	0	0	0	0	0	0	0	0	0	2	2	2	2	2	2	2	0	0	0	0	0	2	1
310	0	0	0	0	1	0	0	0	0	0	0	0	0	0	0	0	0	0	0	0	2	2	2	1	2	2	1	0	0	0	0	0	2	0
311	0	0	0	0	0	0	0	0	0	0	0	0	0	0	0	0	0	0	0	0	2	2	2	2	2	2	0	0	0	0	0	0	2	0
312	1	0	1	1	1	1	0	0	1	1	0	1	1	1	0	0	1	1	0	0	2	2	2	2	1	2	1	0	0	0	0	0	2	0
313	0	0	0	0	1	0	0	0	0	0	0	0	0	0	0	0	0	0	0	0	2	2	2	2	2	2	0	0	0	0	0	0	2	0
314	0	0	0	0	0	0	0	0	0	0	0	0	0	0	0	0	0	0	0	0	2	2	2	2	2	2	0	0	0	0	0	0	2	0
315	0	0	0	0	0	0	0	0	0	0	0	0	0	1	0	0	1	1	0	0	2	2	1	2	2	2	0	0	0	1	1	1	2	0
316	0	0	0	0	1	0	0	0	0	0	0	0	0	0	0	0	0	0	0	0	2	2	2	2	2	2	2	0	0	0	0	0	2	0
317	0	0	0	0	0	0	0	0	0	0	0	0	0	1	0	0	1	1	0	0	2	2	1	2	2	2	1	0	0	0	0	0	2	0
318	0	0	0	0	0	0	0	0	1	1	0	1	1	2	0	0	2	2	0	0	2	2	1	2	1	2	2	0	0	1	1	2	1	1
319	1	0	1	1	2	1	0	0	1	1	0	1	1	1	0	0	1	1	0	0	2	2	2	2	1	2	2	0	0	0	0	0	2	0
320	0	0	0	0	0	0	0	0	0	0	0	0	0	0	0	0	0	0	0	0	2	2	2	2	2	2	0	0	0	0	0	0	2	0
321	0	0	0	0	0	0	0	0	0	0	0	0	0	0	0	0	0	0	0	0	2	2	2	2	2	2	0	0	0	0	0	0	2	0
322	0	0	0	0	0	0	0	0	0	0	0	0	0	0	0	0	0	0	0	0	2	2	2	2	2	2	0	0	0	0	0	0	2	0
323	1	0	1	1	1	1	0	0	1	1	0	1	1	1	0	0	1	1	0	0	2	2	2	2	1	2	1	0	0	0	0	0	2	0
324	0	0	0	0	1	0	0	0	0	0	0	0	0	0	0	0	0	0	0	0	2	2	2	1	2	2	1	0	0	0	0	0	2	0
325	0	0	0	0	0	0	0	0	0	0	0	0	0	1	0	0	1	1	0	0	2	2	1	2	1	2	1	0	0	1	1	1	1	1
326	0	0	0	0	1	0	0	0	0	0	0	0	0	0	0	0	0	0	0	0	2	2	2	2	2	2	1	0	0	0	0	0	2	0
327	0	0	0	0	0	0	0	0	0	0	0	0	0	1	0	0	1	1	0	0	2	2	1	2	2	2	0	0	0	1	1	1	2	0
328	1	1	1	1	1	1	1	1	1	1	1	1	1	1	1	1	1	1	1	1	1	1	1	1	1	1	1	1	1	1	1	1	1	1
329	0	0	0	0	1	0	0	0	0	0	0	0	0	0	0	0	0	0	0	0	2	2	2	1	2	2	0	0	0	0	0	0	2	0
330	0	0	0	0	0	0	0	0	0	0	0	0	0	0	0	0	0	0	0	0	2	2	2	2	2	2	0	0	0	0	0	0	2	0
331	0	0	0	0	0	0	0	0	0	0	0	0	0	0	0	0	0	0	0	0	2	2	2	2	2	2	1	0	0	0	0	0	2	0
332	0	0	0	0	0	0	0	0	0	0	0	0	0	1	0	0	1	1	0	0	2	2	1	2	1	2	2	1	0	1	1	1	2	0
333	0	0	0	0	1	0	0	0	0	0	0	0	0	0	0	0	0	0	0	0	2	2	2	2	2	2	2	0	0	0	0	0	2	0
334	0	0	0	0	0	0	0	0	0	0	0	0	0	0	0	0	0	0	0	0	2	2	2	2	2	2	1	0	0	0	0	0	2	0
335	0	0	0	0	1	0	0	0	0	0	0	0	0	0	0	0	0	0	0	0	2	2	2	1	2	2	0	0	0	0	0	0	2	0
336	0	0	0	0	1	0	0	0	0	0	0	0	0	0	0	0	0	0	0	0	2	2	2	2	2	2	2	1	0	1	1	1	1	1
337	0	0	0	0	0	0	0	0	0	0	0	0	0	0	0	0	0	0	0	0	2	2	2	2	2	2	1	0	0	0	0	0	2	0
338	0	0	0	0	0	0	0	0	0	0	0	0	0	0	0	0	0	0	0	0	2	2	2	2	2	2	0	0	0	0	0	0	2	0
339	0	0	0	0	0	0	0	0	0	0	0	0	0	0	0	0	0	0	0	0	2	2	2	2	2	2	0	0	0	0	0	0	2	0
340	0	0	0	0	1	0	0	0	0	0	0	0	0	1	0	0	1	1	0	0	2	2	1	2	2	2	1	0	0	1	1	1	2	0
341	0	0	0	0	0	0	0	0	0	0	0	0	0	0	0	0	0	0	0	0	2	2	2	2	2	2	0	0	0	0	0	0	2	0
342	0	0	0	0	2	0	0	0	0	0	0	0	0	0	0	0	0	0	0	0	2	2	2	1	2	2	1	0	0	0	0	0	2	0
343	0	0	0	0	0	0	0	0	0	0	0	0	0	1	0	0	1	1	0	0	2	2	1	2	2	2	1	0	0	0	0	0	2	0
344	0	0	0	0	1	0	0	0	0	0	0	0	0	0	0	0	0	0	0	0	2	2	2	2	0	2	1	0	0	0	0	0	2	0
345	0	0	0	0	0	0	0	0	0	0	0	0	0	1	0	0	1	1	0	0	2	2	1	2	2	2	0	0	0	1	1	1	1	1
346	0	0	0	0	1	0	0	0	0	0	0	0	0	0	0	0	0	0	0	0	2	2	2	2	2	2	2	0	0	0	0	0	2	0
347	0	0	0	0	0	0	0	0	1	1	0	1	1	1	0	0	1	1	0	0	2	2	2	2	2	2	0	0	0	0	0	0	2	0
348	1	0	1	1	1	1	0	0	1	1	0	1	1	1	0	0	1	1	0	0	2	2	2	2	2	2	1	0	0	0	0	0	2	0
349	0	0	0	0	0	0	0	0	1	1	0	1	1	1	0	0	1	1	0	0	2	2	2	2	2	2	0	0	0	1	1	1	1	1
350	1	0	1	1	1	1	0	0	1	1	0	1	1	1	0	0	1	1	0	0	2	2	2	2	1	2	1	0	0	1	1	1	1	1
351	0	0	0	0	0	0	0	0	0	0	0	0	0	0	0	0	0	0	0	0	2	2	2	2	2	2	0	0	0	0	0	0	2	0
352	0	0	0	0	0	0	0	0	0	0	0	0	0	0	0	0	0	0	0	0	2	2	2	2	2	2	0	0	0	0	0	0	2	0
353	0	0	0	0	0	0	0	0	0	0	0	0	0	0	0	0	0	0	0	0	2	2	2	2	1	2	0	0	0	0	0	0	2	0
354	0	0	0	0	1	0	0	0	1	1	0	1	1	0	0	0	1	1	0	0	2	2	2	1	2	2	1	0	0	1	1	1	1	1
355	1	0	1	1	1	1	0	0	1	1	0	2	1	1	0	0	1	1	0	0	2	2	2	2	1	2	1	0	0	0	0	0	2	1
356	0	0	0	0	2	0	0	0	0	0	0	0	0	0	0	0	0	0	0	0	2	2	2	1	2	2	2	0	0	0	0	0	2	0
357	0	0	0	0	1	0	0	0	0	0	0	0	0	0	0	0	0	0	0	0	2	2	2	2	2	2	0	0	0	0	0	0	2	0
358	0	0	0	0	0	0	0	0	0	0	0	0	0	0	0	0	0	0	0	0	2	2	2	2	2	2	1	1	0	1	1	1	1	1
359	0	0	0	0	0	0	0	0	0	0	0	0	0	0	0	0	0	0	0	0	2	2	2	2	2	2	1	0	0	0	0	0	2	0
360	0	0	0	0	0	0	0	0	1	1	0	1	1	1	0	0	1	1	0	0	2	2	2	2	2	2	1	0	0	0	0	0	2	0
361	0	0	0	0	0	0	0	0	0	0	0	0	0	0	0	0	0	0	0	0	2	2	2	2	2	2	0	0	0	0	0	0	2	0
362	0	0	0	0	0	0	0	0	0	0	0	0	0	0	0	0	0	0	0	0	2	2	2	2	2	2	0	0	0	0	0	0	2	0
363	0	0	0	0	0	0	0	0	0	0	0	0	0	1	0	0	1	1	0	0	2	2	1	2	2	2	1	0	0	1	1	1	1	1
364	0	0	0	0	0	0	0	0	0	0	0	0	0	0	0	0	0	0	0	0	2	2	2	2	2	2	1	1	0	1	1	1	1	1
365	0	0	0	0	0	0	0	0	0	0	0	1	0	0	0	0	0	0	0	0	2	2	2	2	2	2	0	0	0	0	0	0	2	0
366	1	0	1	1	2	1	0	0	1	1	0	1	1	1	0	0	1	1	0	0	2	2	2	2	1	2	2	0	0	0	0	0	2	0
367	0	0	0	0	0	0	0	0	0	0	0	0	0	1	0	0	1	1	0	0	2	2	1	2	2	2	1	0	0	1	1	1	1	1
368	0	0	0	0	0	0	0	0	0	0	0	0	0	0	0	0	0	0	0	0	2	2	2	2	2	2	0	0	0	0	0	0	2	0
369	0	0	0	0	1	0	0	0	0	0	0	0	0	0	0	0	0	0	0	0	2	2	2	1	2	2	1	0	0	0	0	0	2	0
370	1	0	1	1	1	1	0	0	1	1	0	1	1	1	0	0	1	1	0	0	2	2	2	2	2	2	2	0	0	0	0	0	2	0
371	1	1	1	1	1	1	1	1	1	1	1	0	0	0	0	0	0	0	0	0	2	2	2	2	2	2	0	0	0	0	0	0	2	1
372	1	0	1	1	1	1	0	0	1	1	0	1	1	1	0	0	1	1	0	0	2	2	2	2	1	2	1	0	0	0	0	0	2	0
