29	1	2	1	2	1	1	1	2	2	1	1	1	2	1	1	1	2	2	2	2	2	2	2	1	1	2	2	2	2	2	2	2	2	2	2	2	2	2	2	2	2	2	2	2	2	2	2	2	2	1	2	2	1	2	2	2	2	2	2	2	2	1	2	2	2	2	2	2	2	2	0	1	2	0	2	2	1	0	0	0	0	0	0	0	0	0	0	0	0	0	0	0	0	0	0	2	0	0	0	0	0	1	0	0	2	2
30	0	2	0	2	0	0	0	2	2	0	0	0	2	0	0	0	0	0	0	0	0	2	0	0	0	0	0	0	0	0	0	2	0	0	0	0	0	0	0	2	2	0	2	0	0	0	2	0	0	0	2	2	2	0	2	2	2	2	2	2	2	0	2	2	2	2	2	2	2	2	0	1	2	0	2	0	0	0	0	0	0	2	2	2	0	0	0	0	2	0	2	0	0	0	0	2	2	2	0	0	2	2	0	0	2	2
31	1	2	1	2	1	0	0	2	2	0	0	0	2	0	0	0	0	0	0	0	0	2	0	0	1	1	0	0	0	0	0	2	1	1	0	1	0	0	0	2	2	0	2	0	0	0	2	0	1	0	1	1	1	1	1	1	1	1	1	1	1	1	0	0	0	0	0	0	0	0	0	1	0	0	0	0	0	0	0	0	0	0	0	0	0	0	0	0	0	0	0	0	0	0	0	1	0	0	1	0	0	0	0	0	2	2
32	0	0	0	0	0	0	0	0	0	0	0	0	0	0	0	0	0	0	0	0	0	0	0	1	0	0	0	0	0	0	0	0	0	0	0	0	0	0	0	0	2	0	0	0	0	0	0	0	1	0	0	0	0	0	0	0	0	0	0	0	0	0	0	0	0	0	0	0	0	0	0	2	0	0	0	0	0	0	0	0	0	0	0	0	0	0	0	0	0	0	0	0	0	0	0	0	0	0	0	0	0	0	0	0	2	2
33	1	2	1	2	1	1	1	2	2	1	1	1	2	1	1	1	1	1	0	1	1	2	1	0	1	1	1	1	1	1	1	2	1	1	1	1	1	1	1	2	2	1	2	1	1	1	2	1	1	0	2	2	2	1	2	2	2	2	2	2	2	0	2	1	1	1	1	1	1	1	0	2	1	0	1	0	0	0	0	0	1	2	2	2	1	1	0	1	2	1	2	1	1	1	1	2	2	2	0	1	2	2	0	0	2	2
34	0	0	0	0	0	0	0	0	0	0	0	0	0	0	0	0	0	0	0	0	0	0	0	0	0	0	0	0	0	0	0	0	0	0	0	0	0	0	0	1	1	0	0	0	0	0	0	0	2	0	0	0	0	0	0	0	0	0	0	0	0	0	0	0	0	0	0	0	0	2	0	2	2	0	1	2	2	0	0	0	0	0	0	0	0	0	0	0	0	0	0	0	0	0	0	2	0	0	0	0	0	2	0	0	2	2
35	0	0	0	0	0	0	0	0	0	0	0	0	0	0	0	0	0	0	0	0	0	0	0	0	0	0	0	0	0	0	0	0	0	0	0	0	0	0	0	0	1	0	0	0	0	0	0	0	1	0	0	0	0	0	0	0	0	0	0	0	0	0	0	0	0	0	0	0	0	0	0	1	0	0	0	0	0	0	0	0	0	0	0	0	0	0	0	0	0	0	0	0	0	0	0	1	0	0	0	0	0	0	0	0	1	1
36	0	2	0	2	0	0	0	1	1	0	0	0	1	0	0	0	0	0	0	0	0	1	0	0	0	0	0	0	0	0	0	1	0	0	0	0	0	0	0	1	1	0	1	0	0	0	1	1	1	0	1	1	1	0	1	1	1	1	1	1	1	0	1	1	1	1	1	1	1	2	0	2	2	0	2	1	1	0	0	0	0	1	1	1	0	0	0	0	1	0	1	0	0	0	0	2	1	1	0	0	1	2	0	0	2	2
37	1	1	1	1	0	0	0	1	1	1	1	1	1	0	1	1	1	1	0	1	1	1	0	0	1	1	1	1	1	0	1	1	1	1	1	1	1	1	1	1	1	1	1	1	1	1	1	1	1	0	0	0	0	0	0	0	0	0	0	0	0	0	0	0	0	0	0	0	0	0	0	1	0	0	0	0	0	0	0	0	0	0	0	0	0	0	0	0	0	0	0	0	0	0	0	1	0	0	0	0	1	1	0	0	1	1
38	1	1	1	1	1	1	1	1	1	1	1	1	1	1	1	1	1	1	1	1	1	1	1	2	1	1	1	1	1	1	1	1	1	1	1	1	1	1	1	1	1	1	1	1	1	1	1	1	1	0	0	0	0	0	0	0	0	0	0	0	0	0	0	0	0	0	0	0	0	0	0	1	0	0	0	0	0	0	0	0	0	0	0	0	0	0	0	0	0	0	0	0	0	0	0	0	0	0	0	0	0	0	0	0	1	2
39	1	1	1	1	1	1	1	1	1	1	1	1	1	1	1	1	1	1	1	1	1	1	1	1	1	1	1	1	1	1	1	1	1	1	1	1	1	1	1	1	2	1	1	1	1	1	1	1	2	1	1	1	1	1	1	1	1	1	1	1	1	1	1	1	1	1	1	1	1	1	1	2	1	1	1	1	1	1	1	1	1	1	1	1	1	0	1	1	1	1	1	0	0	0	1	1	1	1	1	1	0	1	1	1	2	2
40	0	2	1	2	1	1	0	2	2	0	0	0	2	0	0	0	0	0	0	0	0	2	0	0	0	0	0	0	0	0	0	2	0	0	0	0	0	0	0	2	2	0	2	0	0	0	2	0	0	0	0	0	0	0	0	0	0	0	0	0	0	0	0	0	0	0	0	0	0	0	0	2	0	0	0	0	0	0	0	0	0	0	0	0	0	0	0	0	0	0	0	0	0	0	0	2	0	0	0	0	0	2	0	0	2	2
296	0	1	1	1	0	0	0	1	1	0	0	0	1	0	0	0	0	0	0	0	0	1	0	0	0	0	0	0	0	0	0	1	0	0	0	0	0	0	0	1	1	0	1	0	0	0	1	0	1	0	0	0	0	0	0	0	0	0	0	0	0	0	0	1	0	0	0	0	0	1	0	1	0	0	1	0	0	0	0	0	0	1	1	1	0	0	0	0	1	0	1	0	0	0	0	1	1	1	0	0	1	1	0	0	1	2
297	0	1	0	1	0	0	0	1	1	0	0	0	1	0	0	0	0	0	0	0	0	1	0	0	0	0	0	0	0	0	0	1	0	0	0	0	0	0	0	1	1	0	1	0	0	0	1	0	0	0	1	1	1	0	1	1	1	1	1	1	1	0	1	1	1	1	1	1	1	1	0	2	1	0	1	0	0	0	0	0	0	1	1	1	0	0	0	0	1	0	1	0	0	0	0	1	1	1	0	0	1	1	0	0	1	1
298	0	1	0	1	0	0	0	1	1	0	0	0	1	0	0	0	0	0	0	0	0	1	0	0	0	0	0	0	0	0	0	1	0	0	0	0	0	0	0	1	2	0	1	0	0	0	1	0	0	0	0	0	0	0	0	0	0	0	0	0	0	0	0	0	0	0	0	0	0	0	0	2	0	0	0	0	0	0	0	0	0	0	0	0	0	0	0	0	0	0	0	0	0	0	0	1	0	0	0	0	0	1	0	0	2	2
299	0	2	2	2	2	2	2	2	2	2	0	2	2	2	2	2	2	2	2	2	2	2	2	2	2	2	2	2	2	2	2	2	2	2	2	2	2	2	2	2	2	2	2	2	2	2	2	2	2	0	0	0	0	0	0	0	0	0	0	0	0	0	0	0	0	0	0	0	0	0	0	0	0	0	0	0	0	0	0	0	0	0	0	0	0	0	0	0	0	0	0	0	0	0	0	0	0	0	0	0	0	0	0	0	2	2
300	2	2	2	2	2	2	2	2	2	2	2	2	2	2	2	2	2	2	1	2	2	2	2	1	2	2	2	2	2	2	2	2	2	2	2	2	2	2	2	2	2	2	2	2	2	2	2	2	2	1	2	2	2	2	2	2	2	2	2	2	2	2	2	1	1	1	1	1	1	1	1	2	1	1	1	1	1	1	1	1	2	2	2	2	2	2	1	2	2	2	2	2	2	2	2	2	2	2	1	2	2	2	1	1	2	2
301	1	2	1	2	1	1	1	2	2	1	1	1	2	1	1	1	1	1	1	1	1	2	1	0	1	1	1	1	1	1	1	2	1	1	1	1	1	1	1	2	2	1	2	1	1	1	2	1	1	0	0	0	0	0	0	0	0	0	0	0	0	0	0	0	0	0	0	0	1	1	1	2	1	1	1	1	0	1	1	1	1	1	1	1	1	1	1	1	1	1	1	1	1	1	1	2	1	1	1	1	1	2	1	1	2	2
302	1	1	1	1	1	0	0	1	1	0	0	0	1	0	0	0	0	0	0	0	0	1	0	0	1	1	0	0	0	0	0	1	1	1	0	1	0	0	0	1	1	0	1	0	0	0	1	0	1	0	1	1	1	1	1	1	1	1	1	1	1	1	1	0	0	0	0	0	0	0	0	2	0	0	0	0	0	0	0	0	1	1	1	1	1	1	0	1	1	1	1	1	1	1	1	1	1	1	0	1	1	1	0	1	1	1
303	2	2	2	2	2	2	1	2	2	2	2	2	2	1	2	2	2	2	2	2	2	2	1	1	2	2	2	2	2	1	2	1	2	2	2	2	2	2	2	2	2	2	2	2	2	2	2	2	2	0	2	2	2	2	2	2	2	2	1	2	2	2	2	1	1	1	1	1	1	1	0	2	1	0	0	0	0	0	0	0	1	1	1	1	1	1	0	1	1	1	1	1	1	1	1	2	1	1	0	1	1	2	0	1	2	2
304	0	1	0	1	0	0	0	1	1	0	0	0	1	0	0	0	0	0	0	0	0	1	0	0	0	0	0	0	0	0	0	1	0	0	0	0	0	0	0	1	1	0	1	0	0	0	1	0	1	0	1	1	1	0	1	1	1	1	1	1	1	0	1	1	1	1	1	1	1	2	0	2	2	0	2	1	1	0	0	0	0	1	1	1	0	0	0	0	1	0	1	0	0	0	0	2	1	1	0	0	1	2	0	0	2	2
305	1	1	1	1	1	1	1	1	1	1	1	1	1	1	1	1	1	1	1	1	1	1	1	1	1	1	1	1	1	1	1	1	1	1	1	1	1	1	1	2	2	1	1	1	1	1	1	1	2	1	1	1	1	1	1	1	1	1	1	1	1	1	1	1	1	1	1	1	1	2	1	2	2	1	1	2	2	1	1	1	1	1	1	1	1	1	1	1	1	1	1	1	1	1	1	2	1	1	1	1	1	2	1	1	2	2
306	2	2	2	2	2	2	2	2	2	2	2	2	2	2	2	2	2	2	2	2	2	2	2	2	2	2	2	2	2	2	2	2	2	2	2	2	2	2	2	2	2	2	2	2	2	2	2	2	2	1	1	1	1	1	1	1	1	1	1	1	1	1	1	1	1	1	1	1	1	1	1	1	1	1	1	1	1	1	1	1	1	1	1	1	1	1	1	1	1	1	1	1	1	1	1	1	1	1	1	1	1	1	1	1	2	2
307	1	1	1	1	1	1	1	1	1	1	1	0	1	1	1	1	1	1	1	1	1	1	1	1	1	1	1	1	1	1	1	1	1	1	1	1	1	1	1	1	2	1	1	1	1	1	1	1	2	0	0	0	0	0	0	0	0	0	0	0	0	0	0	0	0	0	0	0	0	0	0	1	0	0	0	0	0	0	0	0	0	0	0	0	0	0	0	0	0	0	0	0	0	0	0	1	0	0	0	0	0	0	0	0	2	2
308	0	2	0	2	0	0	0	2	2	0	0	0	2	0	0	0	0	0	0	0	0	2	0	0	0	0	0	0	0	0	0	2	0	0	0	0	0	0	0	2	2	0	2	0	0	0	2	0	0	0	1	1	1	0	1	1	1	1	1	1	1	0	1	1	1	1	1	1	1	1	0	1	1	0	1	0	0	0	0	0	0	1	1	1	0	0	0	0	1	0	1	0	0	0	0	2	1	1	0	0	1	2	0	0	2	2
309	0	2	0	2	0	0	0	2	2	0	0	0	2	0	0	0	0	0	0	0	0	2	0	0	0	0	0	0	0	0	0	2	0	0	0	0	0	0	0	2	2	0	2	0	0	0	2	0	1	0	1	1	1	0	1	1	1	1	1	1	1	0	1	2	1	1	1	1	1	2	0	2	1	0	2	0	0	0	0	0	0	2	2	2	0	0	0	0	2	0	2	0	0	0	0	2	2	2	0	0	2	2	0	0	2	2
310	1	2	2	2	2	2	1	2	2	1	1	1	2	1	1	1	1	1	1	1	1	2	1	1	1	1	1	1	1	1	1	2	1	1	1	1	1	1	1	2	2	1	2	1	1	1	2	1	1	0	1	1	1	1	1	1	1	1	1	1	1	1	1	0	0	0	0	0	0	0	0	2	0	0	0	0	0	0	0	0	1	1	1	1	1	1	0	1	1	1	1	1	1	1	1	2	1	1	0	1	1	2	0	1	2	2
311	1	1	1	1	1	0	0	1	1	0	0	0	1	0	0	0	0	0	0	0	0	1	0	0	1	1	0	0	0	0	0	1	1	1	0	1	0	0	0	1	1	0	1	0	0	0	1	0	2	0	1	1	1	1	1	1	1	1	1	1	1	1	1	0	0	0	0	0	0	1	0	2	1	0	1	1	1	0	0	0	1	1	1	1	1	1	0	1	1	1	1	1	1	1	1	2	1	1	0	1	1	2	0	1	2	2
312	1	1	1	1	1	1	1	1	1	1	1	1	1	1	1	1	1	1	1	1	1	1	1	2	1	1	1	1	1	1	1	1	1	1	1	1	1	1	1	1	1	1	1	1	1	1	1	1	1	1	1	1	1	1	1	1	1	1	1	1	1	1	1	1	1	1	1	1	1	1	1	2	1	1	1	1	1	1	1	1	1	1	1	1	1	1	1	1	1	1	1	1	1	1	1	1	1	1	1	1	1	1	1	1	1	2
313	0	1	0	1	0	0	0	1	1	0	0	0	1	0	0	0	0	0	0	0	0	1	0	0	0	0	0	0	0	0	0	1	0	0	0	0	0	0	0	1	1	0	1	0	0	0	1	0	1	0	1	1	1	0	1	1	1	1	1	1	1	0	1	1	1	1	1	1	1	2	0	2	2	0	2	1	1	0	0	0	0	1	1	1	0	0	0	0	1	0	1	0	0	0	0	2	1	1	0	0	1	2	0	0	2	2
314	0	2	1	2	1	2	0	2	2	0	0	0	2	0	0	0	0	0	0	0	0	1	0	0	0	0	0	0	0	0	0	2	0	0	0	0	0	0	0	2	2	1	2	0	0	0	2	0	0	0	1	1	1	1	1	1	1	1	1	1	1	1	1	1	1	1	1	1	1	1	0	2	1	0	1	1	1	0	0	0	0	0	0	0	0	0	0	0	0	0	0	0	0	0	0	2	0	1	0	0	0	2	0	0	2	2
315	1	2	2	2	2	1	1	2	2	2	1	2	2	2	2	2	2	2	2	2	2	2	2	2	2	2	2	2	2	2	2	2	2	2	2	2	2	2	2	2	2	2	2	2	2	2	2	2	2	0	0	0	0	0	0	0	0	0	0	0	0	0	0	0	0	0	0	0	0	0	0	1	0	0	0	0	0	0	0	0	0	0	0	0	0	0	0	0	0	0	0	0	0	0	0	1	0	0	1	0	0	0	0	0	2	2
316	1	2	1	2	1	1	1	2	2	1	1	1	2	1	1	1	1	1	1	1	1	2	1	1	1	1	1	1	1	1	1	2	1	1	1	1	1	1	1	2	2	1	2	1	1	1	2	1	1	1	2	2	2	1	2	2	2	2	2	2	2	1	2	2	2	2	2	2	2	2	1	2	2	1	2	1	1	1	1	1	1	2	2	2	1	1	1	1	2	1	2	1	1	1	1	2	2	2	1	1	2	2	1	1	2	2
317	1	2	2	2	2	1	0	2	2	0	0	0	2	0	0	0	0	0	0	0	0	2	0	0	1	1	0	0	0	0	0	2	1	1	0	1	0	0	0	2	2	0	2	0	0	0	2	0	1	0	1	1	1	1	1	1	1	1	1	1	1	1	1	0	0	0	0	0	0	0	0	2	0	0	0	0	0	0	0	0	1	1	1	1	1	1	0	1	1	1	1	1	1	1	1	2	1	1	0	1	1	2	0	1	2	2
318	1	1	1	1	1	1	1	1	1	1	1	1	1	1	1	1	1	1	1	1	1	1	1	1	1	1	1	1	1	1	1	1	1	1	1	1	1	1	1	1	1	1	1	1	1	1	1	1	1	0	0	0	0	0	0	0	0	0	0	0	0	0	0	0	0	0	0	0	0	0	0	1	0	0	0	0	0	0	0	0	0	0	0	0	0	0	0	0	0	0	0	0	0	0	0	0	0	0	0	0	0	0	0	0	1	1
319	1	1	1	1	1	1	1	1	1	1	1	1	1	1	1	1	1	1	1	1	1	1	1	1	1	1	1	1	1	1	1	1	1	1	1	1	1	1	1	1	1	1	1	1	1	1	1	1	1	1	1	1	1	1	1	1	1	1	1	1	1	1	1	1	1	1	1	1	1	1	1	1	1	1	1	1	1	1	1	1	1	1	1	1	1	1	1	1	1	1	1	1	1	1	1	1	1	1	1	1	1	1	1	1	1	2
320	1	2	1	2	1	1	1	2	2	1	1	1	2	1	1	1	1	1	1	1	1	2	1	1	1	1	1	1	1	1	1	2	1	1	1	1	1	1	1	2	2	1	2	1	1	1	2	1	1	0	1	1	1	0	1	1	1	1	1	1	1	0	1	1	1	1	1	1	1	1	0	1	1	0	1	0	0	0	0	0	0	1	1	1	0	0	0	0	1	0	1	0	0	0	0	1	1	1	0	0	1	1	0	0	2	2
321	0	1	0	1	0	0	0	1	1	0	0	0	1	0	0	0	1	1	1	1	1	1	1	1	1	1	1	1	1	1	1	1	1	1	1	1	1	1	1	1	1	1	1	1	1	1	1	1	1	0	1	1	1	1	1	1	1	1	1	1	1	1	1	1	1	1	1	1	1	1	0	1	1	0	1	1	1	0	0	0	1	1	1	1	1	1	0	1	1	1	1	1	1	1	1	1	1	1	0	1	1	1	0	1	1	2
322	0	0	0	0	0	0	0	0	0	0	0	0	0	0	0	0	0	0	0	0	0	0	0	0	0	0	0	0	0	0	0	0	0	0	0	0	0	0	0	0	1	0	0	0	0	0	0	0	0	0	0	0	0	0	0	0	0	0	0	0	0	0	0	0	0	0	0	0	0	0	0	2	0	0	0	0	0	0	0	0	0	0	0	0	0	0	0	0	0	0	0	0	0	0	0	0	0	0	0	0	0	0	0	0	1	1
323	1	1	1	1	1	1	1	1	1	1	1	1	1	1	1	1	0	0	0	0	0	0	0	0	0	0	0	0	0	0	0	0	0	0	0	0	0	0	0	0	1	0	0	0	0	0	0	0	1	0	0	0	0	0	0	0	0	0	0	0	0	0	0	0	0	0	0	0	0	0	0	1	0	0	0	0	0	0	0	0	0	0	0	0	0	0	1	0	0	0	0	0	0	0	0	0	0	0	0	0	0	0	0	0	1	2
324	1	2	1	2	1	0	0	2	2	0	0	0	2	0	0	0	0	0	0	0	0	2	0	0	1	1	0	0	0	0	0	2	1	1	0	1	0	0	0	2	2	0	2	0	0	0	2	0	1	0	2	2	2	1	2	2	2	2	2	2	2	1	1	1	1	1	1	1	1	1	0	2	1	0	1	0	0	0	0	0	0	1	1	1	0	0	0	0	1	0	1	0	0	0	0	2	1	1	0	0	1	1	0	0	2	2
325	1	1	1	1	1	0	0	1	1	0	0	0	1	0	0	0	0	0	0	0	0	1	0	0	1	1	0	0	0	0	0	1	1	1	0	1	0	0	0	1	2	0	1	0	0	0	1	0	2	0	1	1	1	1	1	1	1	1	1	1	1	1	1	0	0	0	0	0	0	0	0	2	0	0	0	0	0	0	0	0	1	1	1	1	1	1	0	1	1	1	1	1	1	1	1	2	1	1	0	1	2	2	0	1	2	2
326	0	1	0	1	0	0	0	0	1	0	0	0	1	0	0	0	0	0	0	0	0	1	0	1	0	0	0	0	0	0	0	0	0	0	0	0	0	0	0	1	2	0	1	0	0	0	1	0	1	0	1	1	1	0	1	1	1	1	1	0	1	0	1	1	1	1	1	1	1	1	0	2	1	0	1	0	0	0	0	0	0	1	1	1	0	0	0	0	1	0	1	0	0	0	0	1	1	1	0	0	1	1	0	0	2	2
327	0	1	0	1	0	0	0	0	1	0	0	0	1	0	0	0	0	0	0	0	0	1	0	0	0	0	0	0	0	0	0	0	0	0	0	0	0	0	0	1	1	0	1	0	0	0	1	0	1	0	1	1	1	0	1	1	1	1	1	1	1	0	1	1	1	1	1	1	1	2	0	2	2	0	2	1	1	0	0	0	0	1	1	1	0	0	0	0	1	0	1	0	0	0	0	2	1	1	0	0	1	2	0	0	2	2
328	2	2	2	2	2	1	1	2	2	1	1	1	2	1	1	1	1	1	1	1	1	2	1	1	2	2	1	1	1	1	1	2	2	2	1	2	1	1	1	2	2	1	2	1	1	1	2	1	2	1	2	2	2	2	2	2	2	1	2	2	2	1	1	1	1	1	1	1	1	1	1	2	1	1	1	1	1	1	1	1	1	1	1	1	1	1	1	1	1	1	1	1	1	1	1	2	1	1	1	1	1	1	1	1	2	2
329	0	0	0	0	0	0	0	0	0	0	0	0	0	0	0	0	1	1	1	1	1	1	1	1	1	1	1	1	1	1	1	1	1	1	1	1	1	1	1	1	1	1	1	1	1	1	1	1	1	0	0	0	0	0	0	0	0	0	0	0	0	0	0	0	0	0	0	0	0	0	0	1	0	0	0	0	0	0	0	0	0	0	0	0	0	0	0	0	0	0	0	0	0	0	0	1	0	0	1	0	0	0	0	0	0	1
330	2	2	2	2	2	2	2	2	2	2	2	2	2	2	2	2	2	2	2	2	2	2	2	2	2	2	2	2	2	2	2	2	2	2	2	2	2	2	2	2	2	2	2	2	2	2	2	2	2	1	1	1	0	1	1	1	1	1	1	1	1	0	1	1	1	1	1	1	1	1	0	0	1	0	1	1	0	0	0	0	0	0	0	0	0	0	0	0	0	0	0	0	0	0	0	1	0	0	0	0	0	0	0	0	2	2
331	1	2	2	2	2	1	0	2	2	0	0	0	2	0	0	0	0	0	0	0	0	2	0	0	1	1	0	0	0	0	0	2	1	1	0	1	0	0	0	2	2	0	2	0	0	0	2	0	1	0	1	1	1	1	1	1	1	1	1	1	1	1	0	0	0	0	0	0	0	0	0	2	0	0	0	0	0	0	0	0	0	0	0	0	0	0	0	0	0	0	0	0	0	0	0	1	0	0	0	0	0	1	0	0	2	2
332	1	1	1	1	1	0	0	1	1	0	0	0	1	0	0	0	0	0	0	0	0	1	0	0	1	1	0	0	0	0	0	1	1	1	0	1	0	0	0	1	1	0	1	0	0	0	1	0	1	0	1	1	1	1	1	1	1	1	1	1	1	1	1	0	0	0	0	0	0	0	0	1	0	0	0	0	0	0	0	0	1	1	1	1	1	1	0	1	1	1	1	1	1	1	1	1	1	1	0	1	1	1	0	1	1	2
333	1	2	1	2	1	1	1	2	2	1	1	1	2	1	1	1	2	2	2	2	2	2	2	2	2	2	2	2	2	2	2	2	2	2	2	2	2	2	2	2	2	2	2	2	2	2	2	2	2	1	2	2	2	2	2	2	2	2	2	2	2	2	2	2	2	2	2	2	2	2	1	2	2	1	2	2	2	1	1	1	1	1	1	1	1	0	1	1	1	1	1	0	0	0	1	2	1	1	1	1	0	2	1	1	2	2
334	1	1	1	1	1	0	0	1	1	0	0	0	1	0	0	0	0	0	0	0	0	1	0	0	1	1	0	0	0	0	0	1	1	1	0	1	0	0	0	1	1	0	1	0	0	0	1	0	2	0	1	1	1	1	1	1	1	1	1	1	1	1	0	0	0	0	0	0	0	1	0	2	1	0	1	1	1	0	0	0	0	0	0	0	0	0	0	0	0	0	0	0	0	0	0	1	0	0	0	0	0	1	0	0	2	2
335	0	0	0	0	0	0	0	0	0	0	0	0	0	0	0	0	0	0	0	0	0	1	1	1	1	1	1	1	1	1	1	1	1	1	1	1	1	1	1	1	1	1	1	1	1	1	1	1	2	0	1	1	1	1	1	1	1	1	1	1	1	1	1	1	1	1	1	1	1	2	0	2	2	0	2	2	2	0	0	0	0	0	0	0	0	0	0	0	0	0	0	0	0	0	0	2	0	0	0	0	0	2	0	0	2	2
336	2	2	2	2	2	1	1	2	2	1	1	1	2	1	1	1	1	1	1	1	1	2	1	1	2	2	1	1	1	1	1	2	2	2	1	2	1	1	1	2	2	1	2	1	1	1	2	1	2	0	1	1	1	1	1	1	1	1	1	1	1	1	0	0	0	0	0	0	0	0	0	2	0	0	0	0	0	0	0	0	0	0	0	0	0	0	0	0	0	0	0	0	0	0	0	1	0	0	0	0	0	0	0	0	2	2
337	0	2	1	2	1	1	0	2	2	0	0	0	2	0	0	0	0	0	0	0	0	2	0	0	0	0	0	0	0	0	0	2	0	0	0	0	0	0	0	2	2	0	2	0	0	0	2	0	0	0	1	1	1	0	1	1	1	1	1	1	1	0	1	1	1	1	1	1	1	1	0	2	1	0	1	0	0	0	0	0	0	1	1	1	0	0	0	0	1	0	1	0	0	0	0	2	1	1	0	0	1	2	0	0	2	2
338	0	0	0	0	0	0	0	0	0	0	0	0	0	0	0	0	0	0	0	0	0	0	0	0	0	0	0	0	0	0	0	0	0	0	0	0	0	0	0	0	0	0	0	0	0	0	0	0	2	0	0	0	0	0	0	0	0	0	0	0	0	0	0	0	0	0	0	0	0	2	0	2	2	0	2	2	2	0	0	0	0	0	0	0	0	0	0	0	0	0	0	0	0	0	0	2	0	0	0	0	0	2	0	0	2	2
339	0	1	0	1	0	0	0	0	1	0	0	0	1	0	0	0	0	0	0	0	0	1	0	0	0	0	0	0	0	0	0	0	0	0	0	0	0	0	0	1	1	0	1	0	0	0	1	0	0	0	1	1	1	0	1	1	1	1	1	1	1	0	1	1	1	1	1	1	1	1	0	1	1	0	1	0	0	0	0	0	0	1	1	1	0	0	0	0	1	0	1	0	0	0	0	1	1	1	0	0	1	1	0	0	1	2
340	1	1	1	1	1	0	0	1	1	0	0	0	1	0	0	0	0	0	0	0	0	1	0	0	1	1	0	0	0	0	0	1	1	1	0	1	0	0	0	1	2	0	1	0	0	0	1	0	1	0	1	1	1	1	1	1	1	1	1	1	1	1	0	0	0	0	0	0	0	0	0	2	0	0	0	0	0	0	0	0	0	0	0	0	0	0	0	0	0	0	0	0	0	0	0	1	0	0	0	0	0	1	0	0	2	2
341	0	2	0	2	0	0	0	2	2	0	0	0	2	0	0	0	0	0	0	0	0	2	0	0	0	0	0	0	0	0	0	2	0	0	0	0	0	0	0	2	2	0	2	0	0	0	2	0	1	0	1	1	1	0	1	1	1	1	0	1	1	0	1	2	1	1	1	1	1	2	0	2	1	0	2	0	0	0	0	0	0	2	2	2	0	0	0	1	2	0	2	0	0	0	0	2	2	2	0	0	2	2	0	0	2	2
342	1	2	1	2	1	0	0	2	2	0	0	0	2	0	0	0	0	0	0	0	0	2	0	0	1	1	0	0	0	0	0	2	1	1	0	1	0	0	0	2	2	0	2	0	0	0	2	0	1	0	2	2	2	1	2	2	2	2	2	2	2	1	1	1	1	1	1	1	1	1	0	2	1	0	1	0	0	0	0	0	0	1	1	1	0	0	0	0	1	0	1	0	0	0	0	2	1	1	0	0	1	1	0	0	2	2
343	1	1	1	1	1	1	1	1	1	1	1	1	1	1	1	1	1	1	1	1	1	1	1	1	1	1	1	1	1	1	1	1	1	1	1	1	1	1	1	1	2	1	1	1	1	1	1	1	1	0	0	0	0	0	0	0	0	0	0	0	0	0	0	0	0	0	0	0	0	0	0	2	0	0	0	0	0	0	0	0	0	0	0	0	0	0	0	0	0	0	0	0	0	0	0	0	0	0	0	0	0	0	0	0	2	2
344	1	2	1	2	1	1	0	2	2	1	1	1	2	0	1	1	1	1	1	1	1	2	0	1	1	1	1	1	1	0	1	1	1	1	1	1	1	1	1	2	2	1	2	1	1	1	2	1	1	0	1	1	1	0	1	1	1	1	1	1	1	0	1	1	1	1	1	1	1	1	0	2	1	0	1	0	0	0	0	0	0	1	1	1	0	0	1	0	1	0	1	0	0	0	0	2	1	1	0	0	1	1	0	0	2	2
345	1	2	1	2	1	1	0	1	2	0	0	0	2	0	0	0	0	0	0	0	0	2	0	0	1	1	0	0	0	0	0	1	1	1	0	1	0	0	0	2	2	0	2	0	0	0	2	0	1	0	2	2	2	1	1	2	2	2	2	1	2	1	1	1	1	1	1	1	1	1	0	2	1	0	1	0	0	0	0	0	0	1	1	1	0	0	0	0	1	0	1	0	0	0	0	2	1	1	0	0	1	1	0	0	2	2
346	0	0	0	0	0	0	0	0	0	0	0	0	0	0	0	0	0	0	0	0	0	0	0	0	0	0	0	0	0	0	0	0	0	0	0	0	0	0	0	1	1	0	0	0	0	0	0	0	0	0	1	1	1	0	1	1	1	1	1	1	1	0	1	1	1	1	1	1	1	1	0	1	1	0	1	1	0	0	0	0	0	0	0	0	0	0	0	0	0	0	0	0	0	0	0	1	0	0	1	0	0	0	0	0	1	2
347	1	1	1	1	1	1	1	1	1	1	1	1	1	1	1	1	1	1	1	1	1	1	1	1	1	1	1	1	1	1	1	1	1	1	1	1	1	1	1	1	2	1	1	1	1	1	1	1	1	0	0	0	0	0	0	0	0	0	0	0	0	0	0	0	0	0	0	0	0	0	0	1	0	0	0	0	0	0	0	0	0	0	0	0	0	0	0	0	0	0	0	0	0	0	0	0	0	0	0	0	0	0	0	0	2	2
348	1	2	1	1	1	0	0	1	2	0	0	1	2	0	0	0	0	0	0	0	0	2	0	0	1	1	0	0	0	0	0	1	1	1	0	1	0	0	0	2	2	0	2	0	0	0	2	0	1	0	2	2	2	1	1	2	2	2	2	1	2	1	2	1	1	1	1	1	1	1	0	2	1	0	1	0	0	0	0	0	1	2	2	2	1	1	0	1	2	1	2	1	1	1	1	2	2	2	0	1	2	2	0	1	2	2
349	1	2	1	2	1	0	0	2	2	0	0	0	2	0	0	0	0	0	0	0	0	2	0	0	1	1	0	0	0	0	0	2	1	1	0	1	0	0	0	2	2	0	2	0	0	0	2	0	1	0	2	2	2	1	2	2	2	2	2	2	2	1	1	1	1	1	1	1	1	1	0	2	1	0	1	0	0	0	0	0	0	1	1	1	0	0	0	0	1	0	1	0	0	0	0	1	1	1	0	0	1	1	0	0	2	2
350	0	2	2	2	1	1	0	2	2	0	0	0	2	0	0	0	0	0	0	0	0	2	0	0	0	0	0	0	0	0	0	2	0	0	0	0	0	0	0	2	2	0	2	0	0	0	2	0	1	0	0	0	0	0	0	0	0	0	0	0	0	0	0	1	0	0	0	0	0	1	0	2	0	0	1	0	0	0	0	0	0	1	1	1	0	0	0	0	1	0	1	0	0	0	0	2	1	1	0	0	1	2	0	0	2	2
351	0	0	0	0	0	0	0	0	0	0	0	0	0	0	0	0	0	0	0	0	0	0	0	0	0	0	0	0	0	0	0	0	0	0	0	0	0	0	0	0	0	0	0	0	0	0	0	0	0	0	0	0	0	0	0	0	0	0	0	0	0	0	0	0	0	0	0	0	0	0	0	2	0	0	0	0	0	0	0	0	0	0	0	0	0	0	0	0	0	0	0	0	0	0	0	0	0	0	0	0	0	0	0	0	0	0
352	1	2	2	2	2	2	1	2	2	1	1	1	2	1	1	1	1	1	1	1	1	2	1	1	1	1	1	1	1	1	1	2	1	1	1	1	1	1	1	2	2	1	2	1	1	1	2	1	1	0	0	0	0	1	1	1	1	1	1	1	1	1	1	1	1	1	1	1	1	1	1	1	1	1	1	1	1	1	1	1	1	1	1	1	1	1	1	1	1	1	1	1	1	1	1	1	1	1	1	1	1	1	1	1	2	2
353	0	2	0	1	0	0	0	1	2	0	0	1	2	0	0	0	0	0	0	0	0	2	0	0	0	0	0	0	0	0	0	1	0	0	0	0	0	0	0	2	2	0	2	0	0	0	2	0	0	0	2	2	2	0	1	2	2	2	2	1	2	0	2	2	2	2	2	2	2	2	0	2	2	0	2	0	0	0	0	0	0	2	2	2	0	0	0	0	2	0	2	0	0	0	0	2	2	2	0	0	2	2	0	0	2	2
354	0	2	0	2	0	0	0	2	2	0	0	0	2	0	0	0	1	1	1	1	1	2	1	1	1	1	1	1	1	1	1	2	1	1	1	1	1	1	1	2	2	1	2	1	1	1	2	1	1	0	2	2	2	1	1	2	2	2	2	1	2	0	2	2	2	2	2	2	2	2	0	2	2	0	1	0	0	0	0	0	0	1	1	1	0	0	0	0	1	0	1	0	0	0	0	2	1	1	0	0	2	2	0	0	2	2
355	2	2	2	2	2	1	1	2	2	2	2	2	2	2	2	2	2	2	2	2	2	2	2	1	2	2	2	2	2	2	2	2	2	2	2	2	2	2	2	2	2	2	2	2	2	2	2	2	2	0	1	1	1	1	1	1	1	1	1	1	1	1	1	0	0	0	0	0	0	0	0	2	0	0	0	0	0	0	0	0	1	1	1	1	1	1	0	1	1	1	1	1	1	1	1	2	1	1	1	1	1	1	0	1	2	2
356	1	2	2	2	1	1	0	2	2	1	1	1	2	1	1	1	1	1	1	1	1	2	1	1	1	1	1	1	1	1	1	2	1	1	1	1	1	1	1	2	2	1	2	1	1	1	2	1	1	1	1	1	1	1	1	1	1	1	1	1	1	1	1	1	1	1	1	1	1	1	1	2	1	1	1	1	1	1	1	1	1	1	1	1	1	1	1	1	1	1	1	1	1	1	1	2	1	1	1	1	1	2	1	1	2	2
357	1	1	1	1	0	0	0	1	1	1	1	1	1	0	1	1	1	1	1	1	1	1	0	0	1	1	1	1	1	0	1	1	1	1	1	1	1	1	1	1	1	1	1	1	1	1	1	1	1	0	0	0	0	0	0	0	0	0	0	0	0	0	0	0	0	0	0	0	0	0	0	0	0	0	0	0	0	0	0	0	0	0	0	0	0	0	0	0	0	0	0	0	0	0	0	1	0	0	0	0	1	1	0	0	1	1
358	2	2	2	2	2	2	2	2	2	2	2	2	2	2	2	2	2	2	2	2	2	2	2	1	2	2	2	2	2	2	2	2	2	2	2	2	2	2	2	2	2	2	2	2	2	2	2	2	2	1	1	1	0	1	1	1	1	1	1	1	1	0	1	1	1	1	1	1	2	2	1	1	2	1	2	2	1	1	1	1	1	1	1	1	1	1	1	1	1	1	1	1	1	1	1	2	1	1	1	1	1	1	1	1	2	2
359	0	0	0	0	0	0	0	0	0	0	0	0	0	0	0	0	1	1	1	1	1	1	1	1	1	1	1	1	1	1	1	1	1	1	1	1	1	1	1	1	2	1	1	1	1	1	1	1	2	1	1	1	1	1	1	1	1	1	1	1	1	0	1	1	1	1	1	1	1	1	1	2	1	1	1	1	1	1	1	1	1	1	1	1	1	1	1	1	1	1	1	1	1	1	1	1	1	0	0	0	0	0	0	0	1	1
360	2	2	2	2	2	1	1	2	2	1	1	1	2	1	1	1	1	1	0	1	1	2	1	0	2	2	1	1	1	1	1	2	2	2	1	2	1	1	1	2	2	1	2	1	1	1	2	1	2	0	2	2	2	2	2	2	2	2	2	2	2	2	1	0	0	0	0	0	0	0	0	1	0	0	0	0	0	0	0	0	1	1	1	1	1	1	0	1	1	1	1	1	1	1	1	1	1	1	0	1	1	1	0	0	2	2
361	1	1	1	1	1	0	0	1	1	0	0	0	1	0	0	0	0	0	0	0	0	1	0	0	1	1	0	0	0	0	0	1	1	1	0	1	0	0	0	2	2	0	1	0	0	0	1	0	2	0	1	1	1	1	1	1	1	1	1	1	1	1	0	0	0	0	0	0	0	1	0	2	1	0	0	1	1	0	0	0	0	0	0	0	0	0	0	0	0	0	0	0	0	0	0	1	0	0	0	0	0	1	0	0	2	2
362	0	1	0	1	0	0	0	1	1	0	0	0	1	0	0	0	0	0	0	0	0	1	0	1	0	0	0	0	0	0	0	1	0	0	0	0	0	0	0	1	1	0	1	0	0	0	1	0	0	0	1	1	1	0	1	1	1	1	1	1	1	0	1	1	1	1	1	1	1	1	0	1	1	0	1	0	0	0	0	0	0	1	1	1	0	0	0	0	1	0	1	0	0	0	0	1	1	1	0	0	1	1	0	0	1	2
363	0	0	0	0	0	0	0	0	0	0	0	0	0	0	0	0	0	0	0	0	0	0	0	0	0	0	0	0	0	0	0	0	0	0	0	0	0	0	0	0	1	0	0	0	0	0	0	0	0	0	0	0	0	0	0	0	0	0	0	0	0	0	0	0	0	0	0	0	0	0	0	0	0	0	0	0	0	0	0	0	0	0	0	0	0	0	0	0	0	0	0	0	0	0	0	0	0	0	0	0	0	0	0	0	1	1
364	1	2	1	2	1	1	0	1	2	1	1	1	2	0	1	1	1	1	1	1	1	2	0	0	1	1	1	1	1	0	1	0	1	1	1	1	1	1	1	2	2	1	2	1	1	1	2	1	1	0	2	2	2	1	1	2	2	2	1	1	2	1	2	2	2	2	2	2	2	2	0	2	2	0	1	0	0	0	0	0	0	1	1	1	0	0	0	0	1	0	1	0	0	0	0	2	1	1	0	0	1	2	0	0	2	2
365	1	1	1	1	1	1	1	1	1	1	1	1	1	1	1	1	1	1	1	1	1	1	1	1	1	1	1	1	1	1	1	1	1	1	1	1	1	1	1	1	2	1	1	1	1	1	1	1	1	0	0	0	0	0	0	0	0	0	0	0	0	0	0	0	0	0	0	0	0	0	0	1	0	0	0	0	0	0	0	0	0	0	0	0	0	0	0	0	0	0	0	0	0	0	0	0	0	0	0	0	0	0	0	0	2	2
366	0	1	0	1	0	0	0	1	1	0	0	0	1	0	0	0	0	0	0	0	0	1	0	0	0	0	0	0	0	0	0	1	0	0	0	0	0	0	0	1	1	0	1	0	0	0	1	0	0	0	1	1	1	0	1	1	1	1	1	1	1	0	1	1	1	1	1	1	1	1	0	2	1	0	1	0	0	0	0	0	0	1	1	1	0	0	0	0	1	0	1	0	0	0	0	1	1	1	0	0	1	1	0	0	1	1
367	2	2	2	2	2	1	1	2	2	1	1	1	2	1	1	1	0	0	0	0	0	1	0	0	1	1	0	0	0	0	0	1	1	1	0	1	0	0	0	1	2	0	1	0	0	0	1	0	2	0	1	1	1	1	1	1	1	1	1	1	1	1	0	0	0	0	0	0	0	0	0	2	0	0	0	0	0	0	0	0	0	0	0	0	0	0	1	0	0	0	0	0	0	0	0	1	0	0	0	0	0	0	0	0	2	2
368	1	1	1	1	1	0	0	1	1	0	0	0	1	0	0	0	0	0	0	0	0	1	0	0	1	1	0	0	0	0	0	1	1	1	0	1	0	0	0	2	2	0	1	0	0	0	1	0	1	0	2	2	2	1	2	2	2	2	2	2	2	1	1	1	1	1	1	1	1	1	0	2	1	0	1	1	0	0	0	0	0	0	0	0	0	0	0	0	0	0	0	0	0	0	0	2	0	0	0	0	0	0	0	0	2	2
369	0	1	0	1	0	0	0	1	1	0	0	0	1	0	0	0	0	0	0	0	0	1	0	0	0	0	0	0	0	0	0	1	0	0	0	0	0	0	0	1	1	0	1	0	0	0	1	0	0	0	1	1	1	0	1	1	1	1	1	1	1	0	1	1	1	1	1	1	1	1	0	2	1	0	1	0	0	0	0	0	0	1	1	1	0	0	0	0	1	0	1	0	0	0	0	1	1	1	0	0	1	1	0	0	1	2
370	0	0	0	0	0	0	0	0	0	0	0	0	0	0	0	0	0	0	0	0	0	0	0	0	0	0	0	0	0	0	0	0	0	0	0	0	0	0	0	0	0	0	0	0	0	0	0	0	0	0	0	0	0	0	0	0	0	0	0	0	0	0	0	0	0	0	0	0	0	0	0	0	0	0	0	0	0	0	0	0	0	0	0	0	0	0	0	0	0	0	0	0	0	0	0	0	0	0	0	0	0	0	0	0	0	1
371	0	1	0	1	0	0	0	1	1	0	0	0	1	0	0	0	1	1	1	1	1	1	1	1	1	1	1	1	1	1	1	1	1	1	1	1	1	1	1	1	1	1	1	1	1	1	1	1	1	0	1	1	1	1	1	1	1	1	1	1	1	1	1	1	1	1	1	1	1	1	0	1	1	0	1	1	1	0	0	0	1	1	1	1	1	1	0	1	1	1	1	1	1	1	1	1	1	1	0	1	1	1	0	1	1	2
372	0	2	0	2	0	0	0	2	2	0	0	0	2	0	0	0	0	0	0	0	0	2	0	0	0	0	0	0	0	0	0	2	0	0	0	0	0	0	0	2	2	0	2	0	0	0	2	0	1	0	1	1	1	0	1	1	1	1	1	1	1	0	1	2	1	1	1	1	1	2	0	2	1	0	2	0	0	0	0	0	0	2	2	2	0	0	0	0	2	0	2	0	0	0	0	2	2	2	0	1	2	2	1	1	2	2
