29	0
30	0
31	1
32	0
33	0
34	0
35	0
36	0
37	0
38	0
39	0
40	1
296	0
297	1
298	0
299	1
300	1
301	0
302	0
303	0
304	0
305	0
306	0
307	1
308	2
309	1
310	1
311	0
312	0
313	0
314	1
315	2
316	0
317	2
318	1
319	0
320	0
321	0
322	0
323	1
324	1
325	1
326	0
327	0
328	0
329	0
330	1
331	0
332	1
333	0
334	0
335	0
336	0
337	0
338	0
339	0
340	0
341	0
342	0
343	0
344	0
345	0
346	0
347	0
348	1
349	0
350	0
351	0
352	0
353	0
354	0
355	0
356	1
357	0
358	0
359	1
360	0
361	1
362	0
363	0
364	0
365	0
366	0
367	0
368	0
369	0
370	0
371	0
372	0
