0	1
2	0
3	0
4	0
5	1
6	0
7	0
8	1
9	0
10	1
11	0
12	0
13	0
14	1
15	0
16	0
17	0
18	1
19	0
20	1
21	0
22	2
23	1
24	1
25	1
26	1
27	0
28	1
41	1
42	2
43	0
44	0
45	0
46	0
47	0
48	0
49	0
50	1
51	0
52	0
53	0
54	0
55	0
56	1
57	0
58	0
59	0
60	0
61	1
62	1
63	0
64	0
65	0
66	0
67	1
68	0
69	0
70	1
71	1
72	1
73	0
74	0
75	0
76	0
77	0
78	2
79	0
80	1
81	1
82	0
83	1
84	0
85	0
86	0
87	1
88	1
89	0
90	1
91	0
92	0
93	0
94	1
95	0
96	0
97	1
98	1
99	0
100	0
101	1
102	0
103	2
104	1
105	1
106	0
107	1
108	0
109	0
110	0
111	1
112	0
113	0
114	1
115	0
117	0
118	0
119	0
120	1
121	1
122	0
123	0
124	2
125	0
126	1
127	1
128	0
129	0
130	2
131	1
132	0
133	1
134	0
135	1
136	1
137	0
138	1
139	0
140	0
141	0
142	0
143	0
144	0
145	1
146	0
147	0
148	2
149	1
150	0
151	0
152	1
153	2
154	1
155	1
156	0
157	0
158	0
159	0
160	1
161	0
162	0
163	0
164	0
165	1
166	1
167	0
168	0
169	0
170	1
171	1
172	0
173	0
174	2
175	1
176	0
177	0
178	1
179	0
180	0
181	0
182	2
183	1
184	1
185	0
186	0
187	1
188	0
189	1
190	0
191	0
192	1
193	0
194	1
195	0
196	0
197	1
198	0
199	0
200	0
201	0
202	0
203	1
204	0
205	1
206	2
207	0
208	1
209	0
210	1
211	1
212	0
213	0
214	0
215	0
216	0
217	0
218	0
219	1
220	0
222	1
223	0
224	0
225	1
226	1
227	0
228	1
229	1
230	1
231	0
232	1
233	0
234	1
235	0
236	0
237	1
238	0
239	1
240	0
241	0
242	1
243	1
244	0
245	1
246	0
247	1
248	0
249	0
250	0
251	0
252	0
253	0
254	1
255	1
256	2
257	1
258	1
259	0
260	0
261	0
262	1
263	1
264	0
265	0
266	0
267	0
268	0
269	1
270	1
271	0
272	0
273	2
274	0
275	0
276	0
277	0
278	0
279	0
280	0
281	0
282	0
283	1
284	0
285	0
286	1
287	1
288	1
289	1
290	0
291	1
292	0
293	0
294	0
295	0
373	0
374	1
375	0
376	0
377	1
378	0
379	0
380	1
381	1
382	1
383	1
384	1
385	1
386	1
387	0
388	1
389	1
390	1
391	2
392	0
393	0
394	1
395	1
396	2
397	0
398	1
399	0
400	2
401	0
402	0
403	2
404	0
405	1
406	0
407	0
408	1
409	0
410	1
411	1
412	0
413	0
414	0
415	0
416	0
417	2
418	0
419	0
420	2
421	0
422	0
423	0
424	0
425	0
426	1
427	0
428	0
429	0
430	1
431	0
432	0
433	0
434	1
435	1
436	1
437	0
438	0
439	1
440	0
441	1
442	0
443	1
444	0
445	0
446	1
447	0
448	0
449	0
450	2
451	0
452	1
453	1
454	1
455	1
456	1
457	1
458	0
459	1
460	0
461	1
462	0
463	1
464	0
