29	0	0	0	0	0	0	0	2
30	0	0	0	0	0	0	0	1
31	0	0	0	0	0	0	0	1
32	0	0	0	0	0	0	0	1
33	0	0	0	0	0	0	0	0
34	0	0	0	0	0	0	0	1
35	0	0	0	0	0	0	0	0
36	0	0	0	0	0	0	0	1
37	0	0	0	0	0	0	0	1
38	0	0	0	0	0	0	0	1
39	0	0	0	0	0	0	0	1
40	2	2	2	2	2	2	2	2
296	0	0	0	0	0	0	0	0
297	0	0	0	0	0	0	0	0
298	0	0	0	0	0	0	0	1
299	0	0	0	0	0	0	0	0
300	0	0	0	0	0	0	0	1
301	0	0	0	0	0	0	0	1
302	0	0	0	0	0	0	0	1
303	0	0	0	0	0	0	0	1
304	1	0	0	0	0	0	0	0
305	0	0	0	1	0	0	0	0
306	0	0	0	0	0	0	0	2
307	1	1	1	1	1	1	1	1
308	0	0	0	0	0	0	0	0
309	0	0	0	0	0	0	0	1
310	1	0	0	0	0	0	0	1
311	0	0	0	0	0	0	0	1
312	0	0	0	1	0	0	0	1
313	0	0	0	0	0	0	0	2
314	0	0	0	0	0	0	0	1
315	0	0	0	0	0	0	0	2
316	0	0	0	0	0	0	0	1
317	0	0	0	0	0	0	0	2
318	0	0	0	0	0	0	0	1
319	0	0	1	0	0	0	0	0
320	0	0	0	0	0	0	0	0
321	1	1	1	1	1	1	1	1
322	0	0	0	0	0	0	0	1
323	0	0	0	0	0	0	0	1
324	0	0	0	0	0	0	0	1
325	0	0	0	0	0	0	0	1
326	0	0	0	0	0	0	0	0
327	0	0	0	0	0	0	0	0
328	0	0	0	0	0	0	0	2
329	0	0	0	0	0	0	0	0
330	0	0	0	0	0	0	0	1
331	0	0	0	0	0	0	0	0
332	1	0	0	0	0	0	0	0
333	0	0	0	0	0	0	0	1
334	0	0	0	0	0	0	0	1
335	0	0	0	0	0	0	0	0
336	0	0	0	0	0	0	0	2
337	0	0	0	0	0	0	0	1
338	0	0	0	0	0	0	0	1
339	0	0	0	0	0	0	0	2
340	0	0	0	0	0	0	0	0
341	1	1	1	1	1	1	1	1
342	0	0	1	0	0	0	0	0
343	1	0	0	0	0	0	0	0
344	0	0	0	0	0	0	0	1
345	1	0	0	0	0	0	0	0
346	0	0	0	0	0	0	0	0
347	1	1	1	1	1	1	1	2
348	0	0	0	0	0	0	0	2
349	1	0	0	0	0	0	0	1
350	0	0	0	0	0	0	0	0
351	1	0	0	0	0	0	0	0
352	0	0	0	0	0	0	0	1
353	0	0	0	0	0	0	0	1
354	0	0	0	0	0	0	0	0
355	0	0	0	1	0	0	0	1
356	1	0	0	0	1	1	1	2
357	0	0	0	0	0	0	0	0
358	0	0	0	0	0	0	0	0
359	0	0	0	0	0	0	0	1
360	0	0	0	0	0	0	0	1
361	1	0	0	0	0	0	0	1
362	0	0	0	0	0	0	0	1
363	0	0	0	0	0	0	0	0
364	0	0	0	0	0	0	0	2
365	0	0	0	1	0	0	0	0
366	0	0	0	0	0	0	0	0
367	0	0	0	0	0	0	0	1
368	0	0	0	0	0	0	0	0
369	0	0	0	0	0	0	0	0
370	0	0	0	0	0	0	0	0
371	0	0	0	0	0	0	0	1
372	1	1	1	1	1	1	1	2
