0	2	2	2	2	2	2	2	2
2	1	1	1	1	1	1	1	1
3	0	0	0	0	0	0	0	0
4	2	2	2	2	2	2	2	2
5	1	1	1	1	1	1	1	1
6	0	0	0	0	0	0	0	2
7	0	1	1	1	1	1	1	1
8	2	2	2	2	2	2	2	2
9	1	1	1	1	1	1	1	1
10	1	1	1	1	1	1	1	1
11	2	2	2	2	2	2	2	2
12	1	1	1	1	1	1	1	2
13	1	1	1	1	1	1	1	2
14	1	1	1	1	1	1	1	2
15	0	0	0	0	0	0	0	2
16	1	1	1	1	1	1	1	1
17	1	1	1	1	1	1	1	1
18	1	1	1	1	1	1	1	1
19	1	1	1	1	1	1	1	2
20	1	1	1	1	1	1	1	1
21	1	1	1	1	1	1	1	2
22	1	1	1	1	1	1	1	2
23	1	1	1	1	1	1	1	2
24	2	2	2	2	2	2	2	2
25	1	1	1	1	1	1	1	2
26	2	2	2	2	2	2	2	2
27	2	2	2	2	2	2	2	2
28	0	0	0	0	0	0	0	1
41	0	1	1	1	0	1	1	1
42	1	1	1	1	1	1	1	2
43	1	1	1	1	1	1	1	2
44	1	1	1	1	1	1	1	1
45	0	0	0	0	0	0	0	1
46	0	0	0	0	0	0	0	0
47	0	0	0	0	0	0	0	0
48	0	0	0	0	0	0	0	1
49	1	1	1	1	1	1	1	2
50	2	2	2	2	2	2	2	2
51	0	0	0	0	0	0	0	0
52	0	0	0	0	0	0	0	0
53	0	0	0	0	0	0	0	2
54	2	2	2	2	2	2	2	2
55	1	1	1	1	1	1	1	2
56	1	1	1	1	1	1	1	1
57	2	2	2	2	2	2	2	2
58	2	2	2	2	2	2	2	2
59	0	0	0	0	0	0	0	1
60	1	1	1	1	1	1	1	1
61	1	1	1	1	1	1	1	2
62	0	0	0	0	0	0	0	2
63	1	1	1	1	1	1	1	2
64	1	1	1	1	1	1	1	2
65	2	2	2	2	2	2	2	2
66	0	0	0	0	0	0	0	1
67	0	0	0	0	0	0	0	1
68	0	0	0	0	0	0	0	0
69	2	2	2	2	2	2	2	2
70	2	2	2	2	2	2	2	2
71	0	0	0	0	0	0	0	1
72	0	0	0	0	0	0	0	1
73	2	2	2	2	2	2	2	2
74	2	2	2	2	2	2	2	2
75	2	2	2	2	2	2	2	2
76	2	2	2	2	2	2	2	2
77	1	1	1	1	1	1	1	2
78	2	2	2	2	2	2	2	2
79	1	1	1	1	1	1	1	1
80	1	1	1	1	1	1	1	2
81	0	0	0	0	0	0	0	1
82	1	1	1	1	1	1	1	2
83	1	1	1	1	1	1	1	2
84	0	0	0	0	0	0	0	0
85	1	0	0	0	0	0	0	0
86	1	1	1	1	1	1	1	2
87	0	0	0	0	0	0	0	2
88	1	1	1	1	1	1	1	1
89	2	2	2	2	2	2	2	2
90	0	0	0	0	0	0	0	1
91	2	2	2	2	2	2	2	2
92	0	0	0	0	0	0	0	0
93	0	0	0	0	0	0	0	1
94	0	0	0	0	0	0	0	0
95	1	1	1	1	1	1	1	2
96	1	1	1	1	1	1	1	2
97	1	1	1	1	1	1	1	1
98	0	0	0	0	0	0	0	2
99	2	2	2	2	2	2	2	2
100	2	2	2	2	2	2	2	2
101	2	2	2	2	2	2	2	2
102	1	1	1	1	1	1	1	1
103	1	1	1	1	1	1	1	2
104	1	1	1	1	1	1	1	1
105	1	1	1	1	1	1	1	1
106	0	0	0	0	0	0	0	1
107	2	2	2	2	2	2	2	2
108	1	1	1	1	1	1	1	1
109	1	1	1	1	1	1	1	1
110	1	1	1	1	1	1	1	1
111	1	1	1	1	1	1	1	1
112	2	2	2	2	2	2	2	2
113	0	0	0	0	0	0	0	0
114	0	0	0	0	0	0	0	2
115	1	0	0	0	0	0	0	1
117	1	1	1	1	1	1	1	1
118	1	1	1	1	1	1	1	1
119	1	1	1	1	1	1	1	1
120	1	1	1	1	1	1	1	1
121	0	0	0	0	0	0	0	1
122	1	1	1	1	1	1	1	2
123	0	0	0	0	0	0	0	0
124	0	0	0	0	0	0	0	0
125	2	2	2	2	2	2	2	2
126	1	1	1	1	1	1	1	1
127	1	1	1	1	1	1	1	1
128	1	1	2	2	2	2	2	2
129	1	2	2	2	2	2	2	2
130	1	1	1	1	1	1	1	2
131	0	0	0	0	0	0	0	0
132	1	1	1	1	1	1	1	1
133	0	0	0	0	0	0	0	1
134	0	0	0	0	0	0	0	2
135	1	1	1	1	1	1	1	2
136	1	1	1	1	1	1	1	1
137	1	1	1	1	1	1	1	1
138	2	2	2	2	2	2	2	2
139	1	1	1	1	1	1	1	1
140	0	0	0	0	0	0	0	0
141	1	1	1	1	1	1	1	1
142	1	1	1	1	1	1	1	1
143	0	0	0	0	0	0	0	0
144	2	2	2	2	2	2	2	2
145	1	1	1	1	1	1	1	1
146	1	1	1	1	1	1	1	1
147	1	1	1	1	1	1	1	2
148	1	1	1	1	1	1	1	1
149	1	1	1	1	1	1	1	1
150	0	0	0	0	0	0	0	0
151	1	1	1	1	1	1	1	2
152	1	1	1	1	1	1	1	1
153	1	1	1	1	1	1	1	1
154	1	1	0	0	0	0	0	0
155	2	2	2	2	2	2	2	2
156	0	0	0	0	0	0	0	1
157	2	2	2	2	2	2	2	2
158	1	1	1	1	1	1	1	2
159	1	1	1	1	1	1	1	2
160	1	1	1	1	1	1	1	1
161	1	1	1	1	1	1	1	1
162	0	0	0	0	0	0	0	1
163	1	1	1	1	1	2	1	1
164	1	1	1	1	1	1	1	2
165	1	1	1	1	1	1	1	1
166	1	1	1	1	1	1	1	1
167	0	0	0	0	0	0	0	0
168	1	1	1	1	1	1	1	1
169	0	0	0	0	0	0	0	1
170	2	2	2	2	2	2	2	2
171	1	1	1	1	1	1	1	1
172	0	0	1	0	0	0	0	1
173	1	1	1	1	1	1	1	2
174	1	1	0	0	0	0	0	1
175	1	1	1	1	1	1	1	1
176	2	2	2	2	2	2	2	2
177	0	0	0	0	0	0	0	0
178	1	2	2	2	2	2	2	2
179	0	0	0	0	0	0	0	0
180	1	1	1	1	1	1	1	1
181	1	2	2	2	2	2	2	2
182	0	0	0	0	0	0	0	1
183	0	1	1	1	1	1	1	1
184	1	1	1	1	1	1	1	1
185	2	2	2	2	2	2	2	2
186	1	1	1	1	1	1	1	1
187	1	1	1	1	1	1	1	1
188	1	1	1	1	1	1	1	1
189	2	2	2	2	2	2	2	2
190	2	2	2	2	2	2	2	2
191	1	1	1	1	1	1	1	2
192	2	2	2	2	2	2	2	2
193	1	1	1	1	1	1	1	1
194	0	0	0	0	0	0	0	0
195	1	1	1	1	1	1	1	1
196	0	0	0	0	1	0	0	2
197	0	0	0	0	0	0	0	0
198	0	0	0	0	0	0	0	0
199	1	1	2	1	1	1	1	1
200	2	2	2	2	2	2	2	2
201	1	1	1	1	1	1	1	1
202	1	1	1	1	1	1	1	1
203	1	1	1	1	1	1	1	2
204	2	2	2	2	2	2	2	2
205	2	2	2	2	2	2	2	2
206	1	1	1	1	1	1	1	1
207	0	0	1	0	0	0	0	0
208	1	1	1	1	1	1	1	1
209	1	1	1	1	1	1	1	1
210	1	1	1	1	1	1	1	1
211	2	2	2	2	2	2	2	2
212	1	1	1	1	1	1	1	1
213	0	0	0	0	0	0	0	0
214	0	0	0	0	0	0	0	0
215	2	2	2	2	2	2	2	2
216	0	0	0	0	0	0	0	2
217	0	0	0	0	0	0	0	1
218	0	0	0	0	0	0	0	1
219	2	2	2	2	2	2	2	2
220	2	2	2	2	2	2	2	2
222	0	0	0	0	0	0	0	0
223	1	1	1	1	1	1	1	2
224	1	1	1	1	1	1	1	2
225	0	0	0	0	0	0	0	1
226	1	1	1	1	1	1	1	1
227	2	2	2	2	2	2	2	2
228	0	0	0	0	0	0	0	1
229	1	1	1	1	1	1	1	2
230	0	0	0	0	0	0	0	1
231	1	1	1	1	1	1	1	2
232	2	2	2	2	2	2	2	2
233	1	1	1	1	1	1	1	1
234	1	1	1	1	1	1	1	1
235	1	1	1	1	1	1	1	1
236	0	0	0	0	0	0	0	1
237	1	1	1	1	1	1	1	2
238	2	2	2	2	2	2	2	2
239	1	1	1	1	1	1	1	1
240	0	0	0	0	0	0	0	1
241	2	2	2	2	2	2	2	2
242	1	0	0	0	0	0	0	1
243	0	0	0	0	0	0	0	0
244	0	0	0	0	0	0	0	0
245	0	0	0	0	0	0	0	1
246	0	0	0	0	0	0	0	0
247	0	0	0	0	0	0	0	1
248	1	1	1	1	1	1	1	1
249	0	0	0	0	0	0	0	0
250	1	1	1	1	1	1	1	1
251	1	1	1	1	1	1	1	1
252	2	2	2	2	2	2	2	2
253	1	1	1	1	1	1	1	2
254	2	2	2	2	2	2	2	2
255	2	2	2	2	2	2	2	2
256	1	0	0	0	0	0	0	0
257	0	0	0	0	0	0	0	0
258	1	1	1	1	1	1	1	1
259	2	2	2	2	2	2	2	2
260	0	0	0	0	0	0	0	0
261	0	0	0	0	0	0	0	1
262	0	0	0	0	0	0	0	1
263	0	0	0	0	0	0	0	1
264	1	1	1	1	1	1	1	1
265	0	0	0	0	0	0	0	0
266	2	2	2	2	2	2	2	2
267	1	1	1	1	1	1	1	2
268	1	1	1	1	1	1	1	1
269	1	1	1	1	1	1	1	1
270	1	1	1	1	1	1	1	1
271	0	0	0	0	0	0	0	0
272	1	1	1	1	1	1	1	1
273	2	2	2	2	2	2	2	2
274	1	1	1	1	1	1	1	2
275	1	1	1	1	1	1	1	2
276	0	0	0	0	0	0	0	0
277	0	0	0	0	0	0	0	1
278	1	1	1	1	1	1	1	1
279	0	0	0	0	0	0	0	0
280	1	1	1	1	1	1	1	1
281	2	2	2	2	2	2	2	2
282	0	0	0	0	0	0	0	1
283	1	2	2	2	2	2	2	2
284	0	0	0	0	0	0	0	0
285	0	0	0	0	0	0	0	0
286	0	0	0	0	0	0	0	0
287	1	1	1	1	1	1	1	1
288	1	1	1	1	1	1	1	2
289	2	2	2	2	2	2	2	2
290	1	1	1	1	1	1	1	1
291	1	1	1	1	1	1	1	1
292	2	2	1	2	2	2	2	2
293	1	1	1	1	1	1	1	1
294	0	0	0	0	0	0	0	1
295	0	0	0	0	0	0	0	0
373	0	0	0	0	0	0	0	0
374	1	1	1	1	1	1	1	2
375	0	0	0	0	0	0	0	0
376	0	0	0	0	0	0	0	0
377	2	2	1	2	2	2	2	2
378	1	1	1	1	1	1	1	1
379	2	2	2	2	2	2	2	2
380	0	0	0	0	0	0	0	1
381	1	1	1	1	1	1	1	2
382	1	1	1	1	1	1	1	1
383	1	1	1	1	1	1	1	1
384	1	1	1	1	1	1	1	2
385	2	2	1	1	1	1	1	2
386	1	1	1	1	1	1	1	1
387	2	2	2	2	2	2	2	2
388	0	0	0	0	0	1	0	0
389	1	1	1	1	1	1	1	1
390	1	1	1	1	1	1	1	1
391	0	0	0	0	0	0	0	1
392	1	1	1	1	1	1	1	1
393	0	0	0	0	0	0	0	1
394	1	1	1	1	1	1	1	1
395	2	2	2	2	2	2	2	2
396	0	0	0	0	0	0	0	1
397	0	0	0	0	0	0	0	0
398	1	0	0	0	0	0	0	0
399	2	2	2	2	2	2	2	2
400	0	0	0	0	0	0	0	2
401	1	1	1	1	1	1	1	1
402	2	1	1	1	1	1	1	1
403	2	2	2	2	2	2	2	2
404	0	0	0	0	0	0	0	0
405	0	0	0	0	0	0	0	0
406	2	2	2	2	2	2	2	2
407	0	0	0	0	0	0	0	0
408	2	2	2	2	2	2	2	2
409	2	2	2	2	2	2	2	2
410	0	0	0	0	0	0	0	1
411	0	0	0	0	0	0	0	0
412	1	1	1	1	1	1	1	1
413	0	0	0	0	0	0	0	0
414	1	1	1	1	1	1	1	2
415	1	1	1	1	1	1	1	1
416	1	1	1	1	1	1	1	2
417	2	2	2	2	2	2	2	2
418	0	0	0	0	0	0	0	0
419	1	1	1	1	1	1	1	2
420	0	0	0	0	0	0	0	2
421	2	2	2	2	2	2	2	2
422	1	1	1	1	1	1	1	1
423	2	2	2	2	2	2	2	2
424	0	0	0	0	0	0	0	0
425	1	1	1	1	1	1	1	1
426	0	0	0	0	0	0	0	1
427	1	1	1	1	1	1	1	1
428	0	0	0	0	0	0	0	1
429	0	0	0	0	0	0	0	1
430	1	1	1	1	1	1	1	2
431	1	1	1	1	1	1	1	1
432	2	1	1	1	1	1	1	1
433	1	1	1	1	1	1	1	2
434	2	1	1	1	1	1	1	1
435	1	1	1	1	1	1	1	1
436	1	1	1	1	1	1	1	2
437	0	0	0	0	0	0	0	1
438	0	0	0	0	0	0	0	0
439	2	2	2	2	2	2	2	2
440	1	1	1	1	1	1	1	1
441	1	1	1	1	1	1	1	1
442	1	1	1	1	1	1	1	1
443	1	1	1	1	1	1	1	1
444	0	1	1	1	0	1	1	1
445	1	0	0	0	0	0	0	0
446	2	2	2	2	2	2	2	2
447	1	1	1	1	1	1	1	1
448	0	0	0	0	0	0	0	1
449	2	2	2	2	2	2	2	2
450	0	0	0	0	0	0	0	0
451	0	0	0	0	0	0	0	1
452	0	0	0	0	0	0	0	0
453	0	0	0	0	0	0	0	0
454	2	2	2	2	2	2	2	2
455	2	2	2	2	2	2	2	2
456	2	2	2	2	2	2	2	2
457	1	1	1	1	1	1	1	1
458	0	0	0	0	0	0	0	1
459	0	0	0	0	0	0	0	1
460	1	1	1	1	1	1	1	1
461	1	1	1	1	1	1	1	1
462	0	0	0	0	0	0	0	0
463	2	2	2	2	2	2	2	2
464	0	0	0	0	0	0	0	0
