29	1	2	2	0	0	1	1	1	1	1	1	1	1	1	1	0	1	0	1	1	1	0	0	1	0	0	0	0	0	0	0	0	0	0	0	0	0	0	0	0	0	0	0	0	0	0	0	0	0	0	0	0	0	0	0	0	0	0	0	0	0	0	0	0	0	0	0	0	0	0	0	0	0	0	1	0	0	0	0	0	0	0	0	0	0	1	0	0	0	0	0	0	0	0	0	0	0	0	0	0	0	0	0	0	0	0	0	0	0	0	0	0	0	0	0	0	0	0	0	0	0	0	0	0	0	0	0	0	0	0	0	0	0	0	0	0	0	0	0	0	0	0	0	0	0	0	0	0	0	0	0	0	0	0	0	0	0	0	0	0	0	0	0	0	0	0	0	0	0	0	0	0	0	0	1	1	1	1	0	1	1	0	1	0	1	2	2	2
30	0	0	1	0	0	2	2	2	2	2	1	2	2	2	2	0	2	0	2	2	2	1	1	2	0	0	2	0	0	0	2	2	2	2	2	2	2	0	2	0	2	2	2	2	2	2	0	2	2	2	2	2	2	2	2	2	0	2	0	0	0	2	0	2	0	2	2	2	2	2	0	0	2	0	2	0	2	0	0	1	0	0	0	0	0	1	1	0	0	0	0	0	0	1	0	0	1	1	1	1	2	2	2	0	0	1	1	0	1	0	0	0	0	2	0	1	1	1	1	1	1	1	1	1	1	1	1	0	1	1	1	0	1	1	1	1	1	0	0	1	1	1	1	0	1	2	2	2	0	1	1	1	0	1	2	2	2	2	2	0	0	1	1	0	0	1	1	1	0	1	1	1	0	0	1	1	1	1	0	1	1	0	1	1	2	1	2	2
31	0	1	1	0	0	2	1	2	2	2	1	2	2	2	2	1	2	1	2	2	2	0	1	2	0	0	1	0	0	0	1	1	1	1	1	1	1	0	1	0	1	1	1	1	1	1	0	1	0	1	1	1	1	1	1	0	0	0	0	0	1	1	0	0	0	1	0	1	0	0	0	0	1	0	0	0	1	0	0	0	0	0	0	0	0	0	0	0	0	0	0	0	0	1	0	0	0	0	0	0	1	1	0	0	0	1	1	0	1	0	0	0	0	1	0	1	0	0	0	0	0	0	0	0	0	0	0	0	0	0	0	0	0	1	0	0	0	0	0	0	0	0	0	0	0	0	0	0	0	0	0	0	0	0	1	1	1	1	0	0	0	1	1	0	0	1	1	1	0	1	0	0	0	0	0	1	1	0	0	0	1	0	1	1	1	1	1	1
32	0	0	0	0	0	0	0	0	0	0	0	0	0	0	0	0	0	0	0	0	0	0	0	1	0	0	1	0	0	0	0	0	0	0	0	0	0	0	0	0	0	0	0	0	0	0	0	0	0	0	0	0	0	0	0	0	0	0	0	0	0	1	0	0	0	0	0	0	0	0	0	0	0	0	0	0	0	0	0	0	0	0	0	0	0	0	0	0	0	0	0	0	0	0	0	0	0	0	0	0	0	0	0	0	0	0	0	0	0	0	0	0	0	0	0	0	0	0	0	0	0	0	0	0	0	0	0	0	0	0	0	0	0	0	0	0	0	0	0	0	0	0	0	0	0	0	0	0	0	0	0	0	0	0	0	0	0	0	0	0	0	0	0	0	0	0	0	0	0	1	0	0	0	0	0	0	0	0	0	0	0	0	0	0	0	0	0	0
33	0	1	1	0	0	1	1	2	2	2	1	2	2	2	2	1	2	1	2	2	2	0	1	2	1	0	1	1	1	1	1	1	1	1	1	1	1	1	1	1	1	1	1	1	1	1	1	1	1	1	1	1	1	1	1	1	1	1	0	0	1	1	1	1	1	1	1	1	1	1	0	0	1	0	1	0	1	0	0	1	0	0	0	0	0	1	1	0	0	0	0	0	0	1	0	0	1	1	1	1	1	1	1	0	0	0	0	0	1	0	0	0	0	1	0	1	1	1	0	1	1	1	1	1	1	0	0	0	0	0	0	0	0	1	0	0	0	0	0	0	0	1	0	0	0	1	1	1	0	1	1	1	0	0	1	1	1	1	0	0	0	1	1	0	0	1	1	1	0	1	1	0	0	0	0	1	1	0	0	0	1	0	1	0	1	2	2	2
34	0	2	2	0	0	2	2	2	2	2	2	2	2	2	2	0	2	0	2	2	2	0	2	2	0	0	0	0	0	0	0	0	0	0	0	0	0	0	0	0	0	0	0	0	0	0	0	0	0	0	0	0	0	0	0	0	0	0	0	0	0	0	0	0	0	0	0	0	0	0	0	0	0	0	0	0	0	0	0	0	0	0	0	0	0	0	0	0	0	0	0	0	0	0	0	0	0	0	0	0	0	0	0	0	0	0	0	0	0	0	0	0	0	0	0	0	0	0	0	0	0	0	0	0	0	0	0	0	0	0	0	0	0	0	0	0	0	0	0	0	0	0	0	0	0	0	0	0	0	0	0	0	0	0	0	0	0	0	0	0	0	0	0	0	0	0	0	0	0	0	0	0	0	0	0	0	0	0	0	0	0	0	0	0	0	2	2	2
35	0	1	1	1	1	2	1	2	2	2	1	2	2	2	2	1	2	1	2	2	2	1	1	2	0	0	2	0	0	0	2	2	2	2	2	2	2	0	2	0	2	2	2	2	2	2	0	2	1	2	2	2	2	2	2	1	0	1	0	0	1	2	0	1	0	2	1	2	1	1	0	0	2	0	1	0	2	0	1	1	0	1	0	0	0	1	1	0	0	0	0	0	0	2	0	0	0	0	0	0	2	2	1	0	0	2	2	0	1	0	0	0	0	2	0	2	0	0	0	0	0	0	0	0	0	0	0	0	0	0	0	0	0	2	0	0	0	0	0	0	0	0	0	0	0	1	1	1	0	1	1	1	0	0	2	2	2	2	0	0	0	2	2	0	0	2	2	2	0	2	1	0	0	0	0	2	2	1	0	0	2	0	2	2	2	2	2	2
36	0	2	2	2	2	2	1	2	2	2	1	2	2	2	2	1	2	1	2	2	2	0	0	2	0	0	2	0	0	0	2	2	2	2	2	2	2	0	2	0	2	2	2	2	2	2	0	2	1	2	2	2	2	2	2	1	0	1	0	0	1	2	0	1	0	2	1	2	1	1	0	0	2	0	1	0	2	0	1	1	0	1	0	0	0	1	1	0	0	0	0	0	0	2	0	1	1	1	1	1	2	2	1	0	0	1	1	0	2	0	0	0	0	2	0	2	1	1	1	1	1	1	1	1	1	1	1	0	1	1	1	0	1	2	1	1	1	0	0	1	1	1	1	1	1	1	1	1	0	1	1	1	0	1	2	2	1	2	1	0	0	2	2	0	0	1	1	2	0	1	0	0	0	0	0	2	1	1	0	0	2	0	2	2	2	2	2	2
37	0	0	0	0	0	1	1	1	1	1	1	1	1	1	1	1	1	1	1	1	1	0	0	1	0	0	2	0	0	0	1	1	1	1	1	1	1	0	1	0	1	1	1	1	1	1	0	1	1	1	1	1	1	1	1	1	0	1	0	0	0	2	0	1	0	1	0	0	0	0	0	0	1	0	0	0	0	0	0	0	0	0	0	0	0	0	0	0	0	0	0	0	0	0	0	0	0	0	0	0	0	0	0	0	0	0	0	0	0	0	0	0	0	0	0	0	0	0	0	0	0	0	0	0	0	0	0	0	0	0	0	0	0	0	0	0	0	0	0	0	0	0	0	0	0	0	0	0	0	0	0	0	0	0	0	0	0	0	0	0	0	0	0	0	0	0	0	0	0	2	0	0	0	0	0	0	0	0	0	0	0	0	0	0	0	0	0	0
38	0	1	1	1	1	2	1	2	2	2	1	2	2	2	2	1	2	1	2	2	2	0	0	2	0	0	2	0	0	0	2	2	2	2	2	2	2	0	2	0	2	2	2	2	2	2	0	2	1	2	2	2	2	2	2	1	0	1	0	0	1	1	0	1	0	2	1	2	1	1	0	0	2	0	0	0	1	0	0	0	0	0	0	0	0	0	0	0	0	0	0	0	0	1	0	0	0	0	0	0	1	1	0	0	0	1	1	0	1	0	0	0	0	1	0	0	0	0	0	0	0	0	0	0	0	0	0	0	0	0	0	0	0	1	0	0	0	0	0	0	0	0	0	0	0	0	0	0	0	0	0	0	0	0	1	1	1	1	0	0	0	1	1	0	0	1	1	1	0	1	0	0	0	0	0	1	1	0	0	0	1	0	1	1	1	1	1	1
39	0	1	1	1	1	2	2	2	2	2	1	2	2	2	2	1	2	1	2	2	2	1	2	2	0	0	1	0	0	0	1	1	1	1	1	1	1	0	1	0	1	1	1	1	1	1	0	1	1	1	1	1	1	1	1	1	0	1	0	0	0	1	0	1	0	1	1	1	1	1	0	0	1	0	1	0	2	0	2	2	0	1	0	0	0	2	2	0	0	0	0	0	0	2	0	1	1	1	1	0	2	2	2	0	0	2	2	0	1	0	0	0	0	2	0	2	0	0	0	0	0	0	0	0	0	0	0	0	0	0	0	0	0	2	0	0	0	0	0	0	0	0	0	0	0	1	2	1	0	1	1	1	0	0	2	2	2	2	0	0	0	2	2	0	0	2	2	2	0	2	2	0	0	0	0	2	2	0	0	0	2	0	2	2	2	2	2	2
40	0	1	1	0	0	1	1	1	1	1	1	1	1	1	1	1	1	1	1	1	1	0	0	2	0	0	1	0	0	0	1	1	1	1	1	1	1	0	1	0	1	1	1	1	1	1	0	1	1	1	1	1	1	1	1	1	0	1	0	0	1	1	1	0	0	0	0	0	0	0	0	0	0	0	0	0	0	0	0	0	0	0	0	0	0	0	0	0	0	0	0	0	0	0	0	0	0	0	0	0	0	0	0	0	0	0	0	0	0	0	0	0	0	0	0	0	0	0	0	0	0	0	0	0	0	0	0	0	0	0	0	0	0	0	0	0	0	0	0	0	0	0	0	0	0	0	0	0	0	0	0	0	0	0	0	0	0	0	0	0	0	0	0	0	0	0	0	0	0	2	0	0	0	0	0	0	0	0	0	0	0	0	0	0	0	0	0	0
296	1	1	1	0	0	2	2	2	2	2	2	2	2	2	2	1	2	1	2	2	2	0	0	2	1	0	2	1	1	1	2	2	2	2	2	2	2	1	2	1	2	2	2	2	2	2	1	2	2	2	2	2	2	2	2	2	1	2	0	0	1	1	1	2	1	2	2	2	2	2	0	0	2	0	2	0	2	0	1	2	0	0	0	0	0	2	2	0	0	0	0	0	0	2	0	1	2	2	1	1	2	2	2	0	0	1	1	0	2	0	0	0	0	2	0	2	1	1	0	1	1	1	1	1	1	0	0	0	0	0	0	0	0	2	0	0	0	0	0	0	0	1	0	0	0	1	2	1	0	1	1	1	0	0	2	2	2	2	0	0	0	2	2	0	0	2	2	2	0	2	2	0	0	0	0	2	2	0	0	0	2	0	2	1	2	2	2	2
297	0	2	2	1	1	1	1	1	1	1	1	1	1	1	1	0	1	0	1	1	1	1	1	1	0	0	1	0	0	0	1	1	1	1	1	1	1	0	1	0	1	1	1	1	1	1	0	1	1	1	1	1	1	1	1	1	0	1	0	0	0	2	0	1	0	1	1	1	1	1	0	0	2	0	1	0	1	0	1	1	0	1	0	0	0	1	1	0	0	0	0	0	0	1	0	0	0	0	0	0	1	1	1	0	0	1	1	0	0	0	0	0	0	1	0	1	0	0	0	0	0	0	0	0	0	0	0	0	0	0	0	0	0	1	0	0	0	0	0	0	0	0	0	0	0	1	1	1	0	1	1	1	0	0	1	1	1	1	1	0	0	2	2	0	1	2	2	2	0	2	2	1	0	0	1	2	2	1	0	1	2	0	2	1	2	2	2	2
298	0	1	1	0	0	2	2	2	2	2	2	2	2	2	2	0	2	0	2	2	2	1	1	2	0	0	2	0	0	0	2	2	2	2	2	2	2	0	2	0	2	2	2	2	2	2	0	2	2	2	2	2	2	2	2	2	0	2	0	0	0	2	0	2	0	2	2	2	2	2	0	0	2	0	2	0	2	0	1	2	0	1	0	0	0	2	2	0	0	0	0	0	0	2	0	0	1	1	0	0	2	2	2	0	0	1	1	0	1	0	0	0	0	2	0	2	1	1	1	1	1	1	1	1	1	1	1	0	1	1	1	0	1	2	1	1	1	0	0	1	1	1	1	0	1	2	2	2	0	2	2	2	0	1	2	2	2	2	1	0	0	2	2	0	0	2	2	2	0	2	2	1	0	0	1	1	2	1	0	1	2	0	2	1	1	1	1	1
299	0	1	1	0	0	2	2	2	2	2	1	2	2	2	2	1	2	1	2	2	2	1	2	2	0	0	1	0	0	0	2	2	2	2	2	2	2	0	2	0	2	2	2	2	2	2	0	2	2	2	2	2	2	2	2	2	0	2	0	0	0	2	0	2	0	2	2	2	2	2	0	0	2	0	2	0	2	0	1	2	0	1	0	0	0	2	2	0	0	0	0	0	0	2	0	0	0	0	0	0	2	2	1	0	0	2	2	0	1	0	0	0	0	2	0	1	0	0	0	0	0	0	0	0	0	0	0	0	0	0	0	0	0	2	0	0	0	0	0	0	0	0	0	0	0	1	1	1	0	1	1	1	0	0	2	2	2	2	0	0	0	2	2	0	0	2	2	2	0	2	1	0	0	0	0	2	2	0	0	0	2	0	2	2	2	2	2	2
300	0	2	2	0	0	2	2	2	2	2	2	2	2	2	2	1	2	1	2	2	2	1	2	2	0	0	2	0	0	0	2	2	2	2	2	2	2	0	2	0	2	2	2	2	2	2	0	2	2	2	2	2	2	2	2	2	0	2	0	0	0	2	0	2	0	2	2	2	2	2	0	0	2	0	2	0	2	0	1	2	0	1	0	0	0	2	2	0	0	0	0	0	0	2	0	0	1	1	1	0	2	2	2	0	0	2	2	0	1	0	0	0	0	2	0	2	1	1	1	1	1	1	1	1	1	1	1	0	1	1	1	0	1	2	1	1	1	0	0	1	1	1	1	0	1	2	2	2	0	2	2	2	0	1	2	2	2	2	0	0	0	2	2	0	0	2	2	2	0	2	2	1	0	0	1	2	2	1	0	1	2	0	2	1	2	2	1	2
301	0	2	2	1	1	2	1	2	2	2	1	2	2	2	2	2	2	2	2	2	2	0	0	2	1	0	2	1	1	1	2	2	2	2	2	2	2	1	2	1	2	2	2	2	2	2	1	2	2	2	2	2	2	2	2	1	1	1	0	0	2	0	1	1	1	2	0	2	1	1	0	0	2	0	1	0	2	0	0	1	0	0	0	0	0	1	1	0	0	0	0	0	0	2	0	0	1	1	1	1	2	2	1	0	0	1	1	0	2	0	0	0	0	2	0	2	1	1	0	1	1	1	1	1	1	0	0	0	0	0	0	0	0	2	0	0	0	0	0	0	0	1	0	0	0	1	1	1	0	1	1	1	0	0	2	2	2	2	0	0	0	2	1	0	0	2	2	2	0	2	1	0	0	0	0	2	2	0	0	0	2	0	2	1	2	2	2	2
302	0	1	1	1	1	2	2	2	2	2	1	2	2	2	2	2	2	2	2	2	2	0	1	2	1	0	1	1	1	1	1	1	1	1	1	1	1	1	1	1	1	1	1	1	1	1	1	1	1	1	1	1	1	1	1	1	1	1	0	0	1	1	1	1	1	1	1	1	1	1	0	0	1	0	1	0	1	0	0	1	0	0	0	0	0	1	1	0	0	0	0	0	0	1	0	0	1	1	1	1	1	1	1	0	0	0	0	0	1	0	0	0	0	1	0	1	1	1	0	1	1	1	1	1	1	0	0	0	0	0	0	0	0	1	0	0	0	0	0	0	0	1	0	0	0	1	1	1	0	1	1	1	0	0	1	1	1	1	0	0	0	1	1	0	0	1	1	1	0	1	1	0	0	0	0	1	1	0	0	0	1	0	1	0	1	1	1	1
303	1	2	2	1	1	2	2	1	1	1	1	0	1	1	1	1	1	1	1	1	1	0	1	1	0	0	1	0	0	0	1	1	1	1	1	1	1	0	1	0	1	1	1	1	1	1	0	1	1	1	1	1	1	1	1	1	0	1	0	0	0	1	0	1	0	1	1	1	1	1	0	0	1	0	1	0	1	0	1	1	0	0	0	0	0	1	1	0	0	0	0	0	0	1	0	0	0	0	0	0	1	1	0	0	0	1	1	0	1	0	0	0	0	1	0	0	0	0	0	0	0	0	0	0	0	0	0	0	0	0	0	0	0	1	0	0	0	0	0	0	0	0	0	0	0	0	0	0	0	0	0	0	0	0	1	1	1	1	0	0	0	1	1	0	0	1	1	1	0	1	0	0	0	0	0	1	1	0	0	0	1	0	1	1	1	1	1	1
304	0	1	1	0	0	2	2	2	2	2	2	2	2	2	2	2	2	2	2	2	2	0	1	2	0	0	2	0	0	0	2	2	2	2	2	2	2	0	2	0	2	2	2	2	2	2	0	2	2	2	2	2	2	2	2	2	0	2	0	0	0	2	0	2	0	1	1	1	1	1	0	0	1	0	1	0	1	0	0	1	0	0	0	0	0	1	1	0	0	0	0	0	0	1	0	0	0	0	0	1	1	1	0	0	0	1	1	0	1	0	0	0	0	1	0	0	0	0	0	0	0	0	0	0	0	0	0	0	0	0	0	0	0	1	0	0	0	0	0	0	0	0	0	0	0	0	0	0	0	0	0	0	0	0	1	1	1	1	0	0	0	1	1	0	0	1	1	1	0	2	0	0	0	0	0	1	1	0	0	0	1	0	1	1	1	1	1	1
305	0	1	1	0	0	1	1	1	1	1	1	1	1	1	1	0	1	0	1	1	1	0	1	1	0	0	1	0	0	0	0	0	0	0	0	0	0	0	0	0	0	0	0	0	0	0	0	0	0	0	0	0	0	0	0	0	0	0	0	0	0	1	0	0	0	0	0	0	0	0	0	0	0	0	0	0	0	0	0	0	0	0	0	0	0	0	0	0	0	0	0	0	0	0	0	0	0	0	0	0	0	0	0	0	0	0	0	0	0	0	0	0	0	0	0	0	0	0	0	0	0	0	0	0	0	0	0	0	0	0	0	0	0	0	0	0	0	0	0	0	0	0	0	0	0	0	0	0	0	0	0	0	0	0	0	0	0	0	0	0	0	0	0	0	0	0	0	0	0	1	0	0	0	0	0	0	0	0	0	0	0	0	0	0	0	1	1	1
306	0	2	2	2	1	2	1	2	2	2	1	2	2	2	2	1	2	1	2	2	2	1	1	2	0	0	2	0	0	0	2	2	2	2	2	2	2	0	2	0	2	2	2	2	2	2	0	2	2	2	2	2	2	2	2	1	0	1	0	0	1	1	0	1	0	2	1	2	1	1	0	0	2	0	1	0	2	0	0	1	0	0	0	0	0	1	1	0	0	0	0	0	0	2	0	1	1	1	1	0	2	2	1	0	0	2	2	0	1	0	0	0	0	2	0	1	1	1	1	1	1	1	1	1	1	1	1	0	1	1	1	0	1	2	1	0	1	0	0	1	0	1	1	0	1	1	1	1	0	1	0	1	0	0	2	2	1	2	0	0	0	2	2	0	0	2	2	2	0	2	1	0	0	0	0	2	2	0	0	0	2	0	2	1	2	2	2	2
307	1	2	2	0	0	2	2	2	2	2	2	1	2	2	2	1	2	1	2	2	2	1	1	2	0	0	2	0	0	0	2	2	2	2	2	2	2	0	2	0	2	2	2	2	2	2	0	2	2	2	2	2	2	2	2	2	0	2	0	0	0	2	0	2	0	2	2	2	2	2	0	0	2	0	2	0	2	0	1	2	0	0	0	0	0	2	2	0	0	0	0	0	0	2	0	0	2	1	1	1	2	2	1	0	0	1	1	0	1	0	0	0	0	2	0	2	2	2	2	2	2	2	2	2	2	2	2	0	2	2	2	0	1	2	2	1	2	0	0	2	1	2	2	0	2	2	2	2	0	2	1	2	0	2	2	2	1	2	1	0	0	2	2	0	0	2	2	1	0	2	2	1	0	0	2	2	2	2	0	1	1	0	1	0	1	2	1	1
308	1	2	2	0	0	2	2	2	2	2	2	1	2	2	2	1	2	1	2	2	2	1	2	2	0	0	2	0	0	0	2	2	2	2	2	2	2	0	2	0	2	2	2	2	2	2	0	2	2	2	2	2	2	2	2	2	0	2	0	0	0	2	0	2	0	2	2	2	2	2	0	0	2	0	2	0	2	0	1	2	0	1	0	0	0	2	2	0	0	0	0	0	0	2	0	0	0	0	0	0	2	2	1	0	0	2	2	0	1	0	0	0	0	2	0	1	0	0	0	0	0	0	0	0	0	0	0	0	0	0	0	0	0	2	0	0	0	0	0	0	0	0	0	0	0	1	1	1	0	1	1	1	0	0	2	2	2	2	0	0	0	2	2	0	0	2	2	2	0	2	1	0	0	0	0	2	2	0	0	0	2	0	2	2	2	2	2	2
309	0	1	1	1	1	2	1	2	2	2	1	2	2	2	2	1	2	1	2	2	2	0	0	2	0	0	2	0	0	0	2	2	2	2	2	2	2	0	2	0	2	2	2	2	2	2	0	2	2	2	2	2	2	2	2	1	0	1	0	0	1	1	0	1	0	2	1	2	1	1	0	0	2	0	1	0	2	0	0	1	0	0	0	0	0	1	1	0	0	0	0	0	0	2	0	0	1	1	1	0	2	2	1	0	0	1	1	0	2	0	0	0	0	2	0	2	1	1	1	1	1	1	1	1	1	1	1	0	1	1	1	0	1	2	1	1	1	0	0	1	1	1	1	0	1	1	1	1	0	1	1	1	0	1	2	2	2	2	1	0	0	2	2	0	0	2	2	2	0	2	1	1	0	0	1	2	2	1	0	1	2	0	2	1	2	2	2	2
310	1	1	1	1	1	1	1	1	1	1	0	1	1	1	1	1	1	1	1	1	1	0	1	2	0	0	0	0	0	0	0	0	0	0	0	0	0	0	0	0	0	0	0	0	0	0	0	0	0	0	0	0	0	0	0	0	0	0	0	0	0	1	0	0	0	0	0	0	0	0	0	0	0	0	0	0	0	0	0	0	0	0	0	0	0	0	0	0	0	0	0	0	0	0	0	0	0	0	0	0	0	0	0	0	0	0	0	0	0	0	0	0	0	0	0	0	0	0	0	0	0	0	0	0	0	0	0	0	0	0	0	0	0	0	0	0	0	0	0	0	0	0	0	0	0	0	0	0	0	0	0	0	0	0	0	0	0	0	0	0	0	0	0	0	0	0	0	0	0	0	0	0	0	0	0	0	0	0	0	0	0	0	0	0	0	0	0	0
311	0	1	1	1	1	2	1	2	2	2	1	2	2	2	2	1	2	1	2	2	2	1	1	2	0	0	2	0	0	0	2	2	2	2	2	2	2	0	2	0	2	2	2	2	2	2	0	2	2	2	2	2	2	2	2	1	0	1	0	0	1	1	0	1	0	2	1	2	1	1	0	0	2	0	1	0	2	0	1	1	0	1	0	0	0	1	1	0	0	0	0	0	0	2	0	0	0	0	0	0	2	2	1	0	0	2	2	0	1	0	0	0	0	2	0	2	0	0	0	0	0	0	0	0	0	0	0	0	0	0	0	0	0	2	0	0	0	0	0	0	0	0	0	0	0	1	1	1	0	1	1	1	0	0	2	2	2	2	0	0	0	2	2	0	0	2	2	2	0	2	1	0	0	0	0	2	2	0	0	0	2	0	2	2	2	2	2	2
312	0	2	2	1	1	1	1	1	1	1	1	1	1	1	1	1	1	1	1	1	1	0	0	1	0	0	1	0	0	0	1	1	1	1	1	1	1	0	1	0	1	1	1	1	1	1	0	1	1	1	1	1	1	1	1	1	1	1	0	0	1	2	1	1	1	1	1	1	1	1	0	0	2	0	1	0	1	0	1	1	0	1	0	0	0	1	1	0	0	0	0	0	0	1	0	1	1	1	1	1	1	1	1	0	0	0	0	0	0	0	0	0	0	1	0	1	1	1	1	1	1	1	1	1	1	1	1	0	1	1	1	0	1	1	1	1	1	0	0	1	1	1	1	1	1	1	1	1	0	1	1	1	0	1	1	1	1	1	2	0	0	2	2	0	1	1	1	2	0	1	1	1	0	0	1	2	1	1	0	1	2	0	2	1	2	2	2	2
313	0	1	2	0	0	2	2	2	2	2	2	2	2	2	2	2	2	2	2	2	2	0	0	2	0	0	2	0	0	0	2	2	2	2	2	2	1	0	2	0	2	2	2	2	2	2	0	2	2	2	2	2	2	2	2	2	2	2	0	0	2	2	2	2	2	2	2	2	2	2	0	0	2	0	2	0	2	0	2	2	0	2	0	0	0	2	2	0	0	0	0	0	0	2	0	2	2	1	1	1	2	2	2	0	0	0	0	0	0	0	0	0	0	2	0	2	2	2	2	2	2	2	2	2	2	2	2	0	2	1	2	0	2	2	2	2	2	0	0	2	2	2	2	2	2	2	2	2	0	2	2	2	0	2	2	2	2	2	2	0	0	2	2	0	0	0	0	2	0	1	0	0	0	0	0	2	0	0	0	0	2	0	2	2	2	2	2	2
314	0	1	1	0	0	2	2	2	2	2	2	1	2	2	2	1	2	1	2	2	2	0	1	2	0	0	2	0	0	0	2	2	2	2	2	1	1	0	2	0	2	2	2	2	2	2	0	2	2	2	2	2	2	2	2	2	0	2	0	0	0	2	0	2	0	2	2	2	2	2	0	0	2	0	2	0	2	0	1	2	0	0	0	0	0	2	2	0	0	0	0	0	0	2	0	0	1	1	0	0	2	2	1	0	0	1	1	0	2	0	0	0	0	2	0	1	1	1	1	1	1	1	1	1	1	1	0	0	1	1	1	0	1	2	1	1	1	0	0	1	1	1	1	0	1	1	1	1	0	1	1	1	0	1	2	2	2	2	1	0	0	2	2	0	0	2	2	2	0	2	1	1	0	0	1	1	2	1	0	1	2	0	2	1	2	2	2	1
315	0	1	1	0	0	2	2	2	2	2	2	2	2	2	2	0	2	0	2	2	2	0	1	2	0	0	1	0	0	0	1	1	1	1	1	1	1	0	1	0	1	1	1	1	1	1	0	1	1	1	1	1	1	1	1	1	0	1	0	0	0	1	0	1	0	1	1	1	1	1	0	0	1	0	0	0	1	0	1	1	0	0	0	0	0	1	1	0	0	0	0	0	0	1	0	0	1	1	1	0	1	1	1	0	0	1	1	0	1	0	0	0	0	1	0	1	1	1	1	1	1	1	1	1	1	1	0	0	1	1	1	0	1	1	1	1	1	0	0	1	1	1	1	0	1	1	1	1	0	1	1	1	0	1	1	1	1	1	1	0	0	1	1	0	0	1	1	1	0	1	1	1	0	0	1	1	1	1	0	1	1	0	1	0	1	1	1	1
316	1	1	1	1	1	1	1	1	1	1	1	1	1	1	1	0	1	0	1	1	1	0	0	2	0	0	1	0	0	0	1	1	1	1	1	1	1	0	1	0	1	1	1	1	1	1	0	1	1	1	1	1	1	1	1	1	0	1	0	0	0	2	0	1	0	1	1	1	1	1	0	0	1	0	1	0	1	0	1	1	0	0	0	0	0	1	1	0	0	0	0	0	0	1	0	0	1	1	0	1	1	1	1	0	0	0	0	0	1	0	0	0	0	1	0	1	1	1	1	1	1	1	1	1	1	1	1	0	1	1	1	0	1	1	1	1	1	0	0	1	1	1	1	0	1	1	1	1	0	1	1	1	0	1	1	1	1	1	1	0	0	1	1	0	0	1	1	1	0	1	1	1	0	0	1	1	1	1	0	1	1	0	1	0	1	1	1	1
317	0	1	1	1	1	2	2	2	2	2	1	2	2	2	2	1	2	1	2	2	1	0	1	2	0	0	1	0	0	0	1	1	1	1	1	1	1	0	1	0	1	1	1	1	1	1	0	1	1	1	1	1	1	1	1	1	0	1	0	0	0	1	0	1	0	1	1	1	1	1	0	0	1	0	1	0	2	0	1	2	0	0	0	0	0	2	2	0	0	0	0	0	0	2	0	1	2	1	1	0	2	2	2	0	0	1	1	0	2	0	0	0	0	2	0	2	1	1	1	1	1	1	1	1	1	1	1	0	1	1	1	0	1	2	1	1	1	0	0	1	1	1	1	0	1	1	2	1	0	1	1	1	0	1	2	2	2	2	1	0	0	2	2	0	0	2	2	2	0	2	2	1	0	0	1	2	2	1	0	1	2	0	2	1	2	2	2	2
318	0	1	0	0	0	2	2	2	2	2	1	2	2	2	2	1	2	1	2	2	2	1	2	2	0	0	1	0	0	0	1	1	1	1	1	1	1	0	1	0	1	1	1	1	1	1	0	1	1	1	1	1	1	1	1	1	0	1	0	0	0	1	0	1	0	1	1	1	1	1	0	0	1	0	1	0	1	0	1	1	0	1	0	0	0	1	1	0	0	0	0	0	0	1	0	0	0	0	0	0	1	1	1	0	0	1	1	0	1	0	0	0	0	1	0	1	0	0	0	0	0	0	0	0	0	0	0	0	0	0	0	0	0	1	0	0	0	0	0	0	0	0	0	0	0	1	1	1	0	1	1	1	0	0	1	1	1	1	0	0	0	1	1	0	0	1	1	1	0	1	1	0	0	0	0	1	1	0	0	0	1	0	1	1	1	1	1	1
319	0	1	1	0	0	2	2	2	2	2	2	2	2	2	2	1	2	1	2	2	2	0	0	2	0	0	2	0	0	0	2	2	2	2	2	2	2	0	2	0	2	2	2	2	2	2	0	2	2	2	2	2	2	2	2	1	0	1	0	0	1	2	0	1	0	2	2	2	2	2	0	0	2	0	1	0	2	0	1	2	0	0	0	0	0	2	2	0	0	0	0	0	0	2	0	0	1	1	1	1	2	2	1	0	0	1	1	0	1	0	0	0	0	2	0	0	0	0	0	0	0	0	0	0	0	0	0	0	0	0	0	0	0	1	0	0	0	0	0	0	0	0	0	0	0	0	0	0	0	0	0	0	0	0	1	1	1	1	0	0	0	1	1	0	0	1	1	1	0	1	0	0	0	0	0	1	1	0	0	0	1	0	1	1	1	2	2	2
320	0	0	0	0	0	1	1	1	1	1	1	1	1	1	1	1	1	1	1	1	1	0	0	1	0	0	1	0	0	0	1	1	1	1	1	1	1	0	1	0	1	1	1	1	1	1	0	1	1	1	1	1	0	1	0	1	0	1	0	0	0	1	0	1	0	2	1	1	1	1	0	1	0	0	1	0	2	0	2	2	0	1	0	0	0	2	2	0	0	0	0	0	0	2	0	1	1	1	1	1	2	2	2	0	0	2	2	0	1	0	0	0	0	2	0	2	0	0	0	0	0	0	0	0	0	0	0	0	0	0	0	0	0	2	0	0	0	0	0	0	0	0	0	0	0	1	2	1	0	1	1	1	0	0	2	2	2	2	0	0	0	2	2	0	0	2	2	2	0	2	2	0	0	0	0	2	2	0	0	0	2	0	2	2	2	2	2	2
321	0	1	1	1	1	1	0	1	1	1	0	1	1	1	1	1	1	1	1	1	1	0	0	2	0	0	1	0	0	0	1	1	1	1	1	1	1	0	1	0	1	1	1	1	1	1	0	1	0	1	1	1	1	1	1	0	0	0	0	0	1	2	0	0	0	2	1	2	1	1	0	0	2	0	1	0	2	0	1	1	0	0	0	0	0	1	1	0	0	0	0	0	0	2	0	0	1	1	1	1	2	2	1	0	0	1	1	0	2	0	0	0	0	2	0	1	1	1	1	1	1	1	1	1	1	1	1	0	1	1	1	0	1	2	1	1	1	0	0	1	1	1	1	0	1	1	1	1	0	1	1	1	0	1	2	2	2	2	1	0	0	2	2	0	0	2	2	2	0	2	1	1	0	0	1	2	2	1	0	1	2	0	2	1	2	2	2	2
322	0	0	0	0	0	2	2	2	2	2	1	2	2	2	2	1	2	1	2	2	2	0	0	2	0	0	2	0	0	0	2	2	2	2	2	2	2	0	2	0	2	2	2	2	2	2	0	2	2	2	2	2	2	2	2	2	0	2	0	0	0	2	0	2	0	2	1	1	1	1	0	0	2	0	0	0	0	0	0	0	0	0	0	0	0	0	0	0	0	0	0	0	0	0	0	0	0	0	0	0	0	0	0	0	0	0	0	0	0	0	0	0	0	0	0	0	0	0	0	0	0	0	0	0	0	0	0	0	0	0	0	0	0	0	0	0	0	0	0	0	0	0	0	0	0	0	0	0	0	0	0	0	0	0	0	0	0	0	0	0	0	0	0	0	0	0	0	0	0	1	0	0	0	0	0	0	0	0	0	0	0	0	0	0	0	0	0	0
323	0	2	2	0	0	1	1	1	2	2	2	2	2	2	2	0	2	0	2	2	2	1	1	2	0	0	1	0	0	0	1	1	1	1	1	1	1	0	1	0	1	1	1	1	1	1	0	1	1	1	1	1	1	1	1	1	0	1	0	0	0	1	0	1	0	1	1	1	1	1	0	0	1	0	1	0	1	0	1	1	0	1	0	0	0	1	1	0	0	0	0	0	0	1	0	0	0	0	0	0	1	1	1	0	0	1	1	0	0	0	0	0	0	1	0	1	0	0	0	0	0	0	0	0	0	0	0	0	0	0	0	0	0	1	0	0	0	0	0	0	0	0	0	0	0	1	1	1	0	1	1	1	0	0	1	1	1	1	0	0	0	1	0	0	0	1	1	1	0	1	1	0	0	0	0	1	1	0	0	0	1	0	1	1	1	1	1	1
324	1	1	1	0	0	1	1	1	1	1	1	1	1	1	1	1	1	1	1	1	1	0	1	1	0	0	1	0	0	0	1	1	1	1	1	1	1	0	0	0	1	1	1	1	1	1	0	1	1	1	1	1	1	1	1	1	0	1	0	0	0	1	0	1	0	1	1	1	1	1	0	0	0	0	1	0	1	0	0	1	0	0	0	0	0	1	1	0	0	0	0	0	0	1	0	0	0	0	0	0	1	1	0	0	0	1	1	0	1	0	0	0	0	1	0	0	0	0	0	0	0	0	0	0	0	0	0	0	0	0	0	0	0	1	0	0	0	0	0	0	0	0	0	0	0	0	0	0	0	0	0	0	0	0	1	1	1	1	0	0	0	1	1	0	0	1	1	1	0	1	0	0	0	0	0	1	1	0	0	0	1	0	1	1	1	1	1	1
325	0	1	1	1	1	2	2	2	2	2	2	2	2	2	2	0	2	0	2	2	2	0	0	2	0	0	2	0	0	0	2	2	2	2	2	2	2	0	2	0	2	2	2	2	2	2	0	2	2	2	2	2	2	2	2	2	0	2	0	0	0	2	0	2	0	2	2	2	2	2	0	0	1	0	2	0	2	0	1	2	0	0	0	0	0	2	2	0	0	0	0	0	0	2	0	0	2	1	1	1	2	2	2	0	0	0	0	0	2	0	0	0	0	2	0	2	2	2	2	2	2	2	2	2	2	2	2	0	2	2	2	0	2	2	2	2	2	0	0	2	2	2	2	0	2	2	2	2	0	2	2	2	0	2	2	2	2	2	2	0	0	2	2	0	0	2	2	2	0	2	2	2	0	0	2	2	2	2	0	2	2	0	2	0	2	2	2	2
326	0	1	1	1	1	2	1	2	2	2	1	2	2	2	2	1	2	1	2	2	2	0	0	2	0	0	2	0	0	0	2	2	2	2	2	2	2	0	2	0	2	2	2	2	2	2	0	2	2	2	2	2	2	2	2	1	0	1	0	0	1	1	0	1	0	2	1	2	1	1	0	0	2	0	1	0	2	0	0	1	0	0	0	0	0	1	1	0	0	0	0	0	0	2	0	0	1	1	1	0	2	2	1	0	0	1	1	0	2	0	0	0	0	2	0	2	1	1	1	1	1	1	1	1	1	1	1	0	1	1	1	0	1	2	1	1	1	0	0	1	1	1	1	0	1	1	1	1	0	1	1	1	0	1	2	2	2	2	1	0	0	2	2	0	0	2	2	2	0	2	1	1	0	0	1	2	2	1	0	1	2	0	2	1	2	2	2	2
327	0	1	1	1	1	2	2	2	2	2	2	2	2	2	2	0	2	0	2	2	2	0	0	2	0	0	2	0	0	0	2	2	2	2	2	2	1	0	2	0	2	2	2	2	2	2	0	2	2	2	2	2	2	2	2	2	0	2	0	0	0	2	0	2	0	2	2	2	2	2	0	0	2	0	2	0	2	0	0	2	0	0	0	0	0	2	2	0	0	0	0	0	0	2	0	0	2	1	1	1	2	2	2	0	0	0	0	0	2	0	0	0	0	2	0	2	2	2	2	2	2	2	2	2	2	2	2	0	2	2	2	0	1	2	2	2	2	0	0	2	2	2	2	0	2	2	2	2	0	2	2	2	0	2	2	2	2	2	2	0	0	2	2	0	0	2	2	1	0	2	2	2	0	0	2	2	2	2	0	2	2	0	2	0	2	2	2	2
328	1	2	1	1	1	1	1	1	1	1	0	1	1	1	1	1	1	1	1	1	1	0	1	2	0	0	0	0	0	0	0	0	0	0	0	0	0	0	0	0	0	0	0	0	0	0	0	0	0	0	0	0	0	0	0	0	0	0	0	0	0	1	0	0	0	0	0	0	0	0	0	0	0	0	0	0	0	0	0	0	0	0	0	0	0	0	0	0	0	0	0	0	0	0	0	0	0	0	0	0	0	0	0	0	0	0	0	0	1	0	0	0	0	0	0	0	0	0	0	0	0	0	0	0	0	0	0	0	0	0	0	0	0	0	0	0	0	0	0	0	0	0	0	0	0	0	0	0	0	0	0	0	0	0	0	0	0	0	0	0	0	0	0	0	0	0	0	0	0	0	0	0	0	0	0	0	0	0	0	0	0	0	0	0	0	0	0	0
329	0	0	0	0	0	1	1	1	1	1	1	1	1	1	1	0	1	0	1	1	1	0	0	1	0	0	1	0	0	0	1	1	1	1	1	1	1	0	1	0	1	1	1	1	1	1	0	1	1	1	1	1	1	1	1	1	0	1	0	0	0	1	0	1	0	1	1	1	1	1	0	0	1	0	1	0	1	0	0	1	0	0	0	0	0	1	1	0	0	0	0	0	0	1	0	0	1	1	1	0	1	1	1	0	0	0	0	0	1	0	0	0	0	1	0	1	1	1	1	1	1	1	1	1	1	1	1	0	1	1	1	0	1	1	1	1	1	0	0	1	1	1	1	0	1	1	1	1	0	1	1	1	0	1	1	1	1	1	1	0	0	1	1	0	0	1	1	1	0	1	1	1	0	0	1	1	1	1	0	1	1	0	1	0	1	1	1	1
330	1	2	2	1	0	2	2	2	2	2	2	2	2	2	2	1	2	1	2	2	2	0	0	2	0	0	2	0	0	0	2	2	2	2	2	2	2	0	2	0	2	2	2	2	2	2	0	2	2	2	2	2	2	2	2	1	0	2	0	0	0	2	0	2	0	2	2	2	2	2	0	0	2	0	2	0	2	0	1	2	0	0	0	0	0	2	2	0	0	0	0	0	0	2	0	0	1	1	1	1	2	2	2	0	0	1	0	0	2	0	0	0	0	2	0	2	1	1	1	1	1	1	1	1	1	1	1	0	1	1	1	0	1	2	1	1	1	0	0	1	1	1	1	0	1	2	2	2	0	2	2	2	0	1	2	2	2	2	1	0	0	2	2	0	0	2	2	2	0	1	2	1	0	0	2	1	2	1	0	1	2	0	2	0	1	1	1	1
331	1	1	1	0	0	1	1	1	1	1	1	1	1	1	1	0	1	0	1	1	1	0	1	1	0	0	1	0	0	0	0	0	0	0	0	0	0	0	0	0	0	0	0	0	0	0	0	1	1	1	1	1	1	1	1	1	0	1	0	0	0	2	0	1	0	1	0	0	0	0	0	0	0	0	0	0	1	0	1	1	0	0	0	0	0	1	1	0	0	0	0	0	0	1	0	1	0	0	0	0	1	1	1	0	0	1	1	0	0	0	0	0	0	1	0	1	1	1	1	1	1	1	1	1	1	1	1	0	1	1	1	0	1	1	1	0	1	0	0	1	0	1	1	0	1	1	1	1	0	1	0	1	0	0	1	1	0	1	0	0	0	1	1	0	0	1	1	1	0	2	1	0	0	0	0	1	1	0	0	0	1	0	1	0	1	1	1	1
332	1	2	2	1	1	2	2	2	2	2	2	2	2	2	2	1	2	1	2	2	2	0	0	2	1	0	2	1	1	1	2	2	2	2	2	2	2	1	2	1	2	2	2	2	2	2	1	2	2	2	2	2	2	2	2	2	1	2	0	0	1	1	1	2	1	2	2	2	2	2	0	0	2	0	2	0	2	0	1	2	0	0	0	0	0	2	2	0	0	0	0	0	0	2	0	0	2	1	1	1	2	2	2	0	0	0	0	0	2	0	0	0	0	2	0	2	2	2	1	2	2	2	2	2	2	1	1	0	1	1	1	0	1	2	1	1	1	0	0	1	1	2	1	0	1	2	2	2	0	2	2	2	0	1	2	2	2	2	1	0	0	2	2	0	0	2	2	2	0	2	2	1	0	0	1	2	2	1	0	1	2	0	2	0	2	2	2	2
333	0	0	1	0	0	2	2	2	2	2	2	1	2	2	2	2	2	2	2	2	2	0	0	2	1	0	2	1	1	1	2	2	2	2	2	2	2	1	2	1	2	2	2	2	2	2	1	2	2	2	2	2	2	2	2	2	1	2	0	0	1	2	1	2	1	1	0	1	1	1	0	0	1	0	1	0	1	0	0	1	0	0	0	0	0	1	1	0	0	0	0	0	0	1	0	0	1	1	1	1	1	1	1	0	0	0	0	0	1	0	0	0	0	1	0	1	1	1	0	1	1	1	1	1	1	0	0	0	0	0	0	0	0	1	0	0	0	0	0	0	0	1	0	0	0	1	1	1	0	1	1	1	0	0	1	1	1	1	1	0	0	1	1	0	0	1	1	1	0	2	1	0	0	0	0	1	1	0	0	0	1	0	1	0	1	1	1	1
334	0	0	0	0	0	0	0	0	0	0	0	0	0	0	0	0	0	0	0	0	0	0	0	1	0	0	1	0	0	0	0	0	0	0	0	0	0	0	0	0	0	0	0	0	0	0	0	0	0	0	0	0	0	0	0	0	0	0	0	0	0	1	0	0	0	0	0	0	0	0	0	0	0	0	0	0	0	0	0	0	0	0	0	0	0	0	0	0	0	0	0	0	0	1	0	0	0	0	0	0	0	0	0	0	0	0	0	0	0	0	0	0	0	0	0	0	0	0	0	0	0	0	0	0	0	0	0	0	0	0	0	0	0	0	0	0	0	0	0	0	0	0	0	0	0	0	0	0	0	0	0	0	0	0	0	0	0	0	0	0	0	0	0	0	0	0	0	0	0	0	0	0	0	0	0	0	0	0	0	0	0	0	0	0	0	0	1	1
335	0	1	1	1	1	1	0	1	1	1	0	1	1	2	2	1	2	1	2	2	2	0	0	2	0	0	2	0	0	0	2	2	2	2	2	2	2	0	2	0	2	2	2	2	2	2	0	2	2	2	2	2	2	2	2	1	0	0	0	0	1	1	0	1	0	2	1	2	1	1	0	0	2	0	1	0	2	0	1	1	0	0	0	0	0	1	1	0	0	0	0	0	0	2	0	0	1	1	1	1	2	2	1	0	0	1	1	0	1	0	0	0	0	2	0	1	1	1	1	1	1	1	1	1	1	1	1	0	1	1	1	0	1	2	1	1	1	0	0	1	1	1	1	0	1	1	1	1	0	1	1	1	0	1	2	2	2	2	1	0	0	2	2	0	0	2	2	1	0	2	1	1	0	0	1	2	2	1	0	1	2	0	2	1	2	2	2	2
336	1	1	1	1	1	1	1	1	1	1	1	0	1	1	1	1	1	1	0	1	1	0	1	1	0	0	1	0	0	0	1	1	1	1	1	0	0	0	1	0	1	1	1	1	1	1	0	1	1	1	1	1	1	1	1	1	0	1	0	0	0	2	0	1	0	1	1	1	1	1	0	0	2	0	1	0	1	0	1	1	0	0	0	0	0	1	1	0	0	0	0	0	0	1	0	0	0	0	0	0	1	1	0	0	0	1	1	0	1	0	0	0	0	1	0	0	0	0	0	0	0	0	0	0	0	0	0	0	0	0	0	0	0	1	0	0	0	0	0	0	0	0	0	0	0	0	0	0	0	0	0	0	0	0	1	1	1	1	1	0	0	2	2	0	1	2	2	2	0	2	1	1	0	0	1	2	2	1	0	2	2	0	2	1	2	2	2	2
337	0	1	1	0	0	1	1	1	1	1	1	1	1	1	1	0	1	0	1	1	1	0	0	1	0	0	2	0	0	0	1	1	1	1	1	1	1	0	1	0	1	1	1	1	1	1	0	1	1	1	1	1	1	1	1	1	0	1	0	0	0	2	0	1	0	1	1	1	1	1	0	0	1	0	1	0	1	0	0	1	0	0	0	0	0	1	1	0	0	0	0	0	0	1	0	0	1	0	0	0	1	1	1	0	0	0	0	0	1	0	0	0	0	1	0	1	1	1	1	1	1	1	1	1	1	1	1	0	1	1	1	0	1	1	1	1	1	0	0	1	1	1	1	0	1	1	1	1	0	1	1	1	0	1	1	1	1	1	1	0	0	1	1	0	0	1	1	1	0	2	1	1	0	0	1	1	1	1	0	1	1	0	1	0	1	1	1	1
338	0	2	2	1	1	2	2	2	2	2	2	2	2	2	2	0	2	0	2	2	2	1	1	2	0	0	2	0	0	0	2	2	2	2	2	2	2	0	2	0	2	2	2	2	2	2	0	2	2	2	2	2	2	2	2	2	0	2	0	0	0	2	0	2	0	2	2	2	2	2	0	0	2	0	1	0	2	0	1	2	0	1	0	0	0	2	2	0	0	0	0	0	0	2	0	0	1	1	1	0	2	2	2	0	0	1	1	0	1	0	0	0	0	2	0	2	1	1	1	1	1	1	1	1	1	1	1	0	1	1	1	0	1	2	1	1	1	0	0	1	1	1	1	0	1	2	2	2	0	2	2	2	0	1	2	2	1	2	1	0	0	2	2	0	0	2	2	2	0	2	2	1	0	0	1	2	2	1	0	2	2	0	2	1	2	2	2	2
339	1	2	1	0	0	2	2	2	2	2	2	1	2	2	2	2	2	2	1	2	2	0	1	2	0	0	2	0	0	0	2	2	2	2	2	1	1	0	2	0	2	2	2	2	2	2	0	2	2	2	2	2	2	2	2	2	0	2	0	0	1	2	1	2	1	2	2	2	2	2	0	0	2	0	2	0	2	0	2	2	0	1	0	0	0	2	2	0	0	0	0	0	0	2	0	1	2	1	1	0	2	2	2	0	0	0	1	0	1	0	0	0	0	2	0	2	2	2	2	2	2	2	2	2	2	2	2	0	2	2	2	0	2	2	2	2	2	0	0	2	2	2	2	1	2	2	2	2	0	2	2	2	0	2	2	2	1	2	1	0	0	2	2	0	0	1	1	2	0	1	1	1	0	0	1	2	1	1	0	1	2	0	2	0	2	2	1	2
340	0	1	1	1	1	2	2	2	2	2	2	2	2	2	2	0	2	0	2	2	2	0	0	2	0	0	2	0	0	0	2	2	2	2	2	2	2	0	2	0	2	2	2	2	2	2	0	2	2	2	2	2	2	2	2	2	0	2	0	0	0	2	0	2	0	2	2	2	2	2	0	0	2	0	2	0	2	0	1	2	0	0	0	0	0	2	2	0	0	0	0	0	0	2	0	0	1	1	1	0	2	2	2	0	0	0	1	0	2	0	0	0	0	2	0	2	2	2	2	2	2	2	2	2	2	2	2	0	2	2	2	0	2	2	2	2	2	0	0	2	2	2	2	0	2	2	2	2	0	2	2	2	0	2	2	2	1	2	2	0	0	1	1	0	0	1	1	2	0	2	2	2	0	0	2	2	2	2	0	1	1	0	1	0	1	1	1	1
341	0	1	1	1	1	2	1	2	2	2	0	2	2	2	2	2	2	2	2	2	1	0	1	1	0	0	0	0	0	0	0	0	0	0	0	0	0	0	0	0	0	0	0	0	0	0	0	0	0	0	0	0	0	0	0	0	0	0	0	0	0	0	0	0	0	0	0	0	0	0	0	0	0	0	0	0	1	0	1	1	0	0	0	0	0	1	1	0	0	0	0	0	0	1	0	1	1	1	0	0	1	1	1	0	0	1	1	0	1	0	0	0	0	1	0	1	0	0	0	0	0	0	0	0	0	0	0	0	0	0	0	0	0	1	0	0	0	0	0	0	0	0	0	0	0	0	1	0	0	0	0	0	0	0	1	1	1	1	0	0	0	1	1	0	0	1	1	1	0	1	1	0	0	0	0	1	1	0	0	0	1	0	1	1	1	1	1	1
342	0	2	2	1	0	2	2	2	2	2	2	1	2	2	2	1	2	1	2	2	2	1	1	2	0	0	2	0	0	0	2	2	2	2	2	2	2	0	2	0	2	2	2	2	2	2	0	2	2	2	2	2	2	2	2	2	0	2	0	0	0	2	0	2	0	2	2	2	2	2	0	0	2	0	2	0	2	0	1	2	0	0	0	0	0	2	2	0	0	0	0	0	0	2	0	0	1	1	1	0	2	2	1	0	0	2	1	0	1	0	0	0	0	2	0	2	1	1	1	1	1	1	1	1	1	1	1	0	1	1	1	0	1	2	1	0	1	0	0	1	0	1	1	0	1	2	2	2	0	2	1	2	0	1	2	2	1	2	0	0	0	2	2	0	0	2	2	2	0	1	2	0	0	0	2	2	2	1	0	0	1	0	1	0	1	2	1	1
343	0	1	1	0	0	2	1	2	2	2	1	2	2	2	2	1	2	1	2	2	2	1	2	2	0	0	1	0	0	0	1	1	1	1	1	1	1	0	1	0	1	1	1	1	1	1	0	1	1	1	1	1	1	1	1	1	0	1	0	0	0	1	0	1	0	1	1	1	1	1	0	0	1	0	1	0	2	0	2	2	0	1	0	0	0	2	2	0	0	0	0	0	0	2	0	1	1	1	0	0	2	2	2	0	0	2	2	0	1	0	0	0	0	2	0	2	1	1	0	1	1	1	1	1	1	0	0	0	0	0	0	0	0	2	0	0	0	0	0	0	0	1	0	0	0	1	2	1	0	1	1	1	0	0	2	2	2	2	0	0	0	2	2	0	0	2	2	2	0	2	2	0	0	0	0	2	2	0	0	0	2	0	2	1	2	2	2	2
344	0	0	1	0	0	0	0	0	0	0	0	0	0	0	0	0	0	0	0	0	0	0	0	0	0	0	1	0	0	0	0	0	0	0	0	0	0	0	0	0	0	0	0	0	0	0	0	0	0	0	0	0	0	0	0	0	0	0	0	0	0	0	0	0	0	0	0	0	0	0	0	0	0	0	0	0	0	0	0	0	0	0	0	0	0	0	0	0	0	0	0	0	0	0	0	0	0	0	0	0	0	0	0	0	0	0	0	0	0	0	0	0	0	0	0	0	0	0	0	0	0	0	0	0	0	0	0	0	0	0	0	0	0	0	0	0	0	0	0	0	0	0	0	0	0	0	0	0	0	0	0	0	0	0	0	0	0	0	0	0	0	0	0	0	0	0	0	0	0	1	0	0	0	0	0	0	0	0	0	0	0	0	0	0	0	0	0	0
345	1	1	1	0	0	1	1	1	1	1	1	1	1	1	1	1	1	1	0	1	1	0	1	1	0	0	1	0	0	0	1	1	1	1	1	0	0	0	1	0	1	1	1	1	1	1	0	1	1	1	1	1	1	1	1	1	0	1	0	0	0	1	0	1	0	1	1	1	1	1	0	0	1	0	1	0	1	0	1	1	0	0	0	0	0	1	1	0	0	0	0	0	0	1	0	0	0	0	0	0	1	1	0	0	0	1	1	0	1	0	0	0	0	1	0	0	0	0	0	0	0	0	0	0	0	0	0	0	0	0	0	0	0	1	0	0	0	0	0	0	0	0	0	0	0	0	0	0	0	0	0	0	0	0	1	1	1	1	0	0	0	1	1	0	0	1	1	1	0	1	0	0	0	0	0	1	1	0	0	0	1	0	1	1	1	2	1	2
346	0	1	1	0	0	2	2	2	2	2	2	2	2	2	2	0	2	0	2	2	2	2	2	2	0	0	2	0	0	0	2	2	2	2	2	2	2	0	2	0	2	2	2	2	2	2	0	2	2	2	2	2	2	2	2	1	0	2	0	0	0	2	0	2	0	2	2	2	2	2	0	0	2	0	2	0	2	0	1	2	0	2	0	0	0	2	2	0	0	0	0	0	0	2	0	0	0	0	0	0	2	2	2	0	0	2	2	0	0	0	0	0	0	2	0	2	0	0	0	0	0	0	0	0	0	0	0	0	0	0	0	0	0	2	0	0	0	0	0	0	0	0	0	0	0	2	2	2	0	2	2	2	0	0	2	2	1	2	0	0	0	2	2	0	0	2	2	2	0	2	2	0	0	0	0	2	2	0	0	0	2	0	2	2	2	2	2	2
347	0	1	1	0	0	2	2	2	2	2	1	2	2	2	2	1	2	1	1	2	2	0	1	2	0	0	0	0	0	0	0	0	0	0	0	0	0	0	0	0	0	0	0	0	0	0	0	0	0	0	0	0	0	0	0	0	0	0	0	0	0	0	0	0	0	0	0	0	0	0	0	0	0	0	0	0	0	0	0	0	0	0	0	0	0	0	0	0	0	0	0	0	0	0	0	0	0	0	0	0	0	0	0	0	0	0	0	0	0	0	0	0	0	0	0	0	0	0	0	0	0	0	0	0	0	0	0	0	0	0	0	0	0	0	0	0	0	0	0	0	0	0	0	0	0	0	0	0	0	0	0	0	0	0	0	0	0	0	0	0	0	0	0	0	0	0	0	0	0	0	0	0	0	0	0	0	0	0	0	0	0	0	0	0	0	1	1	1
348	0	0	0	0	0	1	1	1	1	1	1	1	1	1	1	0	1	0	1	1	1	0	0	1	0	0	1	0	0	0	1	1	1	1	1	1	0	0	1	0	1	1	1	1	1	1	0	1	1	1	1	1	1	1	1	1	0	1	0	0	0	1	0	1	0	2	1	1	1	1	0	0	0	0	1	0	1	0	0	1	0	0	0	0	0	1	1	0	0	0	0	0	0	1	0	0	1	0	0	0	1	1	1	0	0	0	0	0	1	0	0	0	0	1	0	1	1	1	1	1	1	1	1	1	1	1	1	0	1	1	1	0	1	1	1	1	1	0	0	1	1	1	1	0	1	1	1	1	0	2	2	1	0	1	1	1	0	1	1	0	0	1	1	0	0	1	1	1	0	1	1	1	0	0	1	0	1	1	0	1	1	0	1	0	0	1	1	1
349	0	1	1	0	0	1	1	1	1	1	1	1	1	1	1	1	1	1	1	1	1	0	1	1	0	0	1	0	0	0	1	1	1	1	1	1	1	0	1	0	1	1	1	1	1	1	0	1	1	1	1	1	1	1	1	1	0	1	0	0	0	1	0	1	0	1	1	1	1	1	0	0	1	0	1	0	1	0	1	1	0	0	0	0	0	1	1	0	0	0	0	0	0	1	0	0	1	1	1	0	1	1	1	0	0	0	0	0	1	0	0	0	0	1	0	1	1	1	1	1	1	1	1	1	1	1	1	0	1	1	1	0	1	1	1	1	1	0	0	1	1	1	1	0	1	1	1	1	0	1	1	1	0	1	1	1	1	1	0	0	0	1	1	0	0	1	1	1	0	1	1	1	0	0	1	1	1	1	0	1	1	0	1	0	1	1	0	1
350	0	1	1	0	0	2	2	2	2	2	2	2	2	2	2	1	2	1	2	2	2	1	1	2	0	0	2	0	0	0	2	2	2	2	2	2	2	0	2	0	2	2	2	2	2	2	0	2	2	2	2	2	2	2	2	2	0	2	0	0	0	2	0	2	0	2	2	2	2	2	0	0	2	0	2	0	2	0	1	2	0	1	0	0	0	2	2	0	0	0	0	0	0	2	0	0	1	1	1	0	2	2	2	0	0	2	1	0	1	0	0	0	0	2	0	2	0	0	0	0	0	0	0	0	0	0	0	0	0	0	0	0	0	2	0	0	0	0	0	0	0	0	0	0	0	2	2	2	0	2	2	2	0	0	2	2	1	2	0	0	0	2	2	0	0	2	2	2	0	1	2	0	0	0	1	2	2	0	0	1	1	0	2	1	2	2	2	2
351	1	1	1	0	0	2	2	2	2	2	2	2	2	2	2	1	2	1	2	2	2	1	1	2	1	0	2	1	1	1	2	2	2	2	2	2	2	1	2	1	2	2	2	2	2	2	1	2	2	2	2	2	2	2	2	2	1	2	0	0	1	2	1	2	1	2	1	2	2	2	0	0	2	0	2	0	2	0	1	2	0	1	0	0	0	2	2	0	0	0	0	0	0	2	0	0	1	1	1	1	2	2	2	0	0	1	1	0	1	0	0	0	0	2	0	2	1	1	0	1	1	1	1	1	1	0	0	0	0	0	0	0	0	2	0	0	0	0	0	0	0	1	0	0	0	2	2	2	0	2	2	2	0	0	2	2	2	2	0	0	0	2	2	0	0	2	2	2	0	2	2	0	0	0	0	2	2	0	0	0	2	0	2	1	2	2	2	2
352	0	1	1	1	0	2	2	2	2	2	2	2	2	2	2	1	2	1	2	2	2	0	0	2	0	0	2	0	0	0	2	2	2	2	2	2	2	0	2	0	2	2	2	2	2	2	0	2	2	2	2	2	2	2	2	1	0	2	0	0	0	2	0	2	0	2	2	2	2	2	0	0	2	0	2	0	2	0	1	2	0	0	0	0	0	2	2	0	0	0	0	0	0	2	0	0	1	1	1	1	2	2	2	0	0	1	0	0	2	0	0	0	0	2	0	2	1	1	1	1	1	1	1	1	1	1	1	0	1	1	1	0	1	2	1	1	1	0	0	1	1	1	1	0	1	2	2	2	0	2	2	2	0	1	2	2	1	2	1	0	0	2	2	0	0	2	2	2	0	1	2	1	0	0	2	2	2	1	0	1	2	0	2	0	2	2	2	2
353	0	0	1	0	0	1	1	1	1	1	1	1	1	1	1	1	1	1	1	1	1	0	0	2	0	0	1	0	0	0	1	1	1	1	1	1	0	0	1	0	1	1	1	1	1	1	0	1	1	1	1	1	1	1	1	1	1	1	0	0	1	2	1	1	1	1	1	1	1	1	0	0	1	0	1	0	1	0	1	1	0	1	0	0	0	1	1	0	0	0	0	0	0	1	0	1	1	0	0	0	1	1	1	0	0	0	0	0	0	0	0	0	0	1	0	1	1	1	1	1	1	1	1	1	1	1	1	0	1	0	1	0	1	1	1	1	1	0	0	1	1	1	1	1	1	1	1	1	0	1	1	1	0	1	1	1	1	1	1	0	0	1	1	0	0	0	0	1	0	1	0	0	0	0	0	1	0	0	0	0	1	0	1	1	1	1	1	1
354	0	1	1	1	1	2	2	2	2	2	2	2	2	2	2	0	2	0	2	2	2	0	0	2	0	0	2	0	0	0	2	2	2	2	2	2	2	0	2	0	2	2	2	2	2	2	0	2	2	2	2	2	2	2	2	2	0	2	0	0	0	2	0	2	0	2	2	2	2	2	0	0	2	0	1	0	1	0	0	1	0	0	0	0	0	1	1	0	0	0	0	0	0	1	0	0	1	1	1	1	1	1	1	0	0	0	0	0	1	0	0	0	0	1	0	1	1	1	1	1	1	1	1	1	1	1	1	0	0	1	1	0	1	1	1	1	1	0	0	1	1	1	1	0	1	1	1	1	0	1	1	1	0	1	1	1	1	1	1	0	0	1	1	0	0	1	1	1	0	1	1	1	0	0	1	1	1	1	0	1	1	0	1	0	1	1	1	1
355	0	1	1	0	0	1	1	1	1	1	1	1	1	1	1	1	1	1	1	1	1	0	0	1	0	0	1	0	0	0	1	1	1	1	1	1	1	0	1	0	1	1	1	1	1	1	0	1	1	1	1	1	1	1	1	1	0	1	0	0	1	1	1	1	1	2	1	1	1	1	0	0	1	0	1	0	1	0	1	1	0	1	0	0	0	1	1	0	0	0	0	0	0	1	0	1	1	0	0	0	1	1	1	0	0	0	0	0	0	0	0	0	0	1	0	1	1	1	1	1	1	1	1	1	1	1	1	0	1	1	1	0	1	1	1	1	1	0	0	1	1	1	1	1	1	1	1	1	0	2	2	1	0	1	1	1	0	1	1	0	0	1	1	0	0	0	0	1	0	0	0	0	0	0	0	1	0	0	0	0	1	0	1	0	1	2	2	2
356	1	1	1	0	0	1	1	1	1	1	1	0	1	1	1	1	1	1	1	1	1	0	1	1	0	0	1	0	0	0	1	1	1	1	1	1	1	0	1	0	1	1	1	1	1	1	0	1	1	1	1	1	1	1	1	1	0	1	0	0	0	1	0	1	0	1	1	1	1	1	0	0	1	0	1	0	1	0	1	1	0	0	0	0	0	1	1	0	0	0	0	0	0	1	0	0	0	0	0	0	1	1	0	0	0	1	1	0	1	0	0	0	0	1	0	0	0	0	0	0	0	0	0	0	0	0	0	0	0	0	0	0	0	1	0	0	0	0	0	0	0	0	0	0	0	0	0	0	0	0	0	0	0	0	1	1	1	1	0	0	0	1	1	0	0	1	1	1	0	1	0	0	0	0	0	1	1	0	0	0	1	0	1	1	1	1	1	1
357	0	2	2	0	0	1	1	1	2	2	1	1	1	1	1	0	1	1	2	2	2	2	1	2	0	0	2	0	0	0	1	2	2	2	2	2	2	0	2	0	2	2	2	2	2	2	0	2	2	2	2	2	2	2	2	2	0	2	0	0	0	2	0	2	0	2	2	2	2	2	0	0	2	0	2	0	2	0	1	2	0	1	0	0	0	2	2	0	0	0	0	0	0	2	0	0	1	1	1	1	2	2	2	0	0	1	1	0	1	0	0	0	0	2	0	2	1	1	1	1	1	1	1	1	1	1	1	0	1	1	1	0	1	2	1	1	1	0	0	1	1	1	1	0	1	2	2	2	0	2	2	2	0	1	2	2	2	2	1	0	0	2	1	0	0	2	2	2	0	2	2	1	0	0	1	2	2	1	0	1	2	0	2	1	2	2	2	2
358	0	0	0	0	0	1	1	1	1	1	1	1	1	1	1	0	1	0	1	1	1	0	0	2	0	0	1	0	0	0	1	1	1	1	1	1	1	0	1	0	1	1	1	1	1	1	0	1	1	1	1	1	1	1	1	1	0	1	0	0	0	2	0	1	0	1	1	1	1	1	0	0	1	0	1	0	1	0	1	1	0	0	0	0	0	1	1	0	0	0	0	0	0	1	0	0	1	1	1	1	1	1	1	0	0	0	0	0	1	0	0	0	0	1	0	1	1	1	1	1	1	1	1	1	1	1	1	0	1	1	1	0	1	1	1	1	1	0	0	1	1	1	1	0	1	1	1	1	0	1	1	1	0	1	1	1	1	1	1	0	0	1	1	0	0	1	1	1	0	1	1	1	0	0	1	0	1	1	0	1	1	0	1	0	0	0	0	0
359	0	2	2	0	0	2	2	2	2	2	2	2	2	2	2	0	2	0	2	2	2	1	2	2	0	0	1	0	0	0	1	1	1	1	1	1	1	0	1	0	1	1	1	1	1	1	0	1	1	1	1	1	1	1	1	1	0	1	0	0	0	1	0	1	0	1	1	1	1	1	0	0	1	0	1	0	1	0	0	1	0	0	0	0	0	1	1	0	0	0	0	0	0	1	0	0	1	1	1	0	1	1	0	0	0	1	1	0	0	0	0	0	0	1	0	1	1	1	1	1	1	1	1	1	1	1	1	0	1	1	1	0	1	1	1	0	1	0	0	1	0	1	1	0	1	1	1	1	0	1	0	1	0	1	1	1	0	1	0	0	0	1	1	0	0	1	1	1	0	1	1	0	0	0	1	1	1	1	0	0	0	0	0	0	0	1	0	0
360	0	1	1	0	0	2	2	2	2	2	2	2	2	2	2	0	2	0	2	2	2	1	2	2	0	0	2	0	0	0	2	2	2	2	2	2	2	0	2	0	2	2	2	2	2	2	0	2	2	2	2	2	2	2	2	2	0	2	0	0	0	2	0	2	0	2	2	2	2	2	0	0	2	0	2	0	2	0	2	2	0	2	0	0	0	2	2	0	0	0	0	0	0	2	0	0	0	0	0	0	2	2	2	0	0	2	2	0	0	0	0	0	0	2	0	2	0	0	0	0	0	0	0	0	0	0	0	0	1	0	0	0	0	2	0	0	0	0	0	0	0	0	0	0	0	2	2	2	0	2	2	2	0	0	2	2	2	2	0	0	0	2	2	0	0	2	2	2	0	2	2	0	0	0	0	2	2	0	0	0	2	0	2	2	2	2	2	2
361	0	1	1	1	1	2	1	2	2	2	1	2	2	2	2	2	2	2	2	2	2	0	0	2	0	0	2	0	0	0	2	2	2	2	2	2	2	0	2	0	2	2	2	2	2	2	0	2	2	2	2	2	2	2	2	1	0	1	0	0	1	1	0	1	0	1	0	1	0	0	0	0	1	0	0	0	1	0	0	0	0	0	0	0	0	0	0	0	0	0	0	0	0	1	0	0	0	0	0	0	1	1	0	0	0	1	1	0	1	0	0	0	0	1	0	1	0	0	0	0	0	0	0	0	0	0	0	0	0	0	0	0	0	1	0	0	0	0	0	0	0	0	0	0	0	0	0	0	0	0	0	0	0	0	1	1	1	1	0	0	0	1	1	0	0	1	1	1	0	2	0	0	0	0	0	1	1	0	0	0	1	0	1	1	1	1	1	1
362	0	1	1	0	0	2	2	2	2	2	1	2	2	2	2	2	2	2	2	2	2	0	0	2	0	0	2	0	0	0	2	2	2	2	2	2	2	0	2	0	2	2	2	2	2	2	0	2	2	2	2	2	1	2	1	2	0	2	0	0	0	2	0	2	0	2	2	2	2	2	0	1	1	0	2	0	2	0	1	2	0	0	0	0	0	2	2	0	0	0	0	0	0	2	0	0	1	1	1	0	2	2	2	0	0	2	1	0	2	0	0	0	0	2	0	2	0	0	0	0	0	0	0	0	0	0	0	0	0	0	0	0	0	2	0	0	0	0	0	0	0	0	0	0	0	1	2	1	0	1	1	1	0	0	2	2	2	2	0	0	0	1	1	0	0	1	1	1	0	0	1	0	0	0	1	1	1	0	0	0	0	0	1	0	1	1	1	1
363	0	1	1	1	1	2	2	2	2	2	2	2	2	2	2	0	2	0	2	2	2	0	0	2	0	0	2	0	0	0	2	2	2	2	2	2	2	0	2	0	2	2	2	2	2	2	0	2	2	2	2	2	2	2	2	2	0	2	0	0	0	2	0	2	0	2	2	2	2	2	0	0	2	0	2	0	2	0	1	2	0	0	0	0	0	2	2	0	0	0	0	0	0	2	0	0	2	1	1	1	2	2	2	0	0	0	0	0	2	0	0	0	0	2	0	2	2	2	2	2	2	2	2	2	2	2	2	0	1	2	2	0	2	2	2	2	2	0	0	2	2	2	2	0	2	2	2	2	0	2	2	2	0	2	2	2	2	2	2	0	0	2	2	0	0	2	2	2	0	2	2	2	0	0	2	2	2	2	0	2	2	0	2	0	2	2	2	2
364	1	2	2	1	1	2	1	2	2	2	1	1	2	2	2	1	2	1	2	2	2	1	1	2	0	0	2	0	0	0	2	2	2	2	2	2	2	0	2	0	2	2	2	2	2	2	0	2	2	2	2	2	2	2	2	2	0	1	0	0	1	2	0	1	0	2	1	2	1	1	0	0	1	0	1	0	2	0	1	1	0	0	0	0	0	1	1	0	0	0	0	0	0	2	0	0	1	1	1	0	2	2	0	0	0	2	2	0	1	0	0	0	0	2	0	1	1	1	1	1	1	2	1	1	1	1	1	0	1	1	1	0	1	2	1	0	1	0	0	1	0	1	1	0	1	1	1	1	0	1	0	1	0	1	2	2	1	2	0	0	0	2	2	0	0	2	2	2	0	2	1	0	0	0	1	2	2	1	0	0	1	0	1	1	1	2	1	1
365	1	1	1	1	1	1	1	1	1	1	1	1	1	1	1	0	1	0	1	1	1	0	0	2	0	0	1	0	0	0	1	1	1	1	1	1	1	0	1	0	1	1	1	1	1	1	0	1	1	1	1	1	1	1	1	1	0	1	0	0	0	2	0	1	0	1	1	1	1	1	0	0	1	0	0	0	1	0	1	1	0	0	0	0	0	1	1	0	0	0	0	0	0	1	0	0	1	1	1	1	1	1	1	0	0	0	0	0	1	0	0	0	0	1	0	1	1	1	1	1	1	1	1	1	1	1	1	0	1	1	1	0	1	1	1	1	1	0	0	1	1	1	1	0	1	1	1	1	0	1	1	1	0	1	1	1	1	1	0	0	0	1	1	0	0	1	1	1	0	1	1	1	0	0	1	1	1	1	0	1	1	0	1	0	1	1	1	1
366	1	2	2	0	0	2	2	2	2	2	2	1	2	2	2	2	2	2	2	2	2	0	2	2	0	0	1	0	0	0	2	2	2	2	2	2	2	0	2	0	2	2	2	2	2	2	0	2	2	2	2	2	2	2	2	2	0	2	0	0	0	2	0	2	0	2	2	2	2	2	0	0	2	0	2	0	2	0	1	2	0	0	0	0	0	2	2	0	0	0	0	0	0	2	0	1	1	1	1	0	2	2	1	0	0	2	2	0	1	0	0	0	0	2	0	1	1	1	1	1	1	1	1	1	1	1	1	0	1	1	1	0	1	2	1	0	1	0	0	1	0	1	1	0	1	1	1	1	0	1	0	1	0	0	2	2	1	2	0	0	0	2	2	0	0	2	2	2	0	2	1	0	0	0	0	2	2	0	0	0	2	0	2	1	2	2	2	2
367	0	1	1	1	1	1	1	1	1	1	1	1	1	1	1	1	1	1	1	1	1	1	1	2	1	0	1	0	0	0	1	1	1	1	1	1	1	0	1	0	1	1	1	1	1	1	0	1	0	1	1	1	1	1	1	0	0	0	0	0	1	2	0	0	0	1	0	1	0	0	0	0	1	0	0	0	1	0	1	1	0	1	0	0	0	1	1	0	0	0	0	0	0	1	0	1	1	1	1	0	1	1	1	0	0	1	1	0	0	0	0	0	0	1	0	1	0	0	0	0	0	0	0	0	0	0	0	0	0	0	0	0	0	1	0	0	0	0	0	0	0	1	0	0	0	1	1	1	0	1	1	1	0	0	1	1	1	1	1	0	0	1	1	0	0	1	1	1	0	2	1	0	0	0	0	1	1	0	0	0	1	0	0	0	0	1	1	1
368	0	2	2	0	0	2	2	2	2	2	2	2	2	2	2	2	2	2	2	2	2	0	0	1	0	0	1	0	0	0	1	1	1	1	1	1	1	0	1	0	1	1	1	1	1	1	0	1	0	1	1	1	1	1	1	0	0	0	0	0	1	1	0	0	0	1	1	1	1	1	0	0	1	0	0	0	1	0	1	1	0	0	0	0	0	1	1	0	0	0	0	0	0	1	0	0	1	1	1	0	1	1	1	0	0	0	0	0	0	0	0	0	0	1	0	1	1	1	1	1	1	1	1	1	1	1	0	0	1	1	1	0	1	1	1	1	1	0	0	1	1	1	1	0	1	1	1	1	0	1	1	1	0	1	1	1	1	1	1	0	0	1	1	0	0	0	0	1	0	0	0	0	0	0	0	1	0	0	0	0	0	0	0	0	0	0	0	0
369	0	0	0	0	0	2	2	2	2	2	2	2	2	2	2	0	2	0	2	2	2	1	1	2	0	0	2	0	0	0	2	2	2	2	2	2	2	0	2	0	2	2	2	2	2	2	0	2	2	2	2	2	2	2	2	2	0	2	0	0	0	2	0	2	0	2	2	2	2	2	0	0	2	0	2	0	2	0	1	2	0	1	0	0	0	2	2	0	0	0	0	0	0	2	0	0	1	1	1	0	2	2	2	0	0	1	1	0	1	0	0	0	0	2	0	2	1	1	1	1	1	1	1	1	1	1	1	0	1	1	1	0	1	2	1	1	1	0	0	1	1	1	1	0	1	2	2	2	0	2	2	2	0	1	2	2	2	2	1	0	0	2	2	0	0	2	2	2	0	2	2	1	0	0	1	2	2	1	0	1	2	0	2	1	2	2	2	2
370	1	1	1	1	1	1	1	1	1	1	0	1	1	1	1	1	1	1	1	1	1	0	1	2	0	0	0	0	0	0	0	0	0	0	0	0	0	0	0	0	0	0	0	0	0	0	0	0	0	0	0	0	0	0	0	0	0	0	0	0	0	1	0	0	0	1	1	1	1	1	0	1	0	0	1	0	1	0	1	1	0	0	0	0	0	1	1	0	0	0	0	0	0	1	0	1	1	1	1	0	1	1	1	0	0	1	1	0	1	0	0	0	0	1	0	1	0	0	0	0	0	0	0	0	0	0	0	0	0	0	0	0	0	1	0	0	0	0	0	0	0	0	0	0	0	0	1	0	0	0	0	0	0	0	1	1	1	1	0	0	0	0	0	0	0	0	0	0	0	0	0	0	0	0	0	0	0	0	0	0	0	0	0	0	0	0	0	0
371	0	1	1	1	1	2	1	2	2	2	1	1	2	2	2	1	2	1	2	2	2	0	0	2	0	0	2	0	0	0	2	2	2	2	2	2	2	0	2	0	2	2	2	2	2	2	0	2	2	2	2	2	2	2	2	1	0	1	0	0	1	1	0	1	0	2	1	2	1	1	0	0	2	0	1	0	2	0	1	1	0	0	0	0	0	1	1	0	0	0	0	0	0	2	0	0	1	1	0	0	2	2	1	0	0	1	1	0	2	0	0	0	0	2	0	1	1	1	1	1	1	1	1	1	1	1	1	0	1	1	1	0	1	2	1	1	1	0	0	1	1	1	1	0	1	1	1	1	0	1	1	1	0	1	2	2	2	2	1	0	0	1	1	0	0	1	1	1	0	1	0	0	0	0	0	1	1	0	0	0	1	0	1	1	1	1	2	2
372	0	1	1	1	1	1	1	1	1	1	1	1	1	1	1	0	1	0	1	1	1	0	1	2	0	0	0	0	0	0	0	0	0	0	0	0	0	0	0	0	0	0	0	0	0	0	0	0	0	0	0	0	0	0	0	0	0	0	0	0	0	1	0	0	0	1	1	1	1	1	0	0	1	0	1	0	1	0	1	1	0	0	0	0	0	1	1	0	0	0	0	0	0	1	0	0	1	1	1	1	1	1	1	0	0	0	0	0	1	0	0	0	0	1	0	1	1	1	1	1	1	1	1	1	1	1	1	0	1	1	1	0	1	1	1	1	1	0	0	1	1	1	1	0	1	1	1	1	0	1	1	1	0	1	1	1	1	1	1	0	0	1	1	0	0	1	1	1	0	1	1	1	0	0	1	1	1	1	0	1	1	0	1	0	1	1	1	1
