29	0
30	0
31	0
32	0
33	1
34	1
35	0
36	1
37	1
38	1
39	1
40	0
296	2
297	1
298	0
299	1
300	0
301	0
302	0
303	0
304	0
305	0
306	0
307	0
308	2
309	1
310	0
311	0
312	0
313	0
314	0
315	0
316	0
317	0
318	0
319	1
320	0
321	1
322	1
323	0
324	1
325	1
326	0
327	1
328	1
329	1
330	0
331	1
332	0
333	1
334	1
335	1
336	1
337	0
338	1
339	0
340	0
341	1
342	0
343	0
344	1
345	0
346	1
347	0
348	1
349	1
350	1
351	0
352	1
353	0
354	0
355	0
356	0
357	0
358	1
359	0
360	0
361	0
362	1
363	1
364	1
365	1
366	1
367	2
368	1
369	1
370	0
371	0
372	1
